time (hr),demand (kW),solar capacity factor (-),wind capacity factor (-),dispatch natgas (kW),dispatch natgas ccs (kW),dispatch solar (kW),dispatch wind (kW),dispatch nuclear (kW),dispatch to storage (kW),dispatch from storage (kW),energy storage (kWh),dispatch to pgp storage (kW),dispatch pgp storage (kW),energy pgp storage (kWh),dispatch unmet demand (kW),cutailment solar (kW),cutailment wind (kW),cutailment nuclear (kW),price ($/kWh)
0.0,1.2116575452696388,0.002022982,0.270847194,0.0,0.0,0.0021409149497998888,0.6888240748780945,0.0,0.0,0.2932786472456189,1.7620181126516783,0.0,0.2274139081961254,105.03876017210852,0.0,0.0,0.0,0.0,0.04072131164105964
1.0,1.2096018486860602,0.0,0.274821448,0.0,0.0,0.0,0.6989314782240584,0.0,0.0,0.04089205418336055,1.4687374652864391,0.0,0.46977831627864125,104.81134506569325,0.0,0.0,1.1102230246251565e-16,0.0,0.04072131210558393
2.0,1.1913018663909964,0.0,0.276146649,0.0,0.0,0.0,0.7023017562740963,0.0,0.0,0.0,1.4278437438951197,0.0,0.48900011011690003,104.34156555378968,0.0,0.0,0.0,0.0,0.040721312570108234
3.0,1.1677984021187497,0.0,0.273340059,0.0,0.0,0.0,0.695163979685899,0.0,0.0,0.0,1.4278421231068505,0.0,0.47263442243285064,103.8525642534068,0.0,0.0,1.1102230246251565e-16,0.0,0.04072131303463255
4.0,1.1480487254621414,0.0,0.262454067,0.0,0.0,0.0,0.6674785041312572,0.0,0.0,0.0,1.4278405023204215,0.0,0.4805702213308842,103.3799286462862,0.0,0.0,0.0,0.0,0.040721313499156864
5.0,1.1281941226257464,0.0,0.252559161,0.0,0.0,0.0,0.6423135785848779,0.0,0.0,0.0,1.427838881535832,0.0,0.48588054404086833,102.8993572456591,0.0,0.0,1.1102230246251565e-16,0.0,0.04072131396368118
6.0,1.1155580126885627,0.0,0.247681079,0.0,0.0,0.0,0.6299075415453012,0.0,0.0,0.0,1.4278372607530825,0.0,0.48565047114326165,102.41347552780411,0.0,0.0,0.0,0.0,0.0407213144282055
7.0,1.1080311653018147,0.0,0.245285879,0.0,0.0,0.0,0.6238160203455355,0.0,0.0,0.0,1.4278356399721726,0.0,0.4842151449562791,101.92782388838937,0.0,0.0,1.1102230246251565e-16,0.0,0.04072131489272983
8.0,1.1010910479816296,0.0,0.242146792,0.0,0.0,0.0,0.6158326306459662,0.0,0.0,0.0,1.4278340191931025,0.0,0.4852584173356634,101.44360758070162,0.0,0.0,1.1102230246251565e-16,0.0,0.040721315357254165
9.0,1.1046799516004602,0.0,0.240808832,0.0,0.0,0.0,0.6124299036484552,0.0,0.0,0.0,1.4278323984158725,0.0,0.49225004795200494,100.95834800615816,0.0,0.0,1.1102230246251565e-16,0.0,0.0407213158217785
10.0,1.1162667997397757,0.0,0.241095621,0.0,0.0,0.0,0.6131592712475532,0.0,0.0,0.0,1.427830777640482,0.0,0.5031075284922224,100.46609680653388,0.0,0.0,1.1102230246251565e-16,0.0,0.04072131628630284
11.0,1.1340400097852976,0.0,0.239250483,0.0,0.0,0.0,0.6084666788780255,0.0,0.0,0.011829443142474775,1.4278291568669315,0.0,0.5137438877647974,99.9629881319847,0.0,0.0,0.0,0.0,0.04072177434829991
12.0,1.156661237607092,0.0,0.233797563,0.0,0.0,0.0,0.5945987021827075,0.0,0.0,0.048318647659587155,1.4159980929527458,0.0,0.5137438877647974,99.44924310390212,0.0,0.0,1.1102230246251565e-16,0.0,0.0407218205728601
13.0,1.1776850178753973,0.0,0.228031707,0.0,0.0,0.0,0.579934860307793,0.0,0.0,0.08400626980280693,1.3676778379512433,0.0,0.5137438877647974,98.93549808168004,0.0,0.0,0.0,0.0,0.04072186679747276
14.0,1.1889313912680575,0.073691983,0.222339816,0.0,0.0,0.07798797423066506,0.5654591277204287,0.0,0.0,0.03174040155216624,1.2836700156562921,0.0,0.5137438877647974,98.42175306531843,0.0,0.0,0.0,0.0,0.04072191302213789
15.0,1.1938672044192535,0.392796165,0.197158781,0.0,0.0,0.41569484151246217,0.5014182089935841,0.0,0.0,0.0,1.2519281569717813,0.0,0.27675415391320707,97.90800805481732,0.0,0.0,0.0,0.0,0.040721318608924646
16.0,1.1898971403922178,0.566870317,0.165461781,0.0,0.0,0.5999169227719783,0.42080575597547765,0.0,0.0,0.0,1.2519267358705723,0.0,0.16917446164476185,97.63125278402829,0.0,-1.1102230246251565e-16,5.551115123125783e-17,0.0,0.040721319073449024
17.0,1.1807492905952939,0.584959422,0.144656312,0.0,0.0,0.6190605608878882,0.3678928654091096,0.0,0.0,0.0,1.2519253147709766,0.0,0.19379586429829615,97.46207720866478,0.0,0.0,0.0,0.0,0.0407213195379734
18.0,1.1644086441064532,0.548865303,0.140981722,0.0,0.0,0.5808622778745168,0.35854757362326856,0.0,0.0,0.0,1.2519238936729942,0.0,0.22499879260866776,97.26828023257758,0.0,0.0,0.0,0.0,0.040721320002497785
19.0,1.1518346333368983,0.529070696,0.14460458,0.0,0.0,0.5599137128098185,0.36776129953790626,0.0,0.0,0.0,1.2519224725766247,0.0,0.22415962098917347,97.04328033039073,0.0,0.0,0.0,0.0,0.040721320467022176
20.0,1.1426996316436218,0.545293524,0.149326342,0.0,0.0,0.5770822763428762,0.3797697803842854,0.0,0.0,0.0,1.2519210514818684,0.0,0.18584757491646023,96.81911960239005,0.0,-1.1102230246251565e-16,0.0,0.0,0.040721320931546574
21.0,1.1557918492602868,0.568797545,0.152196335,0.0,0.0,0.6019565015902144,0.3870688047675013,0.0,0.0,0.0,1.2519196303887254,0.0,0.16676654290257126,96.63327092301915,0.0,-1.1102230246251565e-16,0.0,0.0,0.040721321396070986
22.0,1.2064347911369846,0.499665692,0.157201758,0.0,0.0,0.528794497383025,0.39979869801996204,0.0,0.0,0.0,1.2519182092971952,0.0,0.2778415957339976,96.46650327778221,0.0,0.0,5.551115123125783e-17,0.0,0.04072132186059539
23.0,1.255651593508825,0.192462966,0.181682449,0.0,0.0,0.20368290038775816,0.4620584876873842,0.0,0.0,0.07616631766888522,1.2519167882072784,0.0,0.5137438877647974,96.18866058161622,0.0,-2.7755575615628914e-17,5.551115123125783e-17,0.0,0.040722329046485255
24.0,1.2849324217211704,0.001861837,0.202969574,0.0,0.0,0.0019703757459980245,0.5161963355579418,0.0,0.0,0.25302182265243334,1.1757490494500893,0.0,0.5137438877647974,95.67491559658889,0.0,0.0,0.0,0.0,0.04072237527167509
25.0,1.2920374230381633,0.0,0.211225971,0.0,0.0,0.0,0.5371941717967447,0.0,0.0,0.24109936347662136,0.9227258921696374,0.0,0.5137438877647974,95.16117061742206,0.0,0.0,0.0,0.0,0.040722421496917405
26.0,1.2783135069921694,0.0,0.211895965,0.0,0.0,0.0,0.5388981141208576,0.0,0.0,0.22567150510651443,0.6816254812791741,0.0,0.5137438877647974,94.64742564411571,0.0,0.0,0.0,0.0,0.04072246772221219
27.0,1.2484545141156926,0.0,0.214355818,0.0,0.0,0.0,0.5451540621409842,0.0,0.0,0.18955656420991113,0.4559532024391271,0.0,0.5137438877647974,94.13368067666987,0.0,0.0,0.0,0.0,0.04072251394755945
28.0,1.2128866805185698,0.0,0.221920502,0.0,0.0,0.0,0.5643927198545476,0.0,0.0,0.1347500728992249,0.2663961206630573,0.0,0.5137438877647974,93.61993571508454,0.0,0.0,0.0,0.0,0.04072256017295917
29.0,1.1863382156818976,0.0,0.228137587,0.0,0.0,0.0,0.580204136470381,0.0,0.0,0.092390191446719,0.13164574536960397,0.0,0.5137438877647974,93.10619075935968,0.0,0.0,1.1102230246251565e-16,0.0,0.040722606398411375
30.0,1.161374350295067,0.0,0.239214475,0.0,0.0,0.0,0.6083751026024071,0.0,0.0,0.0392553599278627,0.03925540448785,0.0,0.5137438877647974,92.59244580949532,0.0,0.0,0.0,0.0,0.04072265262391605
31.0,1.1492864261135043,0.0,0.255139109,0.0,0.0,0.0,0.6488749546437844,0.0,0.0,0.0,0.0,0.0,0.50041147146972,92.07870086549146,0.0,0.0,0.0,0.0,0.040721326041315294
32.0,1.14937208013782,0.0,0.27224264,0.0,0.0,0.0,0.692373001436264,0.0,0.0,0.0,0.0,0.0,0.456999078701556,91.57828834364315,0.0,0.0,1.1102230246251565e-16,0.0,0.04072132650583977
33.0,1.163723411911927,0.0,0.284032874,0.0,0.0,0.0,0.7223581635777123,0.0,0.0,0.0,0.0,0.0,0.4413652483342148,91.12128822027142,0.0,0.0,-1.1102230246251565e-16,0.0,0.04072132697036423
34.0,1.197220559471216,0.0,0.297730735,0.0,0.0,0.0,0.7571948413803767,0.0,0.0,0.0,0.0,0.0,0.4400257180908394,90.67992193248024,0.0,0.0,0.0,0.0,0.0407213274348887
35.0,1.254034873799865,0.0,0.312481376,0.0,0.0,0.0,0.7947089706228744,0.0,0.0,0.0,0.0,0.0,0.4593259031769906,90.23989517996725,0.0,0.0,1.1102230246251565e-16,0.0,0.04072132789941318
36.0,1.309996930586572,0.0,0.324623704,0.0,0.0,0.0,0.8255895853634,0.0,0.0,0.0,0.0,0.0,0.48440734522317197,89.78056824738768,0.0,0.0,1.1102230246251565e-16,0.0,0.04072132836393765
37.0,1.3374661761846387,0.0,0.341340376,0.0,0.0,0.0,0.8681037645039841,0.0,0.0,0.0,0.0,0.0,0.46936241168065457,89.29615987800165,0.0,0.0,1.1102230246251565e-16,0.0,0.04072132882846215
38.0,1.340012242057425,0.086175999,0.350141382,0.0,0.0,0.09119976577796553,0.8904866613928718,0.0,0.0,0.0,0.0,0.0,0.35832581488658766,88.82679644768398,0.0,0.0,1.1102230246251565e-16,0.0,0.040721329292986636
39.0,1.3296117021548828,0.388952263,0.310976023,0.0,0.0,0.4116268531381882,0.7908805263540741,0.0,0.0,0.0,0.0,0.0,0.12710432266262056,88.46846961951458,0.0,-5.551115123125783e-17,0.0,0.0,0.04072132975751113
40.0,1.3074872676741198,0.521500834,0.299015891,0.0,0.0,0.5519025536775464,0.7604632761745507,0.0,0.0,0.0,0.0,0.004878562177977227,0.0,88.34136428765673,0.0,0.0,1.1102230246251565e-16,0.0,0.019953451808797464
41.0,1.2786496990376088,0.533686072,0.320008689,0.0,0.0,0.5647981494866389,0.8138525856515865,0.0,0.0,0.0,0.0,0.10000103610061643,0.0,88.34375377537867,0.0,0.0,0.0,0.0,0.019953452036414472
42.0,1.2542040404978885,0.519153744,0.353195172,0.0,0.0,0.5494186363369443,0.8982531220327483,0.0,0.0,0.0,0.0,0.1934677178718042,0.0,88.39275327529543,0.0,0.0,0.0,0.0,0.019953452264031484
43.0,1.2337969692046569,0.511316552,0.376841343,0.0,0.0,0.5411245627775889,0.9583905435172928,0.0,0.04903137825482821,0.0,0.0,0.21668675883539654,0.0,88.48755144872112,0.0,-1.1102230246251565e-16,1.1102230246251565e-16,0.0,0.01995343006950273
44.0,1.2222079797147334,0.52889684,0.392067702,0.0,0.0,0.5597297215980764,0.9971145284219944,0.0,0.18845683225084695,0.0,0.04412824042934539,0.1461794380544905,0.0,88.59372695113757,0.0,0.0,0.0,0.0,0.019953452719265515
45.0,1.2350518006608828,0.549670191,0.400366997,0.0,0.0,0.5817140880992814,1.0182214637241018,0.0,0.2932786472456189,0.0,0.2137393393638181,0.07160510391688159,0.0,88.66535386516018,0.0,-1.1102230246251565e-16,2.220446049250313e-16,0.0,0.019953452946882534
46.0,1.281516967501579,0.453002228,0.439513771,0.0,0.0,0.4794107126103237,1.1177803330141116,0.0,0.2932786472456189,0.0,0.4776898792629388,0.022395430877237357,0.0,88.70043935463829,0.0,-5.551115123125783e-17,0.0,0.0,0.019953453174499557
47.0,1.3319029473053297,0.122446832,0.497341583,0.0,0.0,0.12958506461472985,1.2648491968810354,0.0,0.06253131419043571,0.0,0.7416401195438832,0.0,0.0,88.71141210392675,0.0,0.0,2.220446049250313e-16,0.0,0.019953520668708133
48.0,1.3532586369178585,0.000871135,0.529499074,0.0,0.0,0.0009219191988826031,1.3466327799462365,0.0,0.0,0.005703937772739489,0.7979174604573264,0.0,0.0,88.71141109196019,0.0,-1.0842021724855044e-19,0.0,0.0,0.02217060368730418
49.0,1.3547532996421685,0.0,0.535884875,0.0,0.0,0.0,1.3628732785137818,0.0,0.008119978871613398,0.0,0.79221261694454,0.0,0.0,88.71141007999363,0.0,0.0,0.0,0.0,0.0199535659684651
50.0,1.3297808688529065,0.0,0.532856932,0.0,0.0,0.0,1.3551725524883218,0.0,0.02539168363541518,0.0,0.7995196986646842,0.0,0.0,88.7114090680271,0.0,0.0,0.0,0.0,0.019953588618382145
51.0,1.287206536066754,0.0,0.531539156,0.0,0.0,0.0,1.3518211578488168,0.0,0.06461462178206298,0.0,0.8223713063777623,0.0,0.0,88.71140805606056,0.0,0.0,0.0,0.0,0.019953611268324907
52.0,1.2421268230693652,0.0,0.526815984,0.0,0.0,0.0,1.3398090910618516,0.0,0.09768226799248633,0.0,0.8805235324832781,0.0,0.0,88.71140704409405,0.0,0.0,0.0,0.0,0.019953633918293377
53.0,1.2038865839135906,0.0,0.525942978,0.0,0.0,0.0,1.3375888445035173,0.0,0.1337022605899267,0.0,0.9684365741678383,0.0,0.0,88.71140603212753,0.0,0.0,0.0,0.0,0.019953656568287556
54.0,1.1788606193591311,0.0,0.530330582,0.0,0.0,0.0,1.3487474879496497,0.0,0.1698868685905186,0.0,1.0887675093973639,0.0,0.0,88.71140502016105,0.0,0.0,0.0,0.0,0.019953679218307447
55.0,1.1633272620494666,0.0,0.529861155,0.0,0.0,0.0,1.3475536316861882,0.0,0.18422636963672173,0.0,1.2416644552361678,0.0,0.0,88.71140400819456,0.0,0.0,0.0,0.0,0.01995370186835305
56.0,1.155344306983237,0.0,0.524244192,0.0,0.0,0.0,1.3332684575074982,0.0,0.17792415052426125,0.0,1.4074667784586443,0.0,0.0,88.71140299622807,0.0,0.0,2.220446049250313e-16,0.0,0.01995372451842436
57.0,1.1650232117309187,0.0,0.514228388,0.0,0.0,0.0,1.3077960617164592,0.0,0.1427728499855406,0.0,1.567596916272715,0.0,0.0,88.71140198426163,0.0,0.0,2.220446049250313e-16,0.0,0.01995374716852138
58.0,1.1932183751850618,0.0,0.497980142,0.0,0.0,0.0,1.2664731930758424,0.0,0.07325481789078052,0.0,1.6960907018334141,0.0,0.0,88.71140097229517,0.0,0.0,0.0,0.0,0.01995376981864412
59.0,1.2449062961584119,0.0,0.47871924,0.0,0.0,0.0,1.2174884766180907,0.0,0.0,0.0,1.7620181126516783,0.0,0.027417819540321235,88.71139996032873,0.0,0.0,0.0,0.0,0.0407213390480022
60.0,1.2950288898373914,0.0,0.459722775,0.0,0.0,0.0,1.1691762816998774,0.0,0.0,0.0,1.7620161125320581,0.0,0.12585260813751395,88.68398112882198,0.0,0.0,0.0,0.0,0.04072133951252682
61.0,1.3152839252374626,0.0,0.433833591,0.0,0.0,0.0,1.1033343840793735,0.0,0.0,0.0,1.7620141124147082,0.0,0.21194954115808906,88.55812750903083,0.0,0.0,2.220446049250313e-16,0.0,0.040721339977051435
62.0,1.3108470467779059,0.061014938,0.354665261,0.0,0.0,0.06457190075112548,0.9019918821818139,0.0,0.0,0.0,1.7620121122996288,0.0,0.3442832638449663,88.34617695765475,0.0,-1.3877787807814457e-17,1.1102230246251565e-16,0.0,0.04072134044157605
63.0,1.2919539103644555,0.424546101,0.288179064,0.0,0.0,0.44929569047581913,0.7329028380446694,0.0,0.0,0.0,1.76201011218682,0.0,0.10975538184396702,88.00189268600961,0.0,0.0,1.1102230246251565e-16,0.0,0.040721340906100675
64.0,1.2653604771650173,0.537881346,0.249260349,0.0,0.0,0.5692379936499122,0.6339239730270787,0.0,0.0,0.0,1.7620081120762812,0.0,0.06219851048802645,87.89213630029285,0.0,-1.1102230246251565e-16,0.0,0.0,0.0407213413706253
65.0,1.234441515737633,0.541613463,0.221718316,0.0,0.0,0.5731876803400074,0.5638785163202724,0.0,0.0,0.0,1.762006111968013,0.0,0.09737531907735314,87.82993678718407,0.0,0.0,1.1102230246251565e-16,0.0,0.04072134183514995
66.0,1.2038266260965695,0.511624405,0.205629316,0.0,0.0,0.54145036255734,0.5229606453353743,0.0,0.0,0.0,1.762004111862015,0.0,0.13941561820385515,87.73256046619548,0.0,0.0,1.1102230246251565e-16,0.0,0.04072134229967459
67.0,1.1782289209298022,0.493295468,0.199457562,0.0,0.0,0.5220529110539455,0.5072645154377717,0.0,0.0,0.0,1.7620021117582876,0.0,0.14891149443808502,87.59314384719121,0.0,0.0,1.1102230246251565e-16,0.0,0.04072134276419923
68.0,1.1658026633521923,0.498724734,0.193911704,0.0,0.0,0.5277986847414228,0.49316017693664893,0.0,0.0,0.0,1.7620001116568302,0.0,0.1448438016741207,87.44423135354309,0.0,0.0,0.0,0.0,0.04072134322872389
69.0,1.1712459765974592,0.488431454,0.191458978,0.0,0.0,0.5169053416298794,0.4869223544474138,0.0,0.0,0.0,1.7619981115576437,0.0,0.16741828052016608,87.29938655435765,0.0,-1.1102230246251565e-16,0.0,0.0,0.04072134369324854
70.0,1.2051863837325825,0.38571111,0.208776421,0.0,0.0,0.40819675197451555,0.5309644265750989,0.0,0.0,0.0,1.7619961114607272,0.0,0.26602520518296807,87.13196727797848,0.0,0.0,0.0,0.0,0.04072134415777321
71.0,1.2505209174523104,0.093393891,0.230912133,0.0,0.0,0.09883843625987838,0.5872604181081252,0.0,0.0,0.050678175319509376,1.7619941113660813,0.0,0.5137438877647974,86.86594107884628,0.0,0.0,0.0,0.0,0.04524543003294895
72.0,1.2774398359441486,0.000681703,0.256885683,0.0,0.0,0.0007214439594734078,0.6533168770502471,0.0,0.0,0.10965762716963086,1.7113139359541962,0.0,0.5137438877647974,86.35219620016696,0.0,0.0,0.0,0.0,0.04524548139245225
73.0,1.2842771684351546,0.0,0.265720498,0.0,0.0,0.0,0.6757857576733712,0.0,0.0,0.09474752299698598,1.6016543662207774,0.0,0.5137438877647974,85.83845132734811,0.0,0.0,0.0,0.0,0.04524553275201384
74.0,1.267169918428688,0.0,0.262379618,0.0,0.0,0.0,0.6672891639250942,0.0,0.0,0.08613686673879639,1.5069050251378706,0.0,0.5137438877647974,85.32470646038976,0.0,0.0,1.1102230246251565e-16,0.0,0.045245584111633735
75.0,1.2323087305321703,0.0,0.263376006,0.0,0.0,0.0,0.6698231980872486,0.0,0.0,0.04874164468012423,1.4207664478659732,0.0,0.5137438877647974,84.8109615992919,0.0,0.0,1.1102230246251565e-16,0.0,0.04524563547131192
76.0,1.1928050945177382,0.0,0.265807959,0.0,0.0,0.0,0.6760081902617364,0.0,0.0,0.0030530164912044764,1.372023190431231,0.0,0.5137438877647974,84.29721674405455,0.0,0.0,1.1102230246251565e-16,0.0,0.04524568683104841
77.0,1.157993157685202,0.0,0.265026025,0.0,0.0,0.0,0.6740195598601761,0.0,0.0,0.0,1.3689686165153423,0.0,0.4839735978250261,83.78347189467767,0.0,0.0,0.0,0.0,0.04072134740944598
78.0,1.1358987021129496,0.0,0.264021562,0.0,0.0,0.0,0.671464989194311,0.0,0.0,0.0,1.3689670625579966,0.0,0.4644337129186387,83.29949734110106,0.0,0.0,0.0,0.0,0.04072134787397069
79.0,1.1240463264982554,0.0,0.265130411,0.0,0.0,0.0,0.6742850364516753,0.0,0.0,0.0,1.3689655086024148,0.0,0.44976129004658016,82.83506267795174,0.0,0.0,0.0,0.0,0.04072134833849541
80.0,1.1216180349089033,0.0,0.264544134,0.0,0.0,0.0,0.6727940048992224,0.0,0.0,0.0,1.3689639546485972,0.0,0.4488240300096809,82.38530044297246,0.0,0.0,1.1102230246251565e-16,0.0,0.04072134880302012
81.0,1.130977878416009,0.0,0.258590864,0.0,0.0,0.0,0.6576535279399169,0.0,0.002702127045639163,0.0,1.3689624006965433,0.0,0.4760264775217312,81.9364754731607,0.0,0.0,1.1102230246251565e-16,0.0,0.04072134926754484
82.0,1.157468526786268,0.0,0.254402685,0.0,0.0,0.0,0.647002066196884,0.0,0.00327742717541329,0.0,1.3713927610873287,0.0,0.5137438877647974,81.46044806095682,0.0,0.0,0.0,0.0,0.04072139549162251
83.0,1.2152079045775273,0.0,0.252655598,0.0,0.0,0.0,0.6425588391184208,0.0,0.0,0.05890517769430917,1.3743408888361357,0.0,0.5137438877647974,80.9467032439401,0.0,0.0,0.0,0.0,0.04524604635083627
84.0,1.2762021352927857,0.0,0.250112999,0.0,0.0,0.0,0.63609244979352,0.0,0.0,0.12636579773446835,1.3154341510862535,0.0,0.5137438877647974,80.43295843278389,0.0,0.0,0.0,0.0,0.04524609771103916
85.0,1.3034229842203366,0.0,0.243633942,0.0,0.0,0.0,0.619614780676123,0.0,0.0,0.17006431577941641,1.189066860163017,0.0,0.5137438877647974,79.91921362748816,0.0,0.0,0.0,0.0,0.045246149071300354
86.0,1.3055322145691126,0.034497784,0.229856554,0.0,0.0,0.03650888712829249,0.5845758481947454,0.0,0.0,0.17070359148127734,1.0190011946381357,0.0,0.5137438877647974,79.40546882805292,0.0,0.0,0.0,0.0,0.04524620043161985
87.0,1.2873564306093066,0.308243507,0.183661452,0.0,0.0,0.32621305197725275,0.4670915282388621,0.0,0.019692037371605516,0.0,0.8482964464580324,0.0,0.5137438877647974,78.89172403447817,0.0,0.0,0.0,0.0,0.04072162661279788
88.0,1.2597629866759819,0.454263741,0.139433142,0.0,0.0,0.4807457675149481,0.35460919357169335,0.0,0.08933586217545683,0.0,0.8660183171657321,0.0,0.5137438877647974,78.37797924676393,0.0,-5.551115123125783e-17,0.0,0.0,0.040721672837190366
89.0,1.228891134961971,0.481205471,0.126447251,0.0,0.0,0.5092581084702666,0.3215832123073544,0.0,0.11569407358044714,0.0,0.9464196100802709,0.0,0.5137438877647974,77.86423446491015,0.0,-1.1102230246251565e-16,0.0,0.0,0.04072171906163533
90.0,1.201528956894299,0.463548594,0.128501078,0.0,0.0,0.49057189577233956,0.32680654677259774,0.0,0.12959337341543553,0.0,1.0505432019933811,0.0,0.5137438877647974,77.3504896889169,0.0,-5.551115123125783e-17,0.0,0.0,0.040721765286132756
91.0,1.1784944484051811,0.453469252,0.13336268,0.0,0.0,0.47990496251641046,0.3391706715420628,0.0,0.15432507341808946,0.0,1.1671760455641684,0.0,0.5137438877647974,76.83674491878412,0.0,0.0,-5.551115123125783e-17,0.0,0.04072181151068265
92.0,1.164592800258732,0.464841476,0.134490775,0.0,0.0,0.491940148382658,0.3420396656168162,0.0,0.18313090150553962,0.0,1.3060672867439043,0.0,0.5137438877647974,76.32300015451183,0.0,-5.551115123125783e-17,5.551115123125783e-17,0.0,0.040721857735285034
93.0,1.1737085297965377,0.484298505,0.133746632,0.0,0.0,0.5125314558015029,0.34014714605262236,0.0,0.1927139598223849,0.0,1.4708836155427307,0.0,0.5137438877647974,75.80925539610004,0.0,0.0,0.0,0.0,0.04072190395993987
94.0,1.2208139604689943,0.423451855,0.153232957,0.0,0.0,0.4481376536667132,0.389705162854151,0.0,0.13077274381666712,0.0,1.6443245097387587,0.0,0.5137438877647974,75.29551064354875,0.0,-5.551115123125783e-17,0.0,0.0,0.040721950184647186
95.0,1.272007229451921,0.167208832,0.187258472,0.0,0.0,0.17695653652250887,0.4762395424280657,0.0,0.0,0.10506726273654891,1.7620181126516783,0.0,0.5137438877647974,74.78176589685793,0.0,0.0,5.551115123125783e-17,0.0,11.233120496581082
96.0,1.2953201135200652,0.002138665,0.218050047,0.0,0.0,0.002263341874081816,0.554549300229782,0.0,0.0,0.22476358365140403,1.656948849795509,0.0,0.5137438877647974,74.26802115602763,0.0,-4.336808689942018e-19,0.0,0.0,11.233133247647626
97.0,1.301110325563811,0.0,0.234428404,0.0,0.0,0.0,0.5962030698034412,0.0,0.0,0.1911633679955725,1.4321833852917574,0.0,0.5137438877647974,73.7542764210578,0.0,0.0,0.0,0.0,11.233145998728643
98.0,1.28465832884336,0.0,0.237953088,0.0,0.0,0.0,0.6051671176109206,0.0,0.0,0.16574732346764204,1.2410183915818587,0.0,0.5137438877647974,73.24053169194846,0.0,0.0,0.0,0.0,11.233158749824135
99.0,1.2503753056109737,0.0,0.240884905,0.0,0.0,0.0,0.6126233740443428,0.0,0.0,0.12400804380183351,1.0752696593970097,0.0,0.5137438877647974,72.72678696869963,0.0,0.0,0.0,0.0,11.2331715009341
100.0,1.2103427559963915,0.0,0.24268664,0.0,0.0,0.0,0.6172055830243275,0.0,0.0,0.0793932852072667,0.9512603950243278,0.0,0.5137438877647974,72.21304225131128,0.0,0.0,1.1102230246251565e-16,0.0,11.23318425205854
101.0,1.1775843743968262,0.0,0.241480911,0.0,0.0,0.0,0.6141391485868392,0.0,0.0,0.04970133804518965,0.8718660300128489,0.0,0.5137438877647974,71.69929753978342,0.0,0.0,0.0,0.0,11.233197003197454
102.0,1.1544385156760977,0.0,0.241217958,0.0,0.0,0.0,0.6134704011861871,0.0,0.0,0.027224226725113213,0.8221637022863726,0.0,0.5137438877647974,71.18555283411605,0.0,0.0,0.0,0.0,11.233209754350844
103.0,1.1439908660601819,0.0,0.241617612,0.0,0.0,0.0,0.6144868093414856,0.0,0.0,0.015760168953898885,0.7949385422985761,0.0,0.5137438877647974,70.67180813430919,0.0,0.0,1.1102230246251565e-16,0.0,11.233222505518706
104.0,1.142530464945598,0.0,0.241052792,0.0,0.0,0.0,0.6130503476664474,0.0,0.0,0.015736229514353432,0.7791774709860896,0.0,0.5137438877647974,70.1580634403628,0.0,0.0,0.0,0.0,11.233235256701043
105.0,1.1528988845890218,0.0,0.236505374,0.0,0.0,0.0,0.6014852620154807,0.0,0.0,0.037669734808743714,0.7634403570040136,0.0,0.5137438877647974,69.6443187522769,0.0,0.0,0.0,0.0,11.233248007897853
106.0,1.1824687951334327,0.0,0.233989417,0.0,0.0,0.0,0.5950866291651139,0.0,0.0,0.07363827820352134,0.7257697555912174,0.0,0.5137438877647974,69.13057407005151,0.0,0.0,0.0,0.0,11.233260759109138
107.0,1.2350796382187854,0.0,0.235434467,0.0,0.0,0.0,0.5987617096217444,0.0,0.0,0.1225740408322437,0.6521306535446734,0.0,0.5137438877647974,68.6168293936866,0.0,0.0,0.0,0.0,11.233273510334898
108.0,1.2927055244278263,0.0,0.238115813,0.0,0.0,0.0,0.6055809631299719,0.0,0.0,0.17338067353305694,0.5295558724593609,0.0,0.5137438877647974,68.10308472318218,0.0,0.0,0.0,0.0,11.233286261575133
109.0,1.318189738012375,0.0,0.237044846,0.0,0.0,0.0,0.602857258143019,0.0,0.0,0.20158859210455857,0.3561745978115464,0.0,0.5137438877647974,67.58934005853826,0.0,0.0,1.1102230246251565e-16,0.0,11.23329901282984
110.0,1.3113202852622505,0.10701968,0.208291989,0.0,0.0,0.11325856227826059,0.5297324092914296,0.0,0.0,0.15458542592776298,0.1545856014025167,0.0,0.5137438877647974,67.07559539975482,0.0,0.0,0.0,0.0,11.233311764099023
111.0,1.2865470000795225,0.354513862,0.165523207,0.0,0.0,0.3751808108362283,0.4209619758240151,0.0,0.0,0.0,0.0,0.0,0.4904042134192791,66.56185074683187,0.0,-5.551115123125783e-17,0.0,0.0,0.04072136320328892
112.0,1.254942806457612,0.477934297,0.133286299,0.0,0.0,0.5057962361847017,0.3389764178343309,0.0,0.0,0.0,0.0,0.0,0.41017015243857946,66.07144577411493,0.0,-1.1102230246251565e-16,0.0,0.0,0.04072136366781381
113.0,1.2208118191183863,0.498637525,0.121284864,0.0,0.0,0.5277063917542103,0.30845412502783953,0.0,0.0,0.0,0.0,0.0,0.38465130233633643,65.66127486797293,0.0,0.0,0.0,0.0,0.0407213641323387
114.0,1.190055600337202,0.480220537,0.121080284,0.0,0.0,0.5082157561778754,0.30793383302422894,0.0,0.0,0.0,0.0,0.0,0.3739060111350979,65.27662281661217,0.0,-1.1102230246251565e-16,0.0,0.0,0.040721364596863596
115.0,1.1638390448447533,0.467270356,0.12540752,0.0,0.0,0.4945106238012578,0.31893894734887346,0.0,0.0,0.0,0.0,0.0,0.35038947369462214,64.90271606084052,0.0,0.0,5.551115123125783e-17,0.0,0.040721365061388494
116.0,1.1489095484065148,0.476767122,0.131900817,0.0,0.0,0.5045610188636712,0.33545283192296926,0.0,0.0,0.0,0.0,0.0,0.30889569761987445,64.55232584677465,0.0,0.0,-5.551115123125783e-17,0.0,0.0407213655259134
117.0,1.1609803417832145,0.47757392,0.145902318,0.0,0.0,0.5054148504349204,0.37106173312956514,0.0,0.0,0.0,0.0,0.0,0.28450375821872914,64.24342941278057,0.0,-1.1102230246251565e-16,0.0,0.0,0.04072136599043831
118.0,1.2012655707695281,0.40626808,0.17555905,0.0,0.0,0.4299521232015397,0.44648533520612044,0.0,0.0,0.0,0.0,0.0,0.324828112361868,63.95892492171135,0.0,-5.551115123125783e-17,0.0,0.0,0.04072136645496323
119.0,1.2406385843968788,0.144109709,0.237800691,0.0,0.0,0.15251081344738193,0.6047795384708569,0.0,0.02723896663392782,0.0,0.0,0.0,0.510587199112568,63.634096079744445,0.0,0.0,-1.1102230246251565e-16,0.0,0.040721366919488154
120.0,1.261159147272329,0.001120707,0.283779657,0.0,0.0,0.0011860403951421139,0.7217141769696458,0.0,0.0,0.024515042142743665,0.024515069970535038,0.0,0.5137438877647974,63.12350815473229,0.0,0.0,0.0,0.0,0.04524601460398428
121.0,1.2695725138107452,0.0,0.311269764,0.0,0.0,0.0,0.7916275744205155,0.0,0.0,0.0,0.0,0.0,0.4779449393902297,62.60976354689238,0.0,0.0,0.0,0.0,0.04072136784853802
122.0,1.2544717093238753,0.0,0.330214917,0.0,0.0,0.0,0.8398092716200403,0.0,0.0,0.0,0.0,0.0,0.414662437703835,62.13181789328753,0.0,0.0,0.0,0.0,0.04072136831306295
123.0,1.2293322531871973,0.0,0.343071489,0.0,0.0,0.0,0.8725063661817938,0.0,0.0,0.0,0.0,0.0,0.35682588700540346,61.717154746821194,0.0,0.0,1.1102230246251565e-16,0.0,0.04072136877758789
124.0,1.1951670042382454,0.0,0.346230855,0.0,0.0,0.0,0.8805413298452952,0.0,0.0,0.0,0.0,0.0,0.31462567439295014,61.36032815578352,0.0,0.0,0.0,0.0,0.04072136924211284
125.0,1.1670596361590262,0.0,0.342081107,0.0,0.0,0.0,0.8699876066006039,0.0,0.0,0.0,0.0,0.0,0.29707202955842227,61.04570178142876,0.0,0.0,0.0,0.0,0.0407213697066378
126.0,1.1440850854869293,0.0,0.335694613,0.0,0.0,0.0,0.8537453455814089,0.0,0.0,0.0,0.0,0.0,0.2903397399055204,60.7486290554976,0.0,0.0,1.1102230246251565e-16,0.0,0.04072137017116276
127.0,1.1318365600097744,0.0,0.32915923,0.0,0.0,0.0,0.837124427038871,0.0,0.0,0.0,0.0,0.0,0.29471213297090343,60.458288622608165,0.0,0.0,0.0,0.0,0.04072137063568771
128.0,1.1297080575055276,0.0,0.324308171,0.0,0.0,0.0,0.8247871154407523,0.0,0.0,0.0,0.0,0.0,0.30492094206477527,60.163575799965386,0.0,0.0,0.0,0.0,0.040721371100212685
129.0,1.133646001273445,0.0,0.316567041,0.0,0.0,0.0,0.805099716682761,0.0,0.0,0.0,0.0,0.0,0.32854628459068413,59.85865417159062,0.0,0.0,-1.1102230246251565e-16,0.0,0.040721371564737666
130.0,1.1489288205619859,0.0,0.310231967,0.0,0.0,0.0,0.7889882280500441,0.0,0.0,0.0,0.0,0.0,0.35994059251194177,59.53010720416833,0.0,0.0,0.0,0.0,0.04072137202926264
131.0,1.1761196905810265,0.0,0.305794695,0.0,0.0,0.0,0.7777032679393535,0.0,0.0,0.0,0.0,0.0,0.3984164226416731,59.170165932572644,0.0,0.0,0.0,0.0,0.04072137249378763
132.0,1.2106875134442625,0.0,0.302831287,0.0,0.0,0.0,0.7701666686342621,0.0,0.0,0.0,0.0,0.0,0.4405208448100003,58.77174883495322,0.0,0.0,1.1102230246251565e-16,0.0,0.04072137295831262
133.0,1.2345293111125566,0.0,0.299971768,0.0,0.0,0.0,0.7628942819401938,0.0,0.0,0.0,0.0,0.0,0.4716350291723627,58.331227319710365,0.0,0.0,1.1102230246251565e-16,0.0,0.04072137342283762
134.0,1.2335571379365726,0.038004707,0.294513208,0.0,0.0,0.040220251776369974,0.7490119614825319,0.0,0.0,0.0,0.0,0.0,0.4443249246776707,57.859591625130356,0.0,-6.938893903907228e-18,-1.1102230246251565e-16,0.0,0.04072137388736262
135.0,1.2141886216881697,0.179536006,0.266584722,0.0,0.0,0.19000234271622907,0.6779836696712611,0.0,0.0,0.0,0.0,0.0,0.3462026093006794,57.41526604042519,0.0,0.0,1.1102230246251565e-16,0.0,0.04072137435188763
136.0,1.1838756624828193,0.291189951,0.244922736,0.0,0.0,0.30816533183557593,0.6228924677056531,0.0,0.0,0.0,0.0,0.0,0.2528178629415903,57.069062776165595,0.0,0.0,0.0,0.0,0.04072137481641263
137.0,1.15629720800375,0.349120272,0.247360745,0.0,0.0,0.3694727929378529,0.629092861622119,0.0,0.0,0.0,0.0,0.0,0.1577315534437781,56.816244262214376,0.0,0.0,1.1102230246251565e-16,0.0,0.04072137528093765
138.0,1.1277915487114623,0.365344521,0.268102648,0.0,0.0,0.38664286031036327,0.6818440898485638,0.0,0.0,0.0,0.0,0.0,0.05930459855253504,56.65851206064497,0.0,0.0,0.0,0.0,0.040721375745462675
139.0,1.1065536333823676,0.370777513,0.296521928,0.0,0.0,0.39239257721093046,0.7541205789108855,0.0,0.0,0.0,0.0,0.039959522739448354,0.0,56.599206815766124,0.0,0.0,1.1102230246251565e-16,0.0,0.019953474342893976
140.0,1.0935063841284682,0.359964548,0.327512352,0.0,0.0,0.38094925323663764,0.8329360535208233,0.0,0.0,0.0,0.0,0.12037892262899272,0.0,56.618786336258665,0.0,-5.551115123125783e-17,1.1102230246251565e-16,0.0,0.019953474570511238
141.0,1.1034358268972737,0.330577748,0.363343517,0.0,0.0,0.34984930304094664,0.9240625987820947,0.0,0.0,0.0,0.0,0.1704760749257677,0.0,56.67777136247373,0.0,0.0,1.1102230246251565e-16,0.0,0.01995347479812851
142.0,1.1467168053840313,0.265802565,0.437674909,0.0,0.0,0.2812979478332761,1.0821056163861515,0.0,0.0,0.0,0.0,0.21668675883539654,0.0,56.761303992641345,0.0,5.551115123125783e-17,0.03099808550887051,0.0,1.05e-08
143.0,1.1907408325317281,0.102183016,0.555511349,0.0,0.0,0.10813993726589818,1.2992876541012264,0.0,0.0,0.0,0.0,0.21668675883539654,0.0,56.867479856971784,0.0,-1.3877787807814457e-17,0.11350007099223447,0.0,1.05e-08
144.0,1.209404844430134,0.002009339,0.624170408,0.0,0.0,0.002126476609438917,1.4239651266560918,0.0,0.0,0.0,0.0,0.21668675883539654,0.0,56.97365572009104,0.0,0.0,0.16343770926504675,0.0,1.05e-08
145.0,1.2210452263346467,0.0,0.650614646,0.0,0.0,0.0,1.4377319851700432,0.0,0.0,0.0,0.0,0.21668675883539654,0.0,57.0798315819991,0.0,0.0,0.2169243729574437,0.0,1.05e-08
146.0,1.2168910061553322,0.0,0.65984612,0.0,0.0,0.0,1.4335777649907289,0.0,0.0,0.0,0.0,0.21668675883539654,0.0,57.186007442695974,0.0,0.0,0.24455626497046068,0.0,1.05e-08
147.0,1.1950021202414376,0.0,0.667857441,0.0,0.0,0.0,1.411688879076834,0.0,0.0,0.0,0.0,0.21668675883539654,0.0,57.292183302181655,0.0,0.0,0.28681970487134056,0.0,1.05e-08
148.0,1.1677405856523364,0.0,0.670344168,0.0,0.0,0.0,1.3844273444877329,0.0,0.0,0.0,0.0,0.21668675883539654,0.0,57.398359160456145,0.0,0.0,0.32040553398220584,0.0,1.05e-08
149.0,1.1325496297622033,0.0,0.667859047,0.0,0.0,0.0,1.3492363885975998,0.0,0.0,0.0,0.0,0.21668675883539654,0.0,57.504535017519444,0.0,0.0,0.34927627976233455,0.0,1.05e-08
150.0,1.1090247519838776,0.0,0.664076129,0.0,0.0,0.0,1.325711510819274,0.0,0.0,0.0,0.0,0.21668675883539654,0.0,57.61071087337155,0.0,0.0,0.363180363789001,0.0,1.05e-08
151.0,1.0960267537939596,0.0,0.658254342,0.0,0.0,0.0,1.312713512629356,0.0,0.0,0.0,0.0,0.21668675883539654,0.0,57.716886728012476,0.0,0.0,0.36137227525087123,0.0,1.05e-08
152.0,1.092133778388808,0.0,0.651227697,0.0,0.0,0.0,1.3088205372242045,0.0,0.0,0.0,0.0,0.21668675883539654,0.0,57.8230625814422,0.0,0.0,0.3473949446353455,0.0,1.05e-08
153.0,1.0859538405344253,0.0,0.647799107,0.0,0.0,0.0,1.3026405993698218,0.0,0.0,0.0,0.0,0.21668675883539654,0.0,57.92923843366074,0.0,0.0,0.3448552228912378,0.0,1.05e-08
154.0,1.095414327520102,0.0,0.648622924,0.0,0.0,0.0,1.3121010863554985,0.0,0.0,0.0,0.0,0.21668675883539654,0.0,58.03541428466809,0.0,0.0,0.3374898840018483,0.0,1.05e-08
155.0,1.1112988663294612,0.0,0.649789572,0.0,0.0,0.0,1.3279856251648576,0.0,0.0,0.0,0.0,0.21668675883539654,0.0,58.14159013446425,0.0,0.0,0.3245723880384579,0.0,1.05e-08
156.0,1.1317894502964008,0.0,0.653148725,0.0,0.0,0.0,1.3484762091317974,0.0,0.0,0.0,0.0,0.21668675883539654,0.0,58.24776598304922,0.0,0.0,0.31262487008385764,0.0,1.05e-08
157.0,1.1496183354577278,0.0,0.647813495,0.0,0.0,0.0,1.3663050942931243,0.0,0.0,0.0,0.0,0.21668675883539654,0.0,58.35394183042299,0.0,0.0,0.2812273198212345,0.0,1.05e-08
158.0,1.1474855502522652,0.018792915,0.600255911,0.0,0.0,0.019888477838072002,1.3442838312495895,0.0,0.0,0.0,0.0,0.21668675883539654,0.0,58.46011767658558,0.0,0.0,0.1822991710638211,0.0,1.05e-08
159.0,1.1302134162489907,0.305309034,0.510907025,0.0,0.0,0.32310750921143266,1.0237926658729546,0.0,0.0,0.0,0.0,0.21668675883539654,0.0,58.56629352153698,0.0,0.0,0.27555643812531105,0.0,1.05e-08
160.0,1.1084958383837276,0.504861576,0.4853235,0.0,0.0,0.5342932836960155,0.7908893135231087,0.0,0.0,0.0,0.0,0.21668675883539654,0.0,58.67246936527719,0.0,0.0,0.4433952510203175,0.0,1.05e-08
161.0,1.0877568577462724,0.549568221,0.501455613,0.0,0.0,0.5816061735961215,0.7228374429855474,0.0,0.0,0.0,0.0,0.21668675883539654,0.0,58.7786452078062,0.0,0.0,0.5524746383984404,0.0,1.05e-08
162.0,1.0673347969987854,0.525620933,0.525413804,0.0,0.0,0.5562628403947567,0.7277587154394253,0.0,0.0,0.0,0.0,0.21668675883539654,0.0,58.88482104912402,0.0,0.0,0.6084843230189333,0.0,1.05e-08
163.0,1.0551098263783174,0.5135283,0.53317973,0.0,0.0,0.5434652481412698,0.7283313370724441,0.0,0.0,0.0,0.0,0.21668675883539654,0.0,58.990996889230665,0.0,0.0,0.6276621618338144,0.0,1.05e-08
164.0,1.054548792519049,0.537353141,0.517229989,0.0,0.0,0.5686789961002261,0.7025565552542196,0.0,0.0,0.0,0.0,0.21668675883539654,0.0,59.09717272812611,0.0,-1.1102230246251565e-16,0.6128732389792476,0.0,1.05e-08
165.0,1.0678615692483273,0.573103007,0.516886587,0.0,0.0,0.606512957338014,0.6780353707457097,0.0,0.0,0.0,0.0,0.21668675883539654,0.0,59.20334856581036,0.0,0.0,0.6365210765592998,0.0,1.05e-08
166.0,1.1076435808417857,0.482545587,0.566926518,0.0,0.0,0.5106763486616602,0.8136539910155219,0.0,0.0,0.0,0.0,0.21668675883539654,0.0,59.30952440228342,0.0,0.0,0.6281650233074006,0.0,1.05e-08
167.0,1.145746773558655,0.167945568,0.603847845,0.0,0.0,0.1777362217181536,1.184697310675898,0.0,0.0,0.0,0.0,0.21668675883539654,0.0,59.415700237545295,0.0,0.0,0.3510207710084039,0.0,1.05e-08
168.0,1.1561066277996472,0.001626354,0.605923298,0.0,0.0,0.0017211648903780895,1.3710722217446658,0.0,0.0,0.0,0.0,0.21668675883539654,0.0,59.52187607159598,0.0,0.0,0.16992419408652037,0.0,1.05e-08
169.0,1.156656954905876,0.0,0.600189318,0.0,0.0,0.0,1.3733437137412725,0.0,0.0,0.0,0.0,0.21668675883539654,0.0,59.62805190443547,0.0,0.0,0.15306992790444607,0.0,1.05e-08
170.0,1.1314318447448823,0.0,0.589255132,0.0,0.0,0.0,1.3972606380563268,0.0,0.049142034476047945,0.0,0.0,0.21668675883539654,0.0,59.73422773606378,0.0,0.0,0.10134496007687543,0.0,1.05e-08
171.0,1.0911401917067451,0.0,0.587717746,0.0,0.0,0.0,1.494695686889372,0.0,0.18686873634723003,0.0,0.044227831028443146,0.21668675883539654,0.0,59.84040356648089,0.0,0.0,-2.220446049250313e-16,0.0,1.050001191887853e-08
172.0,1.0490626522616242,0.0,0.59649721,0.0,0.0,0.0,1.5170237977271213,0.0,0.2512743866301006,0.0,0.21240964353661235,0.21668675883539654,0.0,59.94657939568682,0.0,0.0,2.220446049250313e-16,0.0,1.0500023837770588e-08
173.0,1.0103770121794076,0.0,0.599096947,0.0,0.0,0.0,1.520342418260423,0.0,0.2932786472456189,0.0,0.4385563503911442,0.21668675883539654,0.0,60.052755223681544,0.0,0.0,0.00329308331160294,0.0,1.05e-08
174.0,0.9840662372602115,0.0,0.597369853,0.0,0.0,0.0,1.4940316433412268,0.0,0.2932786472456189,0.0,0.7025066350937312,0.21668675883539654,0.0,60.15893105046509,0.0,0.0,0.025211477755269662,0.0,1.05e-08
175.0,0.9682502216703048,0.0,0.588646182,0.0,0.0,0.0,1.4782156277513203,0.0,0.2932786472456189,0.0,0.9664566201784316,0.21668675883539654,0.0,60.26510687603744,0.0,0.0,0.0188412763961614,0.0,1.05e-08
176.0,0.9618390179502696,0.0,0.571310334,0.0,0.0,0.0,1.4529680240506577,0.0,0.2744422472649914,0.0,1.2304063056455854,0.21668675883539654,0.0,60.37128270039861,0.0,0.0,0.0,0.0,1.0500071513474118e-08
177.0,0.9701153380497808,0.0,0.549547241,0.0,0.0,0.0,1.3976196847128282,0.0,0.21081758782765078,0.0,1.4774029315129678,0.21668675883539654,0.0,60.47745852354858,0.0,0.0,0.0,0.0,1.0500083432433824e-08
178.0,0.998871535363192,0.0,0.519413822,0.0,0.0,0.0,1.320983762593624,0.0,0.10542546839503544,0.0,1.6671370835134638,0.21668675883539654,0.0,60.58363434548737,0.0,0.0,0.0,0.0,1.050009535140706e-08
179.0,1.0587308502562665,0.0,0.482561166,0.0,0.0,0.0,1.2272593407116654,0.0,0.0,0.048158268379997586,1.7620181126516783,0.21668675883539654,0.0,60.689810166214954,0.0,0.0,0.0,0.0,0.019953461025406096
180.0,1.1172775172267018,0.0,0.450915597,0.0,0.0,0.0,1.1467776880554599,0.0,0.0,0.1359303196326326,1.7138578441520604,0.16543049046139097,0.0,60.795985985731356,0.0,0.0,2.220446049250313e-16,0.0,0.019953483675204022
181.0,1.1426760767869348,3.57e-07,0.419030209,0.0,0.0,3.778118822009095e-07,1.065686122856416,0.0,0.0,0.07698957611863655,1.5779255790679731,0.0,0.0,60.8770462325333,0.0,-5.293955920339377e-23,0.0,0.0,0.019953506325027657
182.0,1.1424662244273613,0.055388893,0.348971811,0.0,0.0,0.05861787651920106,0.8875121847140429,0.0,0.0,0.19633616319411729,1.5009342117986741,0.0,0.0,60.877045538084495,0.0,0.0,1.1102230246251565e-16,0.0,0.019953528974877004
183.0,1.1330442817526267,0.241347803,0.270079706,0.0,0.0,0.2554175566288076,0.686872183836609,0.0,0.0,0.19075454128721006,1.304596344849105,0.0,0.0,60.87704484363568,0.0,0.0,1.1102230246251565e-16,0.0,0.019953551624752056
184.0,1.1185751756950857,0.32617064,0.21294865,0.0,0.0,0.345185275678082,0.5415753239547652,0.0,0.0,0.2318145760622386,1.113840322675446,0.0,0.0,60.87704414918687,0.0,-5.551115123125783e-17,0.0,0.0,0.01995357427465282
185.0,1.1006477884057955,0.356943815,0.203618161,0.0,0.0,0.37775242180706786,0.5178458351656539,0.0,0.0,0.20504953143307364,0.8820244822596419,0.0,0.0,60.87704345473808,0.0,0.0,1.1102230246251565e-16,0.0,0.0199535969245793
186.0,1.0864570579272805,0.360019969,0.21251654,0.0,0.0,0.38100790509188537,0.5404763730422607,0.0,0.0,0.16497277979313443,0.6769739496141178,0.0,0.0,60.8770427602893,0.0,0.0,0.0,0.0,0.019953619574531487
187.0,1.075925895637657,0.362993106,0.21772132,0.0,0.0,0.38415436583701473,0.553713275058842,0.0,0.0,0.1380582547418002,0.5120004013675439,0.0,0.0,60.87704206584051,0.0,0.0,0.0,0.0,0.019953642224509384
188.0,1.0687737846072902,0.364937777,0.216409273,0.0,0.0,0.3862124045226492,0.5503764505282857,0.0,0.0,0.13218492955635536,0.37394156543872814,0.0,0.0,60.87704137139174,0.0,5.551115123125783e-17,0.0,0.0,0.019953664874512996
189.0,1.0708144917366134,0.33942422,0.250935749,0.0,0.0,0.3592114941814442,0.6381848842737751,0.0,0.0,0.07341811328139412,0.24175621141008358,0.0,0.0,60.877040676942975,0.0,0.0,0.0,0.0,0.019953687524542317
190.0,1.0977933680454723,0.258689935,0.324254464,0.0,0.0,0.27377067576689335,0.8246505267095083,0.0,0.0,0.0,0.16833782370396122,0.0006278344309294219,0.0,60.877039982494225,0.0,0.0,1.1102230246251565e-16,0.0,0.01995348595137787
191.0,1.1270592068035625,0.060228522,0.400752001,0.0,0.0,0.06373963938094926,1.0192006137023897,0.0,0.0,0.044118953720223564,0.1683376326186474,0.0,0.0,60.87734692691663,0.0,0.0,0.0,0.0,0.019953732824678085
192.0,1.1376931539223651,0.000152703,0.450400032,0.0,0.0,0.00016160506399923104,1.145466492695007,0.0,0.0,0.0,0.12421848781332691,0.007934943836640968,0.0,60.87734623246438,0.0,0.0,0.0,0.0,0.019953486406612667
193.0,1.1258964534234759,0.0,0.475413345,0.0,0.0,0.0,1.209080857431092,0.0,0.0,0.0,0.12421834680919484,0.08318440400761624,0.0,60.88123366049209,0.0,0.0,0.0,0.0,0.01995348663423007
194.0,1.093671268125276,0.0,0.478795799,0.0,0.0,0.0,1.2176831830190313,0.0,0.0,0.0,0.12421820580522282,0.12401191489375528,0.0,60.92199332395924,0.0,0.0,0.0,0.0,0.019953486861847478
195.0,1.050221122940495,0.0,0.475067569,0.0,0.0,0.0,1.2082014728977046,0.0,0.0,0.0,0.12421806480141087,0.1579803499572095,0.0,60.98275846729563,0.0,0.0,0.0,0.0,0.019953487089464886
196.0,1.0000706917036126,0.0,0.466557247,0.0,0.0,0.0,1.186557849450881,0.0,0.0,0.0,0.12421792379775898,0.1864871577472685,0.0,61.060168143119945,0.0,0.0,2.220446049250313e-16,0.0,0.019953487317082297
197.0,0.9548153879563767,0.0,0.456719728,0.0,0.0,0.0,1.1615388716863535,0.0,0.0,0.0,0.12421778279426714,0.2067234837299769,0.0,61.15154615387834,0.0,0.0,2.220446049250313e-16,0.0,0.019953487544699715
198.0,0.9199263625019565,0.0,0.448223856,0.0,0.0,0.0,1.1399319977724864,0.0,0.0033188764351334624,0.0,0.12421764179093535,0.21668675883539654,0.0,61.25283996332588,0.0,0.0,0.0,0.0,0.017958502238366862
199.0,0.9007998188722455,0.0,0.439931079,0.0,0.0,0.0,1.1188416391801232,0.0,0.001355061472481353,0.0,0.12720448957938374,0.21668675883539654,0.0,61.359015776419575,0.0,0.0,2.220446049250313e-16,0.0,0.01795852262362465
200.0,0.8939496382775919,0.0,0.432666724,0.0,0.0,0.0,1.100366784268165,0.0,0.0,0.0,0.1284239005109847,0.20641714599057304,0.0,61.46519158830208,0.0,0.0,0.0,0.0,0.019953488227551972
201.0,0.9005899665126719,0.0,0.431689237,0.0,0.0,0.0,1.0978808195124055,0.0,0.0,0.0,0.12842375473316253,0.19729085299973356,0.0,61.56633528867944,0.0,0.0,0.0,0.0,0.019953488455169397
202.0,0.928821532927149,0.0,0.436145968,0.0,0.0,0.0,1.1092152681464036,0.0,0.0,0.0,0.1284236089555058,0.18039373521925461,0.0,61.663007104337495,0.0,0.0,0.0,0.0,0.01995348868278682
203.0,0.9939100260047011,0.0,0.441138472,0.0,0.0,0.0,1.1219123055361473,0.0,0.0,0.0,0.12842346317801456,0.12800227953144616,0.0,61.751399331180345,0.0,0.0,0.0,0.0,0.019953488910404254
204.0,1.0575359766170616,0.0,0.444761864,0.0,0.0,0.0,1.131127389530411,0.0,0.0,0.0,0.12842331740068882,0.07359141291334971,0.0,61.81411974372784,0.0,0.0,2.220446049250313e-16,0.0,0.019953489138021686
205.0,1.0786047252481326,6.65e-07,0.441191971,0.0,0.0,7.037672315507138e-07,1.1220483652775746,0.0,0.0,0.0,0.12842317162352854,0.04344434379667348,0.0,61.85017883091698,0.0,-1.0587911840678754e-22,0.0,0.0,0.019953489365639118
206.0,1.0739451463253546,0.053250399,0.385518656,0.0,0.0,0.05635471561383593,0.9804588618608556,0.0,0.0,0.03713156885066314,0.12842302584653373,0.0,0.0,61.87146585382762,0.0,-6.938893903907228e-18,0.0,0.0,0.019954072578974517
207.0,1.0617394478603577,0.26729185,0.286679194,0.0,0.0,0.2828740530685243,0.7290883382526302,0.0,0.0,0.04977705653920308,0.09129131121904126,0.0,0.0,61.871465148035064,0.0,-5.551115123125783e-17,1.1102230246251565e-16,0.0,0.01995409522946664
208.0,1.045525141057383,0.380156947,0.236586757,0.0,0.0,0.4023188002179871,0.601692236911022,0.0,0.0,0.041514103928373805,0.04151415105233208,0.0,0.0,61.871464442242505,0.0,0.0,0.0,0.0,0.019954117879984468
209.0,1.0285463720873897,0.408834255,0.260611519,0.0,0.0,0.4326678974502986,0.6627924987022386,0.0,0.0,0.0,0.0,0.0669140240651473,0.0,61.87146373644996,0.0,-5.551115123125783e-17,0.0,0.0,0.019953490276108887
210.0,1.01360831024672,0.399866984,0.300134002,0.0,0.0,0.4231778651401707,0.7633068787380908,0.0,0.0,0.0,0.0,0.17287643363154157,0.0,61.90425090244935,0.0,0.0,1.1102230246251565e-16,0.0,0.019953490503726332
211.0,0.9999871790299049,0.399842667,0.325363985,0.0,0.0,0.42315213054202094,0.7935218073232805,0.0,0.0,0.0,0.0,0.21668675883539654,0.0,61.98895964876225,0.0,0.0,0.03395047568761611,0.0,1.05e-08
212.0,0.9944132433975562,0.409631408,0.350961769,0.0,0.0,0.43351152175094865,0.777588480482004,0.0,0.0,0.0,0.0,0.21668675883539654,0.0,62.09513545345873,0.0,5.551115123125783e-17,0.11498460576161595,0.0,1.05e-08
213.0,1.0020964093786806,0.401326934,0.402196305,0.0,0.0,0.4247229252449865,0.7940602429690907,0.0,0.0,0.0,0.0,0.21668675883539654,0.0,62.20131125694403,0.0,0.0,0.22881355394760516,0.0,1.05e-08
214.0,1.0324457715443651,0.318471771,0.506136761,0.0,0.0,0.3370375888777788,0.9120949415019829,0.0,0.0,0.0,0.0,0.21668675883539654,0.0,62.30748705921813,0.0,0.0,0.37512233038018483,0.0,1.05e-08
215.0,1.0706496077398056,0.105939759,0.616927922,0.0,0.0,0.11211568556778918,1.1752206810074128,0.0,0.0,0.0,0.0,0.21668675883539654,0.0,62.41366286028105,0.0,0.0,0.39376291768593474,0.0,1.05e-08
216.0,1.0875427226854828,0.002321028,0.683578681,0.0,0.0,0.002456336014904797,1.3017731455059747,0.0,0.0,0.0,0.0,0.21668675883539654,0.0,62.51983866013278,0.0,0.0,0.43671801473921157,0.0,1.05e-08
217.0,1.085437775037923,0.0,0.719969926,0.0,0.0,0.0,1.3021245338733196,0.0,0.0,0.0,0.0,0.21668675883539654,0.0,62.62601445877331,0.0,0.0,0.5289175784440785,0.0,1.05e-08
218.0,1.0602490678372634,0.0,0.731281879,0.0,0.0,0.0,1.2769358266726598,0.0,0.0,0.0,0.0,0.21668675883539654,0.0,62.73219025620266,0.0,0.0,0.5828750738504211,0.0,1.05e-08
219.0,1.015160789437443,0.0,0.721811265,0.0,0.0,0.0,1.2318475482728397,0.0,0.0,0.0,0.0,0.21668675883539654,0.0,62.83836605242081,0.0,0.0,0.6038774947202663,0.0,1.05e-08
220.0,0.9701089139979571,0.0,0.703389894,0.0,0.0,0.0,1.1867956728333535,0.0,0.0,0.0,0.0,0.21668675883539654,0.0,62.94454184742778,0.0,0.0,0.6020797659616701,0.0,1.05e-08
221.0,0.9271577035048152,0.0,0.687801017,0.0,0.0,0.0,1.1438444623402118,0.0,0.0,0.0,0.0,0.21668675883539654,0.0,63.05071764122356,0.0,0.0,0.6053850284228992,0.0,1.05e-08
222.0,0.8952944064593494,0.0,0.677627469,0.0,0.0,0.0,1.111981165294746,0.0,0.0,0.0,0.0,0.21668675883539654,0.0,63.15689343380814,0.0,0.0,0.6113747519384585,0.0,1.05e-08
223.0,0.8751228837329861,0.0,0.665965859,0.0,0.0,0.0,1.0918096425683828,0.0,0.0,0.0,0.0,0.21668675883539654,0.0,63.26306922518154,0.0,0.0,0.6018882316878686,0.0,1.05e-08
224.0,0.8662855297742067,0.0,0.649695207,0.0,0.0,0.0,1.0829722886096034,0.0,0.0,0.0,0.0,0.21668675883539654,0.0,63.36924501534374,0.0,0.0,0.5693457336125767,0.0,1.05e-08
225.0,0.8702898554109689,0.0,0.638168034,0.0,0.0,0.0,1.0869766142463655,0.0,0.0,0.0,0.0,0.21668675883539654,0.0,63.47542080429476,0.0,0.0,0.5360252679028079,0.0,1.05e-08
226.0,0.8960995542879177,0.0,0.634035954,0.0,0.0,0.0,1.1127863131233142,0.0,0.0,0.0,0.0,0.21668675883539654,0.0,63.581596592034586,0.0,0.0,0.4997067793969652,0.0,1.05e-08
227.0,0.9580488273742969,0.0,0.630904887,0.0,0.0,0.0,1.1747355862096933,0.0,0.0,0.0,0.0,0.21668675883539654,0.0,63.687772378563224,0.0,0.0,0.42979451323761264,0.0,1.05e-08
228.0,1.018846053833629,0.0,0.635071606,0.0,0.0,0.0,1.2355328126690257,0.0,0.0,0.0,0.0,0.21668675883539654,0.0,63.79394816388067,0.0,0.0,0.37959417101423787,0.0,1.05e-08
229.0,1.0384051502861347,6.31e-07,0.637666359,0.0,0.0,6.677851475315795e-07,1.2550912413363837,0.0,0.0,0.0,0.0,0.21668675883539654,0.0,63.90012394798693,0.0,0.0,0.36663477078193973,0.0,1.05e-08
230.0,1.0411482204148472,0.041113432,0.606753544,0.0,0.0,0.04351020483938124,1.2143247744108625,0.0,0.0,0.0,0.0,0.21668675883539654,0.0,64.006299730882,0.0,-6.938893903907228e-18,0.32878313987975116,0.0,1.05e-08
231.0,1.0360753608247457,0.251922503,0.570254832,0.0,0.0,0.2666087255663705,0.9861533940937717,0.0,0.0,0.0,0.0,0.21668675883539654,0.0,64.11247551256588,0.0,0.0,0.4641302558714675,0.0,1.05e-08
232.0,1.020893185014776,0.389161241,0.590861061,0.0,0.0,0.41184801384272196,0.8257319300074506,0.0,0.0,0.0,0.0,0.21668675883539654,0.0,64.21865129303858,0.0,0.0,0.6769578993168079,0.0,1.05e-08
233.0,1.0087453030161921,0.447454534,0.621339323,0.0,0.0,0.47353960697442815,0.7518924548771605,0.0,0.0,0.0,0.0,0.21668675883539654,0.0,64.32482707230007,0.0,0.0,0.8283103082751747,0.0,1.05e-08
234.0,0.9983190669063553,0.449293539,0.656138089,0.0,0.0,0.47548581969271075,0.7395200060490411,0.0,0.0,0.0,0.0,0.21668675883539654,0.0,64.43100285035038,0.0,0.0,0.9291836842971318,0.0,1.05e-08
235.0,0.9877300881503184,0.451183123,0.68562446,0.0,0.0,0.47748555999415815,0.7269312869915567,0.0,0.0,0.0,0.0,0.21668675883539654,0.0,64.5371786271895,0.0,0.0,1.0167627398821095,0.0,1.05e-08
236.0,0.9826315323529223,0.462283909,0.710651692,0.0,0.0,0.48923348395093547,0.7100848072373834,0.0,0.0,0.0,0.0,0.21668675883539654,0.0,64.64335440281744,0.0,0.0,1.0972589834553585,0.0,1.05e-08
237.0,0.9871155205258528,0.463960863,0.736134144,0.0,0.0,0.4910081986487067,0.7127940807125426,0.0,0.0,0.0,0.0,0.21668675883539654,0.0,64.74953017723418,0.0,0.0,1.159357198532307,0.0,1.05e-08
238.0,1.012959481012528,0.400081781,0.765704552,0.0,0.0,0.4234051840725549,0.8062410557753696,0.0,0.0,0.0,0.0,0.21668675883539654,0.0,64.85570595043973,0.0,-5.551115123125783e-17,1.1411142845991213,0.0,1.05e-08
239.0,1.0419126825818654,0.184544758,0.802528449,0.0,0.0,0.19530308787196457,1.0632963535452975,0.0,0.0,0.0,0.0,0.21668675883539654,0.0,64.96188172243409,0.0,0.0,0.9777102682392982,0.0,1.05e-08
240.0,1.0531676213769574,0.003313346,0.807242151,0.0,0.0,0.0035065027693077164,1.266347877443046,0.0,0.0,0.0,0.0,0.21668675883539654,0.0,65.06805749321727,0.0,-4.336808689942018e-19,0.7866467268325221,0.0,1.05e-08
241.0,1.0486900572558506,0.0,0.798728779,0.0,0.0,0.0,1.265376816091247,0.0,0.0,0.0,0.0,0.21668675883539654,0.0,65.17423326278924,0.0,0.0,0.765966407915663,0.0,1.05e-08
242.0,1.0214499361728284,0.0,0.787579733,0.0,0.0,0.0,1.2381366950082249,0.0,0.0,0.0,0.0,0.21668675883539654,0.0,65.28040903115004,0.0,0.0,0.7648520491781434,0.0,1.05e-08
243.0,0.9752160351977848,0.0,0.781514041,0.0,0.0,0.0,1.1919027940331814,0.0,0.0,0.0,0.0,0.21668675883539654,0.0,65.38658479829965,0.0,0.0,0.7956595592842621,0.0,1.05e-08
244.0,0.9244767325437316,0.0,0.77793564,0.0,0.0,0.0,1.1411634913791282,0.0,0.0,0.0,0.0,0.21668675883539654,0.0,65.49276056423807,0.0,0.0,0.8372981999673894,0.0,1.05e-08
245.0,0.8784869455379879,0.0,0.77451973,0.0,0.0,0.0,1.0951737043733845,0.0,0.0,0.0,0.0,0.21668675883539654,0.0,65.5989363289653,0.0,0.0,0.8746005754077142,0.0,1.05e-08
246.0,0.8400968118396607,0.0,0.770736443,0.0,0.0,0.0,1.0567835706750572,0.0,0.0,0.0,0.0,0.21668675883539654,0.0,65.70511209248131,0.0,0.0,0.9033689769061011,0.0,1.05e-08
247.0,0.8171629468291137,0.0,0.765092151,0.0,0.0,0.0,1.0338497056645104,0.0,0.0,0.0,0.0,0.21668675883539654,0.0,65.81128785478617,0.0,0.0,0.9119481640710956,0.0,1.05e-08
248.0,0.8070643373622848,0.0,0.756019065,0.0,0.0,0.0,1.0237510961976815,0.0,0.0,0.0,0.0,0.21668675883539654,0.0,65.91746361587983,0.0,0.0,0.8989719172769459,0.0,1.05e-08
249.0,0.8096446648447972,0.0,0.750324047,0.0,0.0,0.0,1.026331423680194,0.0,0.0,0.0,0.0,0.21668675883539654,0.0,66.0236393757623,0.0,0.0,0.8819079045572729,0.0,1.05e-08
250.0,0.8349168847191646,0.0,0.746320753,0.0,0.0,0.0,1.0516036435545613,0.0,0.0,0.0,0.0,0.21668675883539654,0.0,66.12981513443358,0.0,0.0,0.846454426220191,0.0,1.05e-08
251.0,0.892572749836716,0.0,0.742740299,0.0,0.0,0.0,1.1092595086721126,0.0,0.0,0.0,0.0,0.21668675883539654,0.0,66.23599089189366,0.0,0.0,0.7796926779004916,0.0,1.05e-08
252.0,0.9512093535326829,0.0,0.732633758,0.0,0.0,0.0,1.1678961123680793,0.0,0.0,0.0,0.0,0.21668675883539654,0.0,66.34216664814257,0.0,0.0,0.6953529142355033,0.0,1.05e-08
253.0,0.9782139260488366,1.52e-06,0.716597616,0.0,0.0,1.60861081497306e-06,1.1948990762734182,0.0,0.0,0.0,0.0,0.21668675883539654,0.0,66.44834240318028,0.0,0.0,0.6275665088824982,0.0,1.05e-08
254.0,0.9919935172106358,0.043448607,0.668030315,0.0,0.0,0.04598151257612776,1.1626987634699046,0.0,0.0,0.0,0.0,0.21668675883539654,0.0,66.5545181570068,0.0,0.0,0.53624947713988,0.0,1.05e-08
255.0,0.9946873362753667,0.39885114,0.651484107,0.0,0.0,0.4221028009002198,0.7892712942105434,0.0,0.0,0.0,0.0,0.21668675883539654,0.0,66.66069390962213,0.0,-5.551115123125783e-17,0.8675962947594075,0.0,1.05e-08
256.0,0.9903318291389098,0.578565017,0.669464767,0.0,0.0,0.6122933838889949,0.5947252040853114,0.0,0.0,0.0,0.0,0.21668675883539654,0.0,66.76686966102628,0.0,0.0,1.1078711639326424,0.0,1.05e-08
257.0,0.9859334949902951,0.59371949,0.678871696,0.0,0.0,0.6283313109699273,0.5742889428557644,0.0,0.0,0.0,0.0,0.21668675883539654,0.0,66.87304541121922,0.0,0.0,1.1522313177090284,0.0,1.05e-08
258.0,0.9826893488193355,0.564848336,0.683484776,0.0,0.0,0.5977770671770637,0.6015990404776683,0.0,0.0,0.0,0.0,0.21668675883539654,0.0,66.97922116020099,0.0,-1.1102230246251565e-16,1.1366532986677085,0.0,1.05e-08
259.0,0.9794730402062783,0.552844204,0.682677633,0.0,0.0,0.585073135229982,0.6110866638116929,0.0,0.0,0.0,0.0,0.21668675883539654,0.0,67.08539690797156,0.0,-1.1102230246251565e-16,1.1251129328922413,0.0,1.05e-08
260.0,0.9791668270693495,0.577426004,0.678428294,0.0,0.0,0.6110879703164983,0.5847656155882478,0.0,0.0,0.0,0.0,0.21668675883539654,0.0,67.19157265453096,0.0,0.0,1.1406269760207093,0.0,1.05e-08
261.0,0.9858649717708425,0.616069126,0.67563597,0.0,0.0,0.6519838545096057,0.5505678760966333,0.0,0.0,0.0,0.0,0.21668675883539654,0.0,67.29774839987915,0.0,0.0,1.167723220504552,0.0,1.05e-08
262.0,1.0118352719433834,0.547414705,0.661014506,0.0,0.0,0.5793271149593995,0.6491949158193805,0.0,0.0,0.0,0.0,0.21668675883539654,0.0,67.40392414401616,0.0,0.0,1.0319105771046133,0.0,1.05e-08
263.0,1.0401460683303527,0.221862376,0.644676204,0.0,0.0,0.23479619570343388,1.0220366314623155,0.0,0.0,0.0,0.0,0.21668675883539654,0.0,67.51009988694197,0.0,-2.7755575615628914e-17,0.6175169605760857,0.0,1.05e-08
264.0,1.0546344465433648,0.004408683,0.633728824,0.0,0.0,0.004665694179992024,1.2666555111987692,0.0,0.0,0.0,0.0,0.21668675883539654,0.0,67.6162756286566,0.0,-8.673617379884035e-19,0.3450564820788231,0.0,1.05e-08
265.0,1.0547821997353095,0.0,0.617629939,0.0,0.0,0.0,1.271468958570706,0.0,0.0,0.0,0.0,0.21668675883539654,0.0,67.72245136916004,0.0,0.0,0.2993000239895818,0.0,1.05e-08
266.0,1.032345128065794,0.0,0.605736041,0.0,0.0,0.0,1.2490318869011907,0.0,0.0,0.0,0.0,0.21668675883539654,0.0,67.8286271084523,0.0,0.0,0.29148829313118774,0.0,1.05e-08
267.0,0.9910705950986334,0.0,0.599024367,0.0,0.0,0.0,1.20775735393403,0.0,0.0,0.0,0.0,0.21668675883539654,0.0,67.93480284653336,0.0,0.0,0.31569356071052446,0.0,1.05e-08
268.0,0.9443527488862056,0.0,0.594081344,0.0,0.0,0.0,1.161039507721602,0.0,0.0,0.0,0.0,0.21668675883539654,0.0,68.04097858340323,0.0,0.0,0.349840210615576,0.0,1.05e-08
269.0,0.9068255794828597,0.0,0.583466116,0.0,0.0,0.0,1.1235123383182564,0.0,0.0,0.0,0.0,0.21668675883539654,0.0,68.14715431906191,0.0,0.0,0.3603705169584903,0.0,1.05e-08
270.0,0.8775276204656512,0.0,0.568772891,0.0,0.0,0.0,1.094214379301048,0.0,0.0,0.0,0.0,0.21668675883539654,0.0,68.2533300535094,0.0,0.0,0.35230036826844047,0.0,1.05e-08
271.0,0.8606987460382107,0.0,0.554618726,0.0,0.0,0.0,1.0773855048736074,0.0,0.0,0.0,0.0,0.21668675883539654,0.0,68.35950578674571,0.0,0.0,0.33313208330940824,0.0,1.05e-08
272.0,0.8537265084589073,0.0,0.543124158,0.0,0.0,0.0,1.0704132672943039,0.0,0.0,0.0,0.0,0.21668675883539654,0.0,68.46568151877082,0.0,0.0,0.3108711025127322,0.0,1.05e-08
273.0,0.8603775434470267,0.0,0.534485134,0.0,0.0,0.0,1.0855135598348364,0.0,0.008449257552413214,0.0,0.0,0.21668675883539654,0.0,68.57185724958475,0.0,0.0,0.27379986898969966,0.0,1.05e-08
274.0,0.8884249537092249,0.0,0.523656577,0.0,0.0,0.0,1.331774023126319,0.0,0.22666231058169756,0.0,0.0076043317971718925,0.21668675883539654,0.0,68.67803297918749,0.0,0.0,0.0,0.0,1.050001191887853e-08
275.0,0.9521858094098826,0.0,0.507718307,0.0,0.0,0.0,1.2912394917332883,0.0,0.12236692348800915,0.0,0.21160040268879454,0.21668675883539654,0.0,68.78420870757904,0.0,0.0,0.0,0.0,1.0500023837770588e-08
276.0,1.0162678677017245,0.0,0.487078916,0.0,0.0,0.0,1.2387489741035496,0.0,0.005794347566428475,0.0,0.32173039363403766,0.21668675883539654,0.0,68.89038443475941,0.0,0.0,0.0,0.0,1.0500035756676175e-08
277.0,1.0528549841882047,2.6e-06,0.46276624,0.0,0.0,2.751571130874971e-06,1.176916483590427,0.0,0.0,0.09262250786204332,0.3269449412380016,0.21668675883539654,0.0,68.99656016072858,0.0,0.0,0.0,0.0,1.1666719639550327e-08
278.0,1.0744783426267204,0.059806753,0.429705544,0.0,0.0,0.06329328268698849,1.0928358512578435,0.0,0.0,0.13503596751728483,0.23432206225094712,0.21668675883539654,0.0,69.10273588548655,0.0,0.0,0.0,0.0,1.1666732882808823e-08
279.0,1.0852900218459782,0.430356669,0.391423704,0.0,0.0,0.45544499476919836,0.9954766996521184,0.0,0.14894491373994198,0.0,0.09928582874765976,0.21668675883539654,0.0,69.20891160903335,0.0,-5.551115123125783e-17,1.1102230246251565e-16,0.0,1.0500071513474118e-08
280.0,1.0802706960210742,0.587323701,0.369473882,0.0,0.0,0.6215626692885552,0.9396534673357857,0.0,0.26425868176787004,0.0,0.23333613841128475,0.21668675883539654,0.0,69.31508733136896,0.0,-1.1102230246251565e-16,0.0,0.0,1.0500083432433824e-08
281.0,1.0719237113515026,0.593710587,0.368225428,0.0,0.0,0.6283218889553973,0.9364783738121001,0.0,0.2761897925805983,0.0,0.471168687135517,0.21668675883539654,0.0,69.42126305249337,0.0,0.0,0.0,0.0,1.050009535140706e-08
282.0,1.0588957342530743,0.560620448,0.369381032,0.0,0.0,0.5933027077288434,0.939417329333365,0.0,0.2571375439737376,0.0,0.7197389656203437,0.21668675883539654,0.0,69.5274387724066,0.0,0.0,1.1102230246251565e-16,0.0,1.0500107270393827e-08
283.0,1.0453174300484172,0.540315683,0.36597469,0.0,0.0,0.5718142441929971,0.9307542512995257,0.0,0.24056430660870912,0.0,0.9511619381994154,0.21668675883539654,0.0,69.63361449110863,0.0,0.0,0.0,0.0,1.0500119189394123e-08
284.0,1.0344393689603146,0.553127229,0.35911747,0.0,0.0,0.5853726596220266,0.913314830373734,0.0,0.24756136220004946,0.0,1.1676687344548027,0.21668675883539654,0.0,69.73979020859949,0.0,0.0,1.1102230246251565e-16,0.0,1.0500131108407949e-08
285.0,1.0376128505612139,0.577606902,0.354413697,0.0,0.0,0.6112794140528187,0.90135209951686,0.0,0.2583319041730683,0.0,1.3904726349790366,0.21668675883539654,0.0,69.84596592487914,0.0,-1.1102230246251565e-16,0.0,0.0,1.0500143027435302e-08
286.0,1.0601077386971425,0.524302849,0.344613007,0.0,0.0,0.5548679165938074,0.8764267860117957,0.0,0.15450020507306403,0.0,1.622969770367596,0.21668675883539654,0.0,69.95214163994761,0.0,0.0,0.0,0.0,1.0500154946476186e-08
287.0,1.0861358553360965,0.221880369,0.373367154,0.0,0.0,0.23481523763395612,0.9495549156175382,0.0,0.0,0.0,1.7620181126516783,0.0982342979153979,0.0,70.0583173538049,0.0,-2.7755575615628914e-17,0.0,0.0,0.019953508030277633
288.0,1.0974079249360515,0.004487934,0.407782632,0.0,0.0,0.004749565242950858,1.0370810569990783,0.0,0.0,0.05557730269402237,1.7620161125320581,0.0,0.0,70.10645136060019,0.0,0.0,0.0,0.0,0.022170440163450086
289.0,1.0958575870959362,0.0,0.4257619,0.0,0.0,0.0,1.08280629588446,0.0,0.0,0.013051291211476022,1.706436809720686,0.0,0.0,70.10645056086786,0.0,0.0,2.220446049250313e-16,0.0,0.022170465329810395
290.0,1.079405590375485,0.0,0.42898054,0.0,0.0,0.0,1.0909920063864698,0.0,0.0,0.0,1.693383581481594,0.011586416010984852,0.0,70.10644976113554,0.0,0.0,0.0,0.0,0.01995350871313059
291.0,1.0506172728029552,0.0,0.423154025,0.0,0.0,0.0,1.0761738953129676,0.0,0.0,0.0,1.693381659271089,0.025556622510012447,0.0,70.1121263052486,0.0,0.0,0.0,0.0,0.019953508940748252
292.0,1.0135397870272673,0.0,0.410368184,0.0,0.0,0.0,1.0436566852643991,0.0,0.0,0.0,1.6933797370627663,0.0301168982371318,0.0,70.12464825048143,0.0,0.0,0.0,0.0,0.019953509168365913
293.0,0.9834002772211563,0.0,0.398205895,0.0,0.0,0.0,1.0127253053039886,0.0,0.010764855948508078,0.0,1.6933778148566254,0.01856017213432415,0.0,70.13940473067771,0.0,0.0,0.0,0.0,0.019953509395983574
294.0,0.9583464751087942,0.0,0.392018579,0.0,0.0,0.0,0.9969895978124852,0.0,0.03864312270369105,0.0,1.7030642630063237,0.0,0.0,70.14849841491528,0.0,0.0,1.1102230246251565e-16,0.0,0.019953532045836407
295.0,0.9423270312111377,0.0,0.381088707,0.0,0.0,0.0,0.9691925257522298,0.0,0.026865494541092216,0.0,1.737841140240309,0.0,0.0,70.1484976147033,0.0,0.0,1.1102230246251565e-16,0.0,0.019953554695714946
296.0,0.9359629372044761,0.0,0.365587551,0.0,0.0,0.0,0.9297696715459536,0.0,0.0,0.006193265658522464,1.7620181126516783,0.0,0.0,70.14849681449132,0.0,0.0,1.1102230246251565e-16,0.0,0.04072071699284173
297.0,0.9363762178717997,0.0,0.348035971,0.0,0.0,0.0,0.8851321374530257,0.0,0.0,0.051244080418774034,1.7558228468735357,0.0,0.0,70.14849601427936,0.0,0.0,0.0,0.0,0.04072076321620167
298.0,0.9484705661051862,0.0,0.328389698,0.0,0.0,0.0,0.835167337655146,0.0,0.0,0.11330322845004019,1.7045767733675734,0.0,0.0,70.14849521406741,0.0,0.0,1.1102230246251565e-16,0.0,0.04072080943961409
299.0,0.9792139367827232,0.0,0.308728396,0.0,0.0,0.0,0.7851643157997716,0.0,0.0,0.19404962098295153,1.5912716100013005,0.0,0.0,70.14849441385546,0.0,0.0,0.0,0.0,0.04072085566307899
300.0,1.019492741717213,0.0,0.288655514,0.0,0.0,0.0,0.7341145553441135,0.0,0.0,0.28537818637309953,1.3972201827182062,0.0,0.0,70.14849361364352,0.0,0.0,0.0,0.0,0.040720901886596335
301.0,1.058454616027848,3.72e-06,0.265976987,0.0,0.0,3.936863310328805e-06,0.6764380656981736,0.0,0.0,0.2932786472456189,1.1118404103185608,0.0,0.08873396622074527,70.14849281343159,0.0,-8.470329472543003e-22,0.0,0.0,0.0407214514631122
302.0,1.0919089365749792,0.054198485,0.234254534,0.0,0.0,0.05735807179352313,0.5957608800944385,0.0,0.0,0.2932786472456189,0.8185605009895368,0.0,0.14551133744139874,70.05975804699894,0.0,0.0,0.0,0.0,0.04072145192763809
303.0,1.1004357946956138,0.482997578,0.190081182,0.0,0.0,0.5111546891951276,0.4834183157270763,0.0,0.0,0.10586278977340977,0.5252809245713365,0.0,0.0,69.91424591035785,0.0,0.0,5.551115123125783e-17,0.0,0.04072104055746324
304.0,1.0900994953113086,0.633948584,0.156545302,0.0,0.0,0.6709056239205641,0.3981291858119154,0.0,0.0,0.021064685578829102,0.4194175385357908,0.0,0.0,69.91424511281808,0.0,0.0,0.0,0.0,0.04072108678119048
305.0,1.0678358730410327,0.624819256,0.14981743,0.0,0.0,0.6612440872401454,0.381018725342097,0.0,0.0,0.02557306045879027,0.3983523768635312,0.0,0.0,69.91424431527831,0.0,0.0,5.551115123125783e-17,0.0,0.040721133004970184
306.0,1.0458399195967434,0.585075053,0.155958962,0.0,0.0,0.6191829327807475,0.3966379940365854,0.0,0.0,0.030018992779410492,0.3727788642230073,0.0,0.0,69.91424351773857,0.0,0.0,0.0,0.0,0.04072117922880236
307.0,1.0279318044629242,0.564264366,0.165407726,0.0,0.0,0.5971590537181033,0.4206682822035784,0.0,0.0,0.01010446854124258,0.3427594482911247,0.0,0.0,69.91424272019881,0.0,0.0,0.0,0.0,0.040721225452687006
308.0,1.0192464863973052,0.585161299,0.169883414,0.0,0.0,0.6192742066283451,0.4320509426643066,0.0,0.03207866289534648,0.0,0.3326545906733496,0.0,0.0,69.91424192265909,0.0,-1.1102230246251565e-16,0.0,0.0,0.03664914450896171
309.0,1.027428587070069,0.620673787,0.175236269,0.0,0.0,0.6568569515384773,0.4456644320229284,0.0,0.07509279649133668,0.0,0.3615250096729559,0.0,0.0,69.91424112511936,0.0,-1.1102230246251565e-16,5.551115123125783e-17,0.0,0.03664918611055234
310.0,1.0629343214995628,0.559317885,0.18844643,0.0,0.0,0.5919242097492489,0.47926078129806865,0.0,0.00825066954775482,0.0,0.42910811613727473,0.0,0.0,69.91424032757963,0.0,0.0,5.551115123125783e-17,0.0,0.036649227712190195
311.0,1.1078341610458884,0.229853463,0.239684727,0.0,0.0,0.24325313581632244,0.6095710570225941,0.0,0.0,0.25500996820697186,0.43653323163675817,0.0,0.0,69.91423953003994,0.0,0.0,1.1102230246251565e-16,0.0,0.040721410348750306
312.0,1.1322841022868244,0.004797055,0.284644217,0.0,0.0,0.005076706942776706,0.7239129434895476,0.0,0.0,0.1815225618558796,0.1815227679078191,0.0,0.22177188999862055,69.91423873250024,0.0,-8.673617379884035e-19,1.1102230246251565e-16,0.0,0.0407214565728973
313.0,1.1474598540449705,0.0,0.314025343,0.0,0.0,0.0,0.7986356187993268,0.0,0.0,0.0,0.0,0.0,0.3488242352456437,69.69246604496193,0.0,0.0,0.0,0.0,0.04072145703742325
314.0,1.1378666033216045,0.0,0.334823214,0.0,0.0,0.0,0.8515291859780546,0.0,0.0,0.0,0.0,0.0,0.28633741734354995,69.34364101470645,0.0,0.0,0.0,0.0,0.0407214575019492
315.0,1.1189756082587619,0.0,0.348538887,0.0,0.0,0.0,0.8864111636202358,0.0,0.0,0.0,0.0,0.0,0.2325644446385263,69.05730280633225,0.0,0.0,0.0,0.0,0.040721457966475166
316.0,1.0905598856920058,0.0,0.358096868,0.0,0.0,0.0,0.9107192146758704,0.0,0.0,0.0,0.0,0.0,0.17984067101613538,68.82473757392944,0.0,0.0,0.0,0.0,0.04072145843100114
317.0,1.0671827611056248,0.0,0.360483762,0.0,0.0,0.0,0.9167896118880418,0.0,0.0,0.0,0.0,0.0,0.15039314921758307,68.64489611780199,0.0,0.0,1.1102230246251565e-16,0.0,0.0407214588955271
318.0,1.051047684275142,0.0,0.362112929,0.0,0.0,0.0,0.9209329424318203,0.0,0.0,0.0,0.0,0.0,0.1301147418433216,68.49450218552462,0.0,0.0,0.0,0.0,0.04072145936005308
319.0,1.0427349612152967,0.0,0.367229909,0.0,0.0,0.0,0.9339465497083637,0.0,0.0,0.0,0.0,0.0,0.10878841150693308,68.36438666233711,0.0,0.0,1.1102230246251565e-16,0.0,0.04072145982457905
320.0,1.040298104223513,0.0,0.370990967,0.0,0.0,0.0,0.9435117486648381,0.0,0.0,0.0,0.0,0.0,0.09678635555867487,68.25559747097027,0.0,0.0,1.1102230246251565e-16,0.0,0.04072146028910504
321.0,1.044086153448878,0.0,0.37513456,0.0,0.0,0.0,0.9540498183887444,0.0,0.0,0.0,0.0,0.0,0.09003633506013356,68.1588103367927,0.0,0.0,0.0,0.0,0.04072146075363104
322.0,1.0581912299030771,0.0,0.379323935,0.0,0.0,0.0,0.9647043218232249,0.0,0.0,0.0,0.0,0.0,0.09348690807985224,68.06877322421774,0.0,0.0,1.1102230246251565e-16,0.0,0.04072146121815704
323.0,1.086084462921507,0.0,0.389782942,0.0,0.0,0.0,0.9913038804692655,0.0,0.0,0.0,0.0,0.0,0.09478058245224148,67.97528553965017,0.0,0.0,0.0,0.0,0.04072146168268304
324.0,1.1261084471336575,0.0,0.398536361,0.0,0.0,0.0,1.0135657531349846,0.0,0.0,0.0,0.0,0.0,0.11254269399867288,67.88050418177666,0.0,0.0,0.0,0.0,0.040721462147209044
325.0,1.1566869338143866,4.93e-06,0.401712284,0.0,0.0,5.217402182774465e-06,1.021642824896559,0.0,0.0,0.0,0.0,0.0,0.1350388915156448,67.76796071343792,0.0,-8.470329472543003e-22,0.0,0.0,0.04072146261173507
326.0,1.1581237800722837,0.124653675,0.356430931,0.0,0.0,0.13192055903364275,0.9064823699226248,0.0,0.0,0.0,0.0,0.0,0.11972085111601617,67.63292104886604,0.0,0.0,0.0,0.0,0.04072146307626109
327.0,1.1373847994348283,0.48938325,0.283052549,0.0,0.0,0.517912624089911,0.7198649811628157,0.0,0.0,0.0,0.0,0.10039280581789835,0.0,67.51319942623424,0.0,0.0,0.0,0.0,0.01995351713498568
328.0,1.107821312942241,0.611757914,0.280163404,0.0,0.0,0.6474213135564205,0.677086758221217,0.0,0.0,0.0,0.0,0.21668675883539654,0.0,67.56239113093493,0.0,0.0,0.03543049080369942,0.0,1.05e-08
329.0,1.0785683222877982,0.605968286,0.301258573,0.0,0.0,0.6412941699936107,0.6539609111295841,0.0,0.0,0.0,0.0,0.21668675883539654,0.0,67.66856687205305,0.0,0.0,0.1122059993750153,0.0,1.05e-08
330.0,1.0565616620904696,0.569745309,0.322320737,0.0,0.0,0.6029595169983999,0.700867659791466,0.0,0.030578755863999833,0.0,0.0,0.21668675883539654,0.0,67.77474261195998,0.0,0.0,0.11886497320768041,0.0,1.05e-08
331.0,1.0353708564747486,0.55231447,0.332334549,0.0,0.0,0.5845125195448116,0.8451999626953999,0.0,0.17765486693006644,0.0,0.02752088027759985,0.21668675883539654,0.0,67.88091835065573,0.0,0.0,0.0,0.0,1.050001191887853e-08
332.0,1.0274735554328347,0.56461428,0.335238477,0.0,0.0,0.597529366510676,0.8525852912586066,0.0,0.20595434350105132,0.0,0.18741022927488282,0.21668675883539654,0.0,67.98709408814028,0.0,0.0,0.0,0.0,1.0500023837770588e-08
333.0,1.0340988942136595,0.588893308,0.338503242,0.0,0.0,0.6232237790224087,0.8608883077957445,0.0,0.233326433769097,0.0,0.37276892569085546,0.21668675883539654,0.0,68.09326982441365,0.0,0.0,0.0,0.0,1.0500035756676175e-08
334.0,1.0714204939586474,0.524513435,0.357015793,0.0,0.0,0.5550907790392561,0.9079698028183902,0.0,0.17495332906360236,0.0,0.5827622929418522,0.21668675883539654,0.0,68.19944555947583,0.0,0.0,0.0,0.0,1.0500047675595293e-08
335.0,1.1157464515420574,0.166457932,0.393354237,0.0,0.0,0.1761618616139804,1.000386470316926,0.0,0.0,0.15588487844654753,0.7402196275881326,0.21668675883539654,0.0,68.30562129332681,0.0,0.0,0.0,0.0,1.1666732882808823e-08
336.0,1.1389544094304147,0.003858147,0.429315839,0.0,0.0,0.004083063809181491,1.091844745601049,0.0,0.0,0.259713358855581,0.5843339088960794,0.21668675883539654,0.0,68.4117970259666,0.0,0.0,0.0,0.0,1.1666746126082354e-08
337.0,1.1526783254764088,0.0,0.463712115,0.0,0.0,0.0,1.179322052066892,0.0,0.0,0.1900430322449135,0.3246198867455483,0.21668675883539654,0.0,68.51797275739521,0.0,0.0,0.0,0.0,1.1666759369370917e-08
338.0,1.1446268471907266,0.0,0.492938118,0.0,0.0,0.0,1.2536502154181406,0.0,0.0,0.10766339060798244,0.13457648601486277,0.21668675883539654,0.0,68.62414848761264,0.0,0.0,2.220446049250313e-16,0.0,1.1666772612674513e-08
339.0,1.1210291634917324,0.0,0.515410727,0.0,0.0,0.0,1.3108030102317438,0.0,0.0,0.02691291209538517,0.026912942645073757,0.21668675883539654,0.0,68.73032421661887,0.0,0.0,0.0,0.0,1.1666785855993142e-08
340.0,1.0881016151941434,0.0,0.526648505,0.0,0.0,0.0,1.30478837402954,0.0,0.0,0.0,0.0,0.21668675883539654,0.0,68.83649994441392,0.0,0.0,0.03459478104407876,0.0,1.05e-08
341.0,1.063778013639073,0.0,0.531375648,0.0,0.0,0.0,1.2804647724744698,0.0,0.0,0.0,0.0,0.21668675883539654,0.0,68.94267567099777,0.0,0.0,0.07094054851382148,0.0,1.05e-08
342.0,1.047647219509806,0.0,0.537744818,0.0,0.0,0.0,1.2643339783452026,0.0,0.0,0.0,0.0,0.21668675883539654,0.0,69.04885139637042,0.0,0.0,0.10326954491426021,0.0,1.05e-08
343.0,1.0377070699879611,0.0,0.543842592,0.0,0.0,0.0,1.2543938288233576,0.0,0.0,0.0,0.0,0.21668675883539654,0.0,69.15502712053191,0.0,0.0,0.12871767689785352,0.0,1.05e-08
344.0,1.0358398122578774,0.0,0.542189435,0.0,0.0,0.0,1.3747433928007309,0.0,0.12221682170745712,0.0,0.0,0.21668675883539654,0.0,69.2612028434822,0.0,0.0,0.004163770522333854,0.0,1.05e-08
345.0,1.0447799510458358,0.0,0.540069819,0.0,0.0,0.0,1.373516512939229,0.0,0.11204980305799665,0.0,0.10999513953671142,0.21668675883539654,0.0,69.36737856522129,0.0,0.0,0.0,0.0,1.050001191887853e-08
346.0,1.0734890386458733,0.0,0.536668216,0.0,0.0,0.0,1.3648654872262673,0.0,0.07468968974499761,0.0,0.21083983743012566,0.21668675883539654,0.0,69.4735542857492,0.0,0.0,2.220446049250313e-16,0.0,1.0500023837770588e-08
347.0,1.1249735313114735,0.0,0.530685649,0.0,0.0,0.0,1.349650501542601,0.0,0.007990211395731115,0.0,0.2780603188699988,0.21668675883539654,0.0,69.57973000506591,0.0,0.0,0.0,0.0,1.0500035756676175e-08
348.0,1.1752524435848293,0.0,0.522926853,0.0,0.0,0.0,1.3299181742552528,0.0,0.0,0.0620210281649731,0.2852511934915471,0.21668675883539654,0.0,69.68590572317144,0.0,0.0,0.0,0.0,1.1666719639550327e-08
349.0,1.2040664573646538,1.11e-06,0.510541539,0.0,0.0,1.174709213565853e-06,1.2984195925932818,0.0,0.0,0.12233244889755497,0.2232298415293867,0.21668675883539654,0.0,69.79208144006579,0.0,0.0,2.220446049250313e-16,0.0,1.1666732882808823e-08
350.0,1.2087217535862158,0.092660941,0.482242432,0.0,0.0,0.09806275777511883,1.2264487299409215,0.0,0.0,0.10089702470557209,0.10089713923694174,0.21668675883539654,0.0,69.89825715574895,0.0,0.0,0.0,0.0,1.1666746126082354e-08
351.0,1.1954368144148402,0.327211766,0.479799981,0.0,0.0,0.3462870957723909,1.0658364774778457,0.0,0.0,0.0,0.0,0.21668675883539654,0.0,70.00443287022091,0.0,0.0,0.15440056156215376,0.0,1.05e-08
352.0,1.1716849534720777,0.488713883,0.485415587,0.0,0.0,0.5172042352771571,0.939830789919187,0.0,0.0686633128888699,0.0,0.0,0.21668675883539654,0.0,70.11060858348168,0.0,0.0,0.2946879721495911,0.0,1.05e-08
353.0,1.1485455188031728,0.535349547,0.482615735,0.0,0.0,0.5665585994046898,1.0919523254794985,0.0,0.2932786472456189,0.0,0.06179698159998291,0.21668675883539654,0.0,70.21678429553127,0.0,0.0,0.1354457962192872,0.0,1.05e-08
354.0,1.1263075927401915,0.521371919,0.478685036,0.0,0.0,0.5517661233728015,1.0845068754484057,0.0,0.2932786472456189,0.0,0.3257476939734322,0.21668675883539654,0.0,70.32296000636967,0.0,0.0,0.1328946128634405,0.0,1.05e-08
355.0,1.106992610256986,0.512858684,0.478389976,0.0,0.0,0.5427565958126651,1.0742014205253365,0.0,0.2932786472456189,0.0,0.5896981067285094,0.21668675883539654,0.0,70.42913571599688,0.0,0.0,0.14244966521252733,0.0,1.05e-08
356.0,1.0962708677632598,0.525136502,0.482768083,0.0,0.0,0.5557501687199486,1.0504861051243266,0.0,0.2932786472456189,0.0,0.8536482198655544,0.21668675883539654,0.0,70.5353114244129,0.0,-1.1102230246251565e-16,0.17729947109672928,0.0,1.05e-08
357.0,1.1040054261589736,0.52859137,0.492892942,0.0,0.0,0.5594064437390963,1.0545643885008928,0.0,0.2932786472456189,0.0,1.1175980333849078,0.21668675883539654,0.0,70.64148713161772,0.0,-1.1102230246251565e-16,0.1989709343981596,0.0,1.05e-08
358.0,1.1354019087719183,0.44127699,0.511959922,0.0,0.0,0.46700193323207817,1.1783653816208555,0.0,0.2932786472456189,0.0,1.3815475472869092,0.21668675883539654,0.0,70.74766283761136,0.0,0.0,0.12366147137401584,0.0,1.05e-08
359.0,1.1767299755042764,0.163348858,0.530829143,0.0,0.0,0.17287153920545967,1.350015438392567,0.0,0.12947024325835382,0.0,1.6454967615718987,0.21668675883539654,0.0,70.85383854239382,0.0,-2.7755575615628914e-17,0.0,0.0,1.0500083432433824e-08
360.0,1.1978179962908184,0.003112412,0.537534008,0.0,0.0,0.003293855002534166,1.3670673869935466,0.0,0.0,0.0,1.7620181126516783,0.17254324570526236,0.0,70.96001424596508,0.0,-4.336808689942018e-19,0.0,0.0,0.01995352464637295
361.0,1.202057870494449,0.0,0.532563917,0.0,0.0,0.0,1.3544273507997993,0.0,0.0,0.0,1.7620161125320581,0.15236948030535039,0.0,71.04455962689138,0.0,0.0,2.220446049250313e-16,0.0,0.019953524873990786
362.0,1.1822760735787223,0.0,0.518545578,0.0,0.0,0.0,1.3187756268502333,0.0,0.0,0.0,1.7620141124147082,0.13649955327151095,0.0,71.11921986180731,0.0,0.0,2.220446049250313e-16,0.0,0.019953525101608634
363.0,1.147247860334789,0.0,0.501037746,0.0,0.0,0.0,1.2742493535578427,0.0,0.0,0.0,1.7620121122996288,0.1270014932230537,0.0,71.18610383162495,0.0,0.0,0.0,0.0,0.01995352532922648
364.0,1.1100076319129009,0.0,0.483931287,0.0,0.0,0.0,1.2307438602164016,0.0,0.0,0.0,1.76201011218682,0.1207362283035007,0.0,71.24833375125588,0.0,0.0,0.0,0.0,0.019953525556844327
365.0,1.0778552525353695,0.0,0.470196987,0.0,0.0,0.0,1.195814510010181,0.0,0.0,0.0,1.7620081120762812,0.11795925747481138,0.0,71.30749369036636,0.0,0.0,0.0,0.0,0.01995352578446218
366.0,1.0571291200015616,0.0,0.459904004,0.0,0.0,0.0,1.1696371869668747,0.0,0.0,0.0,1.762006111968013,0.11250806696531336,0.0,71.3652929130959,0.0,0.0,2.220446049250313e-16,0.0,0.019953526012080027
367.0,1.0466686222819983,0.0,0.450162727,0.0,0.0,0.0,1.1448629738079368,0.0,0.0,0.0,1.762004111862015,0.0981943515259385,0.0,71.42042105181648,0.0,0.0,0.0,0.0,0.019953526239697886
368.0,1.048336734405548,0.0,0.438303379,0.0,0.0,0.0,1.1147020395404863,0.0,0.0,0.0,1.7620021117582876,0.06636530513493835,0.0,71.46853546934288,0.0,0.0,2.220446049250313e-16,0.0,0.01995352646731574
369.0,1.0602126648769292,0.0,0.424249299,0.0,0.0,0.0,1.0789594183551154,0.0,2.2223437816194696e-05,0.0,1.7620001116568302,0.018724530040369974,0.0,71.50105365358881,0.0,0.0,0.0,0.0,0.019953526694933606
370.0,1.0979346971855934,0.0,0.410259016,0.0,0.0,0.0,1.0433790469935507,0.0,0.0,0.05455565019204274,1.7620181126516783,0.0,0.0,71.51022785766747,0.0,0.0,0.0,0.0,0.04072098016206893
371.0,1.1669782648359261,0.0,0.397705472,0.0,0.0,0.0,1.0114526193849211,0.0,0.0,0.15552564545100514,1.7074604623400154,0.0,0.0,71.51022704192171,0.0,0.0,0.0,0.0,0.04072102638572761
372.0,1.226991756972769,0.0,0.384030191,0.0,0.0,0.0,0.9766733674960388,0.0,0.0,0.25031838947673024,1.5519328786994155,0.0,0.0,71.51022622617593,0.0,0.0,0.0,0.0,0.04072107260943877
373.0,1.251482383875255,0.0,0.367430139,0.0,0.0,0.0,0.9344557787037832,0.0,0.0,0.2932786472456189,1.3016127275771168,0.0,0.023747957925852763,71.51022541043017,0.0,0.0,1.1102230246251565e-16,0.0,0.04072148490898994
374.0,1.2523667616763152,0.068057617,0.350880301,0.0,0.0,0.07202514391282526,0.8923658951743555,0.0,0.0,0.28797572258913445,1.0083326028318425,0.0,0.0,71.48647663675858,0.0,-1.3877787807814457e-17,0.0,0.0,0.04072116505701848
375.0,1.2413366646950523,0.405048215,0.29744058,0.0,0.0,0.42866114423324553,0.7564569133018371,0.0,0.0,0.05621860715996963,0.7203557356541205,0.0,0.0,71.48647582128375,0.0,0.0,0.0,0.0,0.040721211280887036
376.0,1.216792504027369,0.502610302,0.237678257,0.0,0.0,0.5319107681013656,0.6044681618398563,0.0,0.0,0.08041357408614708,0.6641363107967446,0.0,0.0,71.48647500580893,0.0,0.0,1.1102230246251565e-16,0.0,0.04072125750480807
377.0,1.198901519698413,0.519422559,0.202910208,0.0,0.0,0.5497031223344621,0.5160453547431683,0.0,0.0,0.1331530426207827,0.5837219828295471,0.0,0.0,71.48647419033409,0.0,0.0,1.1102230246251565e-16,0.0,0.04072130372878158
378.0,1.1830769387060747,0.512734213,0.191340934,0.0,0.0,0.5426248685779609,0.4866221425534153,0.0,0.0,0.15382992757469854,0.45056827760843005,0.0,0.0,71.4864733748593,0.0,0.0,0.0,0.0,0.040721349952807545
379.0,1.1694386766843965,0.510441019,0.189641011,0.0,0.0,0.5401979891903088,0.4822988639159449,0.0,0.0,0.1469418235781428,0.29673783858016256,0.0,0.0,71.4864725593845,0.0,-1.1102230246251565e-16,5.551115123125783e-17,0.0,0.040721396176885985
380.0,1.164534983792319,0.521848023,0.189580442,0.0,0.0,0.5522699826119145,0.48214482360718214,0.0,0.0,0.13012017757322214,0.14979567816599698,0.0,0.0,71.4864717439097,0.0,0.0,0.0,0.0,0.0407214424010169
381.0,1.173074690016601,0.53422531,0.189068616,0.0,0.0,0.5653688232225892,0.48084313734733275,0.0,0.0,0.01967530822114869,0.019675330555206667,0.0,0.10718742122553018,71.48647092843493,0.0,0.0,5.551115123125783e-17,0.0,0.04072148862520029
382.0,1.2062292214786268,0.45488506,0.224095221,0.0,0.0,0.48140330729320346,0.5699235093051291,0.0,0.0,0.0,0.0,0.0,0.15490240488029403,71.37928269173463,0.0,0.0,1.1102230246251565e-16,0.0,0.0407214890897266
383.0,1.247818532985148,0.15711083,0.284421563,0.0,0.0,0.16626985545223283,0.7233466853227087,0.0,0.0,0.0,0.0,0.0,0.3582019922102066,71.2243794726023,0.0,0.0,0.0,0.0,0.040721489554252914
384.0,1.2661420701368986,0.00450717,0.327943638,0.0,0.0,0.004769922636132977,0.8340329088198222,0.0,0.0,0.0,0.0,0.0,0.42733923868094353,70.86617666790711,0.0,0.0,0.0,0.0,0.04072149001877924
385.0,1.2695853619143926,0.0,0.353317669,0.0,0.0,0.0,0.8985646588866258,0.0,0.0,0.0,0.0,0.0,0.3710207030277667,70.43883662082735,0.0,0.0,1.1102230246251565e-16,0.0,0.040721490483305575
386.0,1.2457264334412355,0.0,0.3702548,0.0,0.0,0.0,0.941639513825548,0.0,0.0,0.0,0.0,0.0,0.3040869196156874,70.06781511427559,0.0,0.0,0.0,0.0,0.04072149094783191
387.0,1.206794538039111,0.0,0.378476028,0.0,0.0,0.0,0.9625479075505422,0.0,0.0,0.0,0.0,0.0,0.24424663048856884,69.76372739536829,0.0,0.0,1.1102230246251565e-16,0.0,0.040721491412358264
388.0,1.165948275193529,0.0,0.379525177,0.0,0.0,0.0,0.9652161245575616,0.0,0.0,0.0,0.0,0.0,0.2007321506359675,69.51947996905699,0.0,0.0,0.0,0.0,0.040721491876884605
389.0,1.1334211594596162,0.0,0.3789652,0.0,0.0,0.0,0.9637919796983093,0.0,0.0,0.0,0.0,0.0,0.16962917976130693,69.3187470253845,0.0,0.0,0.0,0.0,0.04072149234141096
390.0,1.1077056800094147,0.0,0.378077015,0.0,0.0,0.0,0.9615331295994393,0.0,0.0,0.0,0.0,0.0,0.14617255040997562,69.14911705487651,0.0,0.0,0.0,0.0,0.04072149280593731
391.0,1.0954721439865152,0.0,0.378191245,0.0,0.0,0.0,0.9618236416513135,0.0,0.0,0.0,0.0,0.0,0.13364850233520173,69.00294371565491,0.0,0.0,0.0,0.0,0.04072149327046368
392.0,1.094302966554605,0.0,0.379267444,0.0,0.0,0.0,0.9645606527667386,0.0,0.0,0.0,0.0,0.0,0.12974231378786621,68.86929442617551,0.0,0.0,0.0,0.0,0.04072149373499005
393.0,1.1034186960924106,0.0,0.380579386,0.0,0.0,0.0,0.9678972102591664,0.0,0.0,0.0,0.0,0.0,0.1355214858332443,68.73955132676807,0.0,0.0,0.0,0.0,0.04072149419951642
394.0,1.1325089441006533,0.0,0.38250962,0.0,0.0,0.0,0.972806220501112,0.0,0.0,0.0,0.0,0.0,0.15970272359954135,68.60402905679526,0.0,0.0,0.0,0.0,0.04072149466404279
395.0,1.1931669827704723,0.0,0.383627517,0.0,0.0,0.0,0.9756492788155133,0.0,0.0,0.0,0.0,0.0,0.21751770395495884,68.44432555060212,0.0,0.0,0.0,0.0,0.040721495128569186
396.0,1.2546108971133885,0.0,0.388586511,0.0,0.0,0.0,0.9882610928938829,0.0,0.0,0.0,0.0,0.0,0.26634980421950566,68.22680706587535,0.0,0.0,-1.1102230246251565e-16,0.0,0.040721495593095576
397.0,1.283399214685918,1.13e-05,0.39534126,0.0,0.0,1.1958751453418143e-05,1.0054399074949996,0.0,0.0,0.0,0.0,0.0,0.27794734843946517,67.96045648336536,0.0,0.0,2.220446049250313e-16,0.0,0.04072149605762197
398.0,1.2919367795595922,0.088658777,0.373113023,0.0,0.0,0.09382728126610841,0.9489086045061415,0.0,0.0,0.0,0.0,0.0,0.24920089378734245,67.68250835967379,0.0,-1.3877787807814457e-17,0.0,0.0,0.04072149652214836
399.0,1.2790993826652666,0.464422498,0.310592993,0.0,0.0,0.4914967453944766,0.7899063966926068,0.0,0.0,0.0,0.0,0.002303759421816828,0.0,67.433306693805,0.0,-5.551115123125783e-17,1.1102230246251565e-16,0.0,0.019953533523470637
400.0,1.25429397722342,0.5773696,0.276691405,0.0,0.0,0.6110282781557037,0.7036871907775613,0.0,0.0,0.0,0.0,0.06042149170984491,0.0,67.43443476668298,0.0,0.0,1.1102230246251565e-16,0.0,0.019953533751088583
401.0,1.2281545103528555,0.580622513,0.270284181,0.0,0.0,0.6144708248872606,0.687392208802091,0.0,0.0,0.0,0.0,0.07370852333649612,0.0,67.46404052836924,0.0,0.0,0.0,0.0,0.019953533978706525
402.0,1.2036831556058407,0.554152282,0.285613231,0.0,0.0,0.5864574697152638,0.7263773595399274,0.0,0.0,0.0,0.0,0.10915167364935051,0.0,67.50015693521482,0.0,0.0,1.1102230246251565e-16,0.0,0.01995353420632447
403.0,1.1804859044705227,0.541302648,0.306583999,0.0,0.0,0.5728587458857602,0.7797106418743317,0.0,0.0,0.0,0.0,0.17208348328956916,0.0,67.55364048530171,0.0,0.0,0.0,0.0,0.019953534433942422
404.0,1.1668861867597866,0.555521495,0.313091722,0.0,0.0,0.5879065031625018,0.7956664424326814,0.0,0.0,0.0,0.0,0.21668675883539654,0.0,67.6379606215022,0.0,0.0,0.0005947725114157087,0.0,1.05e-08
405.0,1.1729397849283036,0.587810902,0.329863632,0.0,0.0,0.6220782724449142,0.7675482713187861,0.0,0.0,0.0,0.0,0.21668675883539654,0.0,67.74413636175828,0.0,-1.1102230246251565e-16,0.07136760516737828,0.0,1.05e-08
406.0,1.2104840851365126,0.515075258,0.397646436,0.0,0.0,0.5451023885156836,0.9447814590577264,0.0,0.06271300360150077,0.0,0.0,0.21668675883539654,0.0,67.85031210080315,0.0,0.0,0.06652101877511174,0.0,1.05e-08
407.0,1.2582490517962006,0.205260122,0.491860572,0.0,0.0,0.21722608692887482,1.2509097785850067,0.0,0.0,0.006799945117715719,0.056441703241350685,0.21668675883539654,0.0,67.95648783863685,0.0,-2.7755575615628914e-17,0.0,0.0,1.1666679909865032e-08
408.0,1.2863863987839306,0.006027924,0.568984214,0.0,0.0,0.006379331406733991,1.447052188507405,0.0,0.0,0.049641637705188195,0.049641694054964366,0.21668675883539654,0.0,68.06266357525935,0.0,0.0,0.0,0.0,1.166669315307843e-08
409.0,1.2899024964820927,0.0,0.611649462,0.0,0.0,0.0,1.5065892553174893,0.0,0.0,0.0,0.0,0.21668675883539654,0.0,68.16883931067066,0.0,0.0,0.0489700568895044,0.0,1.05e-08
410.0,1.2760586648020567,0.0,0.626475661,0.0,0.0,0.0,1.492745423637453,0.0,0.0,0.0,0.0,0.21668675883539654,0.0,68.27501504487078,0.0,0.0,0.10052017844948491,0.0,1.05e-08
411.0,1.238428710569532,0.0,0.629917822,0.0,0.0,0.0,1.4551154694049284,0.0,0.0,0.0,0.0,0.21668675883539654,0.0,68.38119077785973,0.0,0.0,0.1469043063228357,0.0,1.05e-08
412.0,1.198554620899934,0.0,0.629616463,0.0,0.0,0.0,1.4152413797353305,0.0,0.0,0.0,0.0,0.21668675883539654,0.0,68.48736650963747,0.0,0.0,0.18601197367394628,0.0,1.05e-08
413.0,1.1703273371866727,0.0,0.625174636,0.0,0.0,0.0,1.4095537285528281,0.0,0.022539632530758923,0.0,0.0,0.21668675883539654,0.0,68.59354224020403,0.0,0.0,0.18040308037741126,0.0,1.05e-08
414.0,1.1585199299347442,0.0,0.617536918,0.0,0.0,0.0,1.5705324096672002,0.0,0.19532572089705955,0.0,0.02028566927768303,0.21668675883539654,0.0,68.6997179695594,0.0,0.0,0.0,0.0,1.050001191887853e-08
415.0,1.1502521752376647,0.0,0.606468921,0.0,0.0,0.0,1.5423840553066286,0.0,0.17544512123356754,0.0,0.19607879505816486,0.21668675883539654,0.0,68.80589369770358,0.0,0.0,2.220446049250313e-16,0.0,1.0500023837770588e-08
416.0,1.151414928617751,0.0,0.590220433,0.0,0.0,0.0,1.5010605712067053,0.0,0.13295888375355788,0.0,0.353979181593453,0.21668675883539654,0.0,68.91206942463657,0.0,0.0,2.220446049250313e-16,0.0,1.0500035756676175e-08
417.0,1.1624386015471904,0.0,0.577691366,0.0,0.0,0.0,1.4691963940007173,0.0,0.09007103361813022,0.0,0.47364177515926664,0.21668675883539654,0.0,69.01824515035837,0.0,0.0,0.0,0.0,1.0500047675595293e-08
418.0,1.1941263078428088,0.0,0.568487642,0.0,0.0,0.0,1.445789296529612,0.0,0.03497622985140663,0.0,0.5547051677705958,0.21668675883539654,0.0,69.12442087486899,0.0,0.0,2.220446049250313e-16,0.0,1.050005959452794e-08
419.0,1.2576045052632245,0.0,0.560117288,0.0,0.0,0.0,1.4245016425380699,0.0,0.0,0.04978962156055145,0.5861831449743845,0.21668675883539654,0.0,69.2305965981684,0.0,0.0,0.0,0.0,1.1666746126082354e-08
420.0,1.3186415629906407,0.0,0.555313416,0.0,0.0,0.0,1.41228433787501,0.0,0.0,0.12304398395102722,0.5363928580197597,0.21668675883539654,0.0,69.33677232025664,0.0,0.0,0.0,0.0,1.1666759369370917e-08
421.0,1.3352413129030367,7.14e-06,0.54384098,0.0,0.0,7.55623764401819e-06,1.3831074060501298,0.0,0.0,0.16881310945065936,0.4133482651931076,0.21668675883539654,0.0,69.44294804113369,0.0,-8.470329472543003e-22,0.0,0.0,1.1666772612674513e-08
422.0,1.3153760033136022,0.074019154,0.475457886,0.0,0.0,0.07833421818391871,1.2091941350053066,0.0,0.0,0.24453440895977321,0.24453468653843194,0.21668675883539654,0.0,69.54912376079955,0.0,0.0,2.220446049250313e-16,0.0,1.1666785855993142e-08
423.0,1.2751592975467412,0.476977697,0.394507244,0.0,0.0,0.5047838696678574,0.9870621867142804,0.0,0.0,0.0,0.0,0.21668675883539654,0.0,69.65529947925421,0.0,0.0,0.01625663438085967,0.0,1.05e-08
424.0,1.2281823479107583,0.597749599,0.339708951,0.0,0.0,0.6325963615771117,0.8122727451690431,0.0,0.0,0.0,0.0,0.21668675883539654,0.0,69.7614751964977,0.0,0.0,0.05168194619978428,0.0,1.05e-08
425.0,1.1868028887638107,0.609308094,0.330267392,0.0,0.0,0.6448286774072512,0.7586609701919562,0.0,0.0,0.0,0.0,0.21668675883539654,0.0,69.86765091252998,0.0,-1.1102230246251565e-16,0.08128175691195083,0.0,1.05e-08
426.0,1.151374242956201,0.5733387,0.365810423,0.0,0.0,0.6067623904359176,0.7612986113556802,0.0,0.0,0.0,0.0,0.21668675883539654,0.0,69.97382662735109,0.0,-1.1102230246251565e-16,0.16903787277913196,0.0,1.05e-08
427.0,1.1229520963376214,0.556546973,0.393296099,0.0,0.0,0.5889917630317892,0.7506470921412286,0.0,0.0,0.0,0.0,0.21668675883539654,0.0,70.080002340961,0.0,0.0,0.24959152043542032,0.0,1.05e-08
428.0,1.1054658272735574,0.57403147,0.404899941,0.0,0.0,0.6074955465637393,0.7146570395452148,0.0,0.0,0.0,0.0,0.21668675883539654,0.0,70.18617805335973,0.0,-1.1102230246251565e-16,0.31509269925961125,0.0,1.05e-08
429.0,1.1099305432910167,0.601320264,0.444754556,0.0,0.0,0.6363751841663524,0.6902421179600607,0.0,0.0,0.0,0.0,0.21668675883539654,0.0,70.29235376454726,0.0,0.0,0.4408666857165898,0.0,1.05e-08
430.0,1.1462692631069813,0.546487937,0.564693945,0.0,0.0,0.5783463195463923,0.7846097023959855,0.0,0.0,0.0,0.0,0.21668675883539654,0.0,70.39852947452361,0.0,0.0,0.6515313870106361,0.0,1.05e-08
431.0,1.198576034406013,0.229882851,0.641893334,0.0,0.0,0.24328423703647403,1.1719785562049356,0.0,0.0,0.0,0.0,0.21668675883539654,0.0,70.50470518328876,0.0,0.0,0.46049758443016264,0.0,1.05e-08
432.0,1.2245763134870644,0.006584161,0.696589874,0.0,0.0,0.006967995126397262,1.4342950771960636,0.0,0.0,0.0,0.0,0.21668675883539654,0.0,70.61088089084274,0.0,-8.673617379884035e-19,0.337286412872829,0.0,1.05e-08
433.0,1.2340389418233488,0.0,0.728531935,0.0,0.0,0.0,1.4507257006587453,0.0,0.0,0.0,0.0,0.21668675883539654,0.0,70.71705659718552,0.0,0.0,0.4020914865317673,0.0,1.05e-08
434.0,1.2172914387190084,0.0,0.74593198,0.0,0.0,0.0,1.4339781975544048,0.0,0.0,0.0,0.0,0.21668675883539654,0.0,70.8232323023171,0.0,0.0,0.46309113684484804,0.0,1.05e-08
435.0,1.1808970437872384,0.0,0.751336251,0.0,0.0,0.0,1.3975838026226348,0.0,0.0,0.0,0.0,0.21668675883539654,0.0,70.9294080062375,0.0,0.0,0.5132297833488366,0.0,1.05e-08
436.0,1.1387445570708412,0.0,0.744147187,0.0,0.0,0.0,1.3554313159062379,0.0,0.0,0.0,0.0,0.21668675883539654,0.0,71.03558370894672,0.0,0.0,0.5370988967509085,0.0,1.05e-08
437.0,1.1038705210706763,0.0,0.72564137,0.0,0.0,0.0,1.3205572799060727,0.0,0.0,0.0,0.0,0.21668675883539654,0.0,71.14175941044473,0.0,0.0,0.5249085637737514,0.0,1.05e-08
438.0,1.076835969646012,0.0,0.70507729,0.0,0.0,0.0,1.2935227284814084,0.0,0.0,0.0,0.0,0.21668675883539654,0.0,71.24793511073158,0.0,0.0,0.49964413003071595,0.0,1.05e-08
439.0,1.0616088254732763,0.0,0.680963665,0.0,0.0,0.0,1.278295584308673,0.0,0.0,0.0,0.0,0.21668675883539654,0.0,71.35411080980722,0.0,0.0,0.45354501422904603,0.0,1.05e-08
440.0,1.0606345109466844,0.0,0.656160524,0.0,0.0,0.0,1.2773212697820808,0.0,0.0,0.0,0.0,0.21668675883539654,0.0,71.46028650767168,0.0,0.0,0.39143947771093446,0.0,1.05e-08
441.0,1.0680885524127641,0.0,0.635558177,0.0,0.0,0.0,1.2847753112481606,0.0,0.0,0.0,0.0,0.21668675883539654,0.0,71.56646220432495,0.0,0.0,0.33158912966693777,0.0,1.05e-08
442.0,1.100352282021906,0.0,0.622916418,0.0,0.0,0.0,1.3170390408573025,0.0,0.0,0.0,0.0,0.21668675883539654,0.0,71.67263789976703,0.0,0.0,0.2671746222727145,0.0,1.05e-08
443.0,1.1655799628889711,0.0,0.616584728,0.0,0.0,0.0,1.3822667217243676,0.0,0.0,0.0,0.0,0.21668675883539654,0.0,71.77881359399792,0.0,0.0,0.18584405903033896,0.0,1.05e-08
444.0,1.223674804881141,0.0,0.612923494,0.0,0.0,0.0,1.498837596479917,0.0,0.05847603276337941,0.0,0.0,0.21668675883539654,0.0,71.88498928701763,0.0,0.0,0.059961859738925316,0.0,1.05e-08
445.0,1.236077507602064,8.34e-06,0.591944807,0.0,0.0,8.826193550575869e-06,1.5054460341230897,0.0,0.0526905938791799,0.0,0.052628429487041474,0.21668675883539654,0.0,71.99116497882616,0.0,0.0,2.220446049250313e-16,0.0,1.050001191887853e-08
446.0,1.2096018486860602,0.075202339,0.490186576,0.0,0.0,0.07958637883333576,1.2466524380195747,0.0,0.0,0.10004979066854641,0.10004990423819421,0.21668675883539654,0.0,72.09734066942347,0.0,-1.3877787807814457e-17,0.0,0.0,1.166669315307843e-08
447.0,1.1708134237746646,0.448259426,0.409735889,0.0,0.0,0.474391421432379,0.9131087611776821,0.0,0.0,0.0,0.0,0.21668675883539654,0.0,72.20351635880961,0.0,0.0,0.12893985862370527,0.0,1.05e-08
448.0,1.1269157363128335,0.546535471,0.394034356,0.0,0.0,0.5783966246164443,0.7652058705317859,0.0,0.0,0.0,0.0,0.21668675883539654,0.0,72.30969204698457,0.0,-1.1102230246251565e-16,0.2369102922145252,0.0,1.05e-08
449.0,1.0875684188927777,0.551369996,0.413653284,0.0,0.0,0.5835129859324032,0.720742191795771,0.0,0.0,0.0,0.0,0.21668675883539654,0.0,72.41586773394833,0.0,0.0,0.3312692263900334,0.0,1.05e-08
450.0,1.0553261027897147,0.529097723,0.463347202,0.0,0.0,0.559942315391724,0.7120705462333873,0.0,0.0,0.0,0.0,0.21668675883539654,0.0,72.5220434197009,0.0,-1.1102230246251565e-16,0.46632345169373746,0.0,1.05e-08
451.0,1.0293022688519764,0.518317971,0.505817701,0.0,0.0,0.5485341406220348,0.6974548870653382,0.0,0.0,0.0,0.0,0.21668675883539654,0.0,72.62821910424228,0.0,0.0,0.5889509449562761,0.0,1.05e-08
452.0,1.009980862316947,0.52414762,0.523883018,0.0,0.0,0.5547036382726249,0.6719639828797186,0.0,0.0,0.0,0.0,0.21668675883539654,0.0,72.73439478757248,0.0,0.0,0.6603859295886163,0.0,1.05e-08
453.0,1.0110536789715021,0.535901263,0.569214045,0.0,0.0,0.5671424785654751,0.6605979592414236,0.0,0.0,0.0,0.0,0.21668675883539654,0.0,72.84057046969149,0.0,0.0,0.7870387401247253,0.0,1.05e-08
454.0,1.035544305873988,0.469638472,0.64461368,0.0,0.0,0.4970167928859359,0.7552142718234486,0.0,0.0,0.0,0.0,0.21668675883539654,0.0,72.94674615059931,0.0,0.0,0.8841803079105545,0.0,1.05e-08
455.0,1.075641096006807,0.193859267,0.70074592,0.0,0.0,0.20516060097299343,1.08716725386921,0.0,0.0,0.0,0.0,0.21668675883539654,0.0,73.05292183029594,0.0,0.0,0.694983976645658,0.0,1.05e-08
456.0,1.0914207086363794,0.008240053,0.734740036,0.0,0.0,0.00872041998141527,1.2993870474903606,0.0,0.0,0.0,0.0,0.21668675883539654,0.0,73.15909750878137,0.0,-1.734723475976807e-18,0.5692187080250459,0.0,1.05e-08
457.0,1.0952216059653914,0.0,0.739924708,0.0,0.0,0.0,1.311908364800788,0.0,0.0,0.0,0.0,0.21668675883539654,0.0,73.26527318605562,0.0,0.0,0.5698831536579343,0.0,1.05e-08
458.0,1.0821293883487264,0.0,0.731164626,0.0,0.0,0.0,1.298816147184123,0.0,0.0,0.0,0.0,0.21668675883539654,0.0,73.3714488621187,0.0,0.0,0.5606965531321959,0.0,1.05e-08
459.0,1.0496258274715002,0.0,0.714421274,0.0,0.0,0.0,1.2663125863068967,0.0,0.0,0.0,0.0,0.21668675883539654,0.0,73.47762453697058,0.0,0.0,0.5506180817519337,0.0,1.05e-08
460.0,1.0138759790727065,0.0,0.700625149,0.0,0.0,0.0,1.230562737908103,0.0,0.0,0.0,0.0,0.21668675883539654,0.0,73.58380021061127,0.0,0.0,0.5512813453510799,0.0,1.05e-08
461.0,0.97498691068274,0.0,0.685511912,0.0,0.0,0.0,1.1916736695181365,0.0,0.0,0.0,0.0,0.21668675883539654,0.0,73.68997588304076,0.0,0.0,0.5517341230001558,0.0,1.05e-08
462.0,0.946813160734676,0.0,0.662976373,0.0,0.0,0.0,1.1634999195700726,0.0,0.0,0.0,0.0,0.21668675883539654,0.0,73.79615155425908,0.0,0.0,0.5225950332827876,0.0,1.05e-08
463.0,0.927890045412715,0.0,0.638380736,0.0,0.0,0.0,1.1445768042481115,0.0,0.0,0.0,0.0,0.21668675883539654,0.0,73.9023272242662,0.0,0.0,0.47896602593973636,0.0,1.05e-08
464.0,0.9185451913598647,0.0,0.609713732,0.0,0.0,0.0,1.1352319501952612,0.0,0.0,0.0,0.0,0.21668675883539654,0.0,74.00850289306213,0.0,0.0,0.41540437423116217,0.0,1.05e-08
465.0,0.9178770899702017,0.0,0.579158499,0.0,0.0,0.0,1.1345638488055982,0.0,0.0,0.0,0.0,0.21668675883539654,0.0,74.11467856064688,0.0,0.0,0.33836378758505536,0.0,1.05e-08
466.0,0.9281662796411333,0.0,0.552296973,0.0,0.0,0.0,1.1915879722901614,0.0,0.0467349338136316,0.0,0.0,0.21668675883539654,0.0,74.22085422702044,0.0,0.0,0.21302488659253727,0.0,1.05e-08
467.0,0.9510508935876987,0.0,0.528112129,0.0,0.0,0.0,1.3431054733036145,0.0,0.17536782088051922,0.0,0.04206144043226844,0.21668675883539654,0.0,74.32702989218281,0.0,0.0,0.0,0.0,1.050001191887853e-08
468.0,0.9836379671386326,0.0,0.506078942,0.0,0.0,0.0,1.2870702254291577,0.0,0.08674549945512866,0.0,0.19989243147953287,0.21668675883539654,0.0,74.43320555613398,0.0,0.0,2.220446049250313e-16,0.0,1.0500023837770588e-08
469.0,1.0068823279873242,9.51e-06,0.470639472,0.0,0.0,1.0064400559469607e-05,1.196939846833026,0.0,0.0,0.026619175589135475,0.2779631540852529,0.21668675883539654,0.0,74.53938121887398,0.0,0.0,0.0,0.0,1.166670639630686e-08
470.0,1.0078116741511502,0.078329839,0.398253924,0.0,0.0,0.0828962014148017,1.012847453630518,0.0,0.0,0.1287547779412271,0.25134366297180233,0.21668675883539654,0.0,74.64555688040278,0.0,0.0,0.0,0.0,1.1666719639550327e-08
471.0,0.9931391397858592,0.382464302,0.280425768,0.0,0.0,0.40476066614363326,0.7131844984688273,0.0,0.0,0.09188073400879533,0.1225885997228431,0.21668675883539654,0.0,74.75173254072041,0.0,-5.551115123125783e-17,0.0,0.0,1.1666732882808823e-08
472.0,0.970331614461178,0.495844745,0.248330782,0.0,0.0,0.5247508022069468,0.6315598793868389,0.0,0.0,0.030707691702788902,0.030707726560050552,0.21668675883539654,0.0,74.85790819982682,0.0,-1.1102230246251565e-16,0.0,0.0,1.1666746126082354e-08
473.0,0.9432049849603743,0.523219935,0.281816868,0.0,0.0,0.5537218724016456,0.6061698713941251,0.0,0.0,0.0,0.0,0.21668675883539654,0.0,74.96408385772207,0.0,0.0,0.11055250079756185,0.0,1.05e-08
474.0,0.9184745267898042,0.513750505,0.315216407,0.0,0.0,0.5437004069347836,0.5914608786904171,0.0,0.0,0.0,0.0,0.21668675883539654,0.0,75.07025951440613,0.0,0.0,0.21020387822108288,0.0,1.05e-08
475.0,0.9008190910277165,0.506469152,0.328153058,0.0,0.0,0.5359945758930491,0.5815112739700641,0.0,0.0,0.0,0.0,0.21668675883539654,0.0,75.17643516987899,0.0,-1.1102230246251565e-16,0.25305423603949384,0.0,1.05e-08
476.0,0.889332886366972,0.513585735,0.343471581,0.0,0.0,0.5435260314058474,0.5624936137965211,0.0,0.0,0.0,0.0,0.21668675883539654,0.0,75.28261082414068,0.0,0.0,0.31103027447105136,0.0,1.05e-08
477.0,0.8905320427073927,0.517430115,0.370752004,0.0,0.0,0.547594525645891,0.5596242758968983,0.0,0.0,0.0,0.0,0.21668675883539654,0.0,75.38878647719116,0.0,0.0,0.38327973722165587,0.0,1.05e-08
478.0,0.9148684923661103,0.445640094,0.431848099,0.0,0.0,0.4716193913118494,0.6599358598896574,0.0,0.0,0.0,0.0,0.21668675883539654,0.0,75.49496212903045,0.0,0.0,0.43834898068188166,0.0,1.05e-08
479.0,0.9479416525050363,0.203680249,0.520032307,0.0,0.0,0.21555411272224065,0.9490742986181921,0.0,0.0,0.0,0.0,0.21668675883539654,0.0,75.60113777965856,0.0,0.0,0.37348240756646267,0.0,1.05e-08
480.0,0.9623400939925169,0.009264786,0.563661628,0.0,0.0,0.009804891419744078,1.1692219614081694,0.0,0.0,0.0,0.0,0.21668675883539654,0.0,75.70731342907548,0.0,0.0,0.2642937184750811,0.0,1.05e-08
481.0,0.9687191774534337,0.0,0.569200267,0.0,0.0,0.0,1.1854059362888303,0.0,0.0,0.0,0.0,0.21668675883539654,0.0,75.81348907728122,0.0,0.0,0.26219572258838664,0.0,1.05e-08
482.0,0.9546440799077451,0.0,0.560520755,0.0,0.0,0.0,1.1713308387431416,0.0,0.0,0.0,0.0,0.21668675883539654,0.0,75.91966472427576,0.0,0.0,0.2541969092491305,0.0,1.05e-08
483.0,0.9284318071165122,0.0,0.551899707,0.0,0.0,0.0,1.1451185659519088,0.0,0.0,0.0,0.0,0.21668675883539654,0.0,76.02584037005913,0.0,0.0,0.25848395798550516,0.0,1.05e-08
484.0,0.8981102825087304,0.0,0.543168374,0.0,0.0,0.0,1.114797041344127,0.0,0.0,0.0,0.0,0.21668675883539654,0.0,76.13201601463129,0.0,0.0,0.26659977949053437,0.0,1.05e-08
485.0,0.8662148652041463,0.0,0.530364774,0.0,0.0,0.0,1.0829016240395428,0.0,0.0,0.0,0.0,0.21668675883539654,0.0,76.23819165799227,0.0,0.0,0.26593282169770815,0.0,1.05e-08
486.0,0.8418227404296234,0.0,0.516310629,0.0,0.0,0.0,1.05850949926502,0.0,0.0,0.0,0.0,0.21668675883539654,0.0,76.34436730014208,0.0,0.0,0.25458215997754197,0.0,1.05e-08
487.0,0.8264735392722378,0.0,0.50364748,0.0,0.0,0.0,1.0431602981076344,0.0,0.0,0.0,0.0,0.21668675883539654,0.0,76.45054294108068,0.0,0.0,0.2377261838681899,0.0,1.05e-08
488.0,0.8152014696722827,0.0,0.490824342,0.0,0.0,0.0,1.0318882285076794,0.0,0.0,0.0,0.0,0.21668675883539654,0.0,76.55671858080811,0.0,0.0,0.2163861889330252,0.0,1.05e-08
489.0,0.8145976088008565,0.0,0.486467478,0.0,0.0,0.0,1.031284367636253,0.0,0.0,0.0,0.0,0.21668675883539654,0.0,76.66289421932433,0.0,0.0,0.20590958494953515,0.0,1.05e-08
490.0,0.8191265653365527,0.0,0.485770861,0.0,0.0,0.0,1.0358133241719494,0.0,0.0,0.0,0.0,0.21668675883539654,0.0,76.76906985662937,0.0,0.0,0.19960897793637677,0.0,1.05e-08
491.0,0.8369832880557825,0.0,0.485831995,0.0,0.0,0.0,1.053670046891179,0.0,0.0,0.0,0.0,0.21668675883539654,0.0,76.87524549272324,0.0,0.0,0.18190773244536462,0.0,1.05e-08
492.0,0.8632876389231549,0.0,0.489320396,0.0,0.0,0.0,1.0799743977585514,0.0,0.0,0.0,0.0,0.21668675883539654,0.0,76.98142112760591,0.0,0.0,0.1644751537242779,0.0,1.05e-08
493.0,0.8897889940464535,4.01e-06,0.48573677,0.0,0.0,4.243769321080244e-06,1.106471509112529,0.0,0.0,0.0,0.0,0.21668675883539654,0.0,77.08759676127738,0.0,0.0,0.12886409207344363,0.0,1.05e-08
494.0,0.9031124775287712,0.072691989,0.4383021,0.0,0.0,0.07692968399164651,1.0428695523725213,0.0,0.0,0.0,0.0,0.21668675883539654,0.0,77.19377239373767,0.0,0.0,0.07182923438923505,0.0,1.05e-08
495.0,0.8999497026809115,0.408323576,0.421194195,0.0,0.0,0.4321274476066278,0.6845090139096803,0.0,0.0,0.0,0.0,0.21668675883539654,0.0,77.29994802498676,0.0,0.0,0.3866806020141189,0.0,1.05e-08
496.0,0.8926005873946186,0.534750142,0.439078845,0.0,0.0,0.5659242511378814,0.5433630950921338,0.0,0.0,0.0,0.0,0.21668675883539654,0.0,77.40612365502469,0.0,0.0,0.5733111253011822,0.0,1.05e-08
497.0,0.8872001011615094,0.547282284,0.456112499,0.0,0.0,0.5791869742668143,0.5246998857300916,0.0,0.0,0.0,0.0,0.21668675883539654,0.0,77.51229928385142,0.0,-1.1102230246251565e-16,0.635294668852633,0.0,1.05e-08
498.0,0.8819088238094028,0.532800669,0.479378994,0.0,0.0,0.5638611305120274,0.534734452132772,0.0,0.0,0.0,0.0,0.21668675883539654,0.0,77.61847491146695,0.0,0.0,0.6844319242338283,0.0,1.05e-08
499.0,0.8784912282392037,0.518281734,0.50701075,0.0,0.0,0.5484957911285465,0.5466821959460536,0.0,0.0,0.0,0.0,0.21668675883539654,0.0,77.72465053787131,0.0,0.0,0.7427578224799775,0.0,1.05e-08
500.0,0.8765597299908832,0.518794397,0.537305155,0.0,0.0,0.5490383406326494,0.5442081481936303,0.0,0.0,0.0,0.0,0.21668675883539654,0.0,77.83082616306447,0.0,0.0,0.8222772152106004,0.0,1.05e-08
501.0,0.882493412525358,0.520325599,0.560079853,0.0,0.0,0.5506588064860103,0.5485213648747442,0.0,0.0,0.0,0.0,0.21668675883539654,0.0,77.93700178704646,0.0,-1.1102230246251565e-16,0.8758850722123763,0.0,1.05e-08
502.0,0.9041617393266393,0.478224112,0.585844886,0.0,0.0,0.5061029464105842,0.6147455517514517,0.0,0.0,0.0,0.0,0.21668675883539654,0.0,78.04317740981723,0.0,0.0,0.8751870396159622,0.0,1.05e-08
503.0,0.9421642885649377,0.21821793,0.621883572,0.0,0.0,0.2309392909335751,0.9279117564667592,0.0,0.0,0.0,0.0,0.21668675883539654,0.0,78.14935303137683,0.0,0.0,0.6536751517763622,0.0,1.05e-08
504.0,0.9594985217358413,0.006833174,0.643749076,0.0,0.0,0.007231524734863634,1.1689537558363743,0.0,0.0,0.0,0.0,0.21668675883539654,0.0,78.25552865172526,0.0,0.0,0.4682419454760347,0.0,1.05e-08
505.0,0.9634899992689561,0.0,0.655107193,0.0,0.0,0.0,1.1801767581043525,0.0,0.0,0.0,0.0,0.21668675883539654,0.0,78.36170427086248,0.0,0.0,0.4859051366344582,0.0,1.05e-08
506.0,0.9409736976269486,0.0,0.658908711,0.0,0.0,0.0,1.1576604564623452,0.0,0.0,0.0,0.0,0.21668675883539654,0.0,78.46787988878852,0.0,0.0,0.5180895359252176,0.0,1.05e-08
507.0,0.9046499672652393,0.0,0.665222893,0.0,0.0,0.0,1.1213367261006357,0.0,0.0,0.0,0.0,0.21668675883539654,0.0,78.57405550550335,0.0,0.0,0.5704716219616841,0.0,1.05e-08
508.0,0.8634418161669233,0.0,0.674900541,0.0,0.0,0.0,1.08012857500232,0.0,0.0,0.0,0.0,0.21668675883539654,0.0,78.68023112100701,0.0,0.0,0.6362921636561372,0.0,1.05e-08
509.0,0.8274350056951822,0.0,0.683015271,0.0,0.0,0.0,1.044121764530579,0.0,0.0,0.0,0.0,0.21668675883539654,0.0,78.7864067352995,0.0,0.0,0.6929365199801552,0.0,1.05e-08
510.0,0.8001285027433154,0.0,0.693708301,0.0,0.0,0.0,1.016815261578712,0.0,0.0,0.0,0.0,0.21668675883539654,0.0,78.89258234838078,0.0,0.0,0.7474377536161942,0.0,1.05e-08
511.0,0.7842032782724062,0.0,0.70431704,0.0,0.0,0.0,1.0008900371078029,0.0,0.0,0.0,0.0,0.21668675883539654,0.0,78.99875796025087,0.0,0.0,0.7903433381911777,0.0,1.05e-08
512.0,0.7794344904686259,0.0,0.707937471,0.0,0.0,0.0,0.9961212493040225,0.0,0.0,0.0,0.0,0.21668675883539654,0.0,79.1049335709098,0.0,0.0,0.8043196795139916,0.0,1.05e-08
513.0,0.7898243236181285,0.0,0.710347533,0.0,0.0,0.0,1.006511082453525,0.0,0.0,0.0,0.0,0.21668675883539654,0.0,79.21110918035751,0.0,0.0,0.8000591649039634,0.0,1.05e-08
514.0,0.826246556107801,0.0,0.71471437,0.0,0.0,0.0,1.0429333149431974,0.0,0.0,0.0,0.0,0.21668675883539654,0.0,79.31728478859405,0.0,0.0,0.7747427608049979,0.0,1.05e-08
515.0,0.8955984782456704,0.0,0.721942338,0.0,0.0,0.0,1.112285237081067,0.0,0.0,0.0,0.0,0.21668675883539654,0.0,79.42346039561939,0.0,0.0,0.7237731534229843,0.0,1.05e-08
516.0,0.9631923515344588,0.0,0.726734898,0.0,0.0,0.0,1.1798791103698554,0.0,0.0,0.0,0.0,0.21668675883539654,0.0,79.52963600143356,0.0,0.0,0.6683678158895185,0.0,1.05e-08
517.0,0.9943061758671615,2.63e-05,0.716512042,0.0,0.0,2.783320028538913e-05,1.2109651015022727,0.0,0.0,0.0,0.0,0.21668675883539654,0.0,79.63581160603653,0.0,-3.3881317890172014e-21,0.611282850121935,0.0,1.05e-08
518.0,1.0071371487096636,0.090170428,0.627724592,0.0,0.0,0.0954270563628616,1.1283968511821987,0.0,0.0,0.0,0.0,0.21668675883539654,0.0,79.74198720942832,0.0,0.0,0.46804505754449566,0.0,1.05e-08
519.0,1.0074048175356503,0.478460318,0.631266651,0.0,0.0,0.5063529224146378,0.717738653956409,0.0,0.0,0.0,0.0,0.21668675883539654,0.0,79.8481628116089,0.0,0.0,0.8877114910300217,0.0,1.05e-08
520.0,0.9979057862390317,0.575906987,0.663776652,0.0,0.0,0.609480399807072,0.6051121452673563,0.0,0.0,0.0,0.0,0.21668675883539654,0.0,79.95433841257832,0.0,0.0,1.0830180933629867,0.0,1.05e-08
521.0,0.9867750457791976,0.592263891,0.657050959,0.0,0.0,0.6267908555135695,0.5766709491010248,0.0,0.0,0.0,0.0,0.21668675883539654,0.0,80.06051401233654,0.0,-1.1102230246251565e-16,1.0943543707364767,0.0,1.05e-08
522.0,0.9771732296534,0.574016168,0.659820112,0.0,0.0,0.6074793525093374,0.5863806359794591,0.0,0.0,0.0,0.0,0.21668675883539654,0.0,80.16668961088358,0.0,0.0,1.09168724990885,0.0,1.05e-08
523.0,0.9671666982627104,0.563359308,0.655453621,0.0,0.0,0.5962012339240389,0.5876522231740681,0.0,0.0,0.0,0.0,0.21668675883539654,0.0,80.27286520821943,0.0,0.0,1.079310714277749,0.0,1.05e-08
524.0,0.9587833106328046,0.573438514,0.647321103,0.0,0.0,0.6068680232516319,0.5686020462165693,0.0,0.0,0.0,0.0,0.21668675883539654,0.0,80.37904080434407,0.0,0.0,1.0776781065807408,0.0,1.05e-08
525.0,0.9625563704039142,0.590480121,0.633684048,0.0,0.0,0.6249030978073692,0.5543400314319415,0.0,0.0,0.0,0.0,0.21668675883539654,0.0,80.48521639925757,0.0,0.0,1.057258086614672,0.0,1.05e-08
526.0,0.9828756463222222,0.525342016,0.624215875,0.0,0.0,0.5559676634850989,0.6435947416725201,0.0,0.0,0.0,0.0,0.21668675883539654,0.0,80.59139199295984,0.0,0.0,0.9439237268448064,0.0,1.05e-08
527.0,1.013601886194896,0.238241704,0.653095554,0.0,0.0,0.25213038265263854,0.9781582623776541,0.0,0.0,0.0,0.0,0.21668675883539654,0.0,80.69756758545094,0.0,-5.551115123125783e-17,0.6828075912728238,0.0,1.05e-08
528.0,1.030424336570513,0.009658148,0.642362719,0.0,0.0,0.010221185082506863,1.2368899103234028,0.0,0.0,0.0,0.0,0.21668675883539654,0.0,80.80374317673085,0.0,-1.734723475976807e-18,0.396779979759905,0.0,1.05e-08
529.0,1.0315892313012074,0.0,0.624062342,0.0,0.0,0.0,1.248275990136604,0.0,0.0,0.0,0.0,0.21668675883539654,0.0,80.90991876679958,0.0,0.0,0.3388520101424277,0.0,1.05e-08
530.0,1.0068073807160478,0.0,0.607104202,0.0,0.0,0.0,1.2234941395514443,0.0,0.0,0.0,0.0,0.21668675883539654,0.0,81.0160943556571,0.0,0.0,0.32050557527393364,0.0,1.05e-08
531.0,0.9618390179502696,0.0,0.593883735,0.0,0.0,0.0,1.1785257767856663,0.0,0.0,0.0,0.0,0.21668675883539654,0.0,81.12226994330345,0.0,0.0,0.33185137833642964,0.0,1.05e-08
532.0,0.9138684816322238,0.0,0.58353456,0.0,0.0,0.0,1.1305552404676205,0.0,0.0,0.0,0.0,0.21668675883539654,0.0,81.22844552973861,0.0,0.0,0.35350168297754525,0.0,1.05e-08
533.0,0.8740843286881574,0.0,0.57630321,0.0,0.0,0.0,1.0907710875235541,0.0,0.0,0.0,0.0,0.21668675883539654,0.0,81.33462111496259,0.0,0.0,0.3748949199947891,0.0,1.05e-08
534.0,0.8416835526401103,0.0,0.575083548,0.0,0.0,0.0,1.058370311475507,0.0,0.0,0.0,0.0,0.21668675883539654,0.0,81.44079669897538,0.0,0.0,0.40419382691727357,0.0,1.05e-08
535.0,0.8255035074468617,0.0,0.571093787,0.0,0.0,0.0,1.0421902662822582,0.0,0.0,0.0,0.0,0.21668675883539654,0.0,81.54697228177697,0.0,0.0,0.4102270310477727,0.0,1.05e-08
536.0,0.820499171076213,0.0,0.563104003,0.0,0.0,0.0,1.0371859299116095,0.0,0.0,0.0,0.0,0.21668675883539654,0.0,81.65314786336738,0.0,0.0,0.39491158676647253,0.0,1.05e-08
537.0,0.8272529908935112,0.0,0.557016483,0.0,0.0,0.0,1.0439397497289078,0.0,0.0,0.0,0.0,0.21668675883539654,0.0,81.75932344374661,0.0,0.0,0.3726758626681135,0.0,1.05e-08
538.0,0.8591741044053901,0.0,0.547851958,0.0,0.0,0.0,1.0758608632407867,0.0,0.0,0.0,0.0,0.21668675883539654,0.0,81.86549902291463,0.0,0.0,0.3174473433766416,0.0,1.05e-08
539.0,0.9276116698336887,0.0,0.533750612,0.0,0.0,0.0,1.2408992658186146,0.0,0.09660083714952944,0.0,0.0,0.21668675883539654,0.0,81.97167460087148,0.0,0.0,0.11654611176398166,0.0,1.05e-08
540.0,0.9979528959524053,0.0,0.516243535,0.0,0.0,0.0,1.3129210244215124,0.0,0.09828136963371073,0.0,0.0869407534345765,0.21668675883539654,0.0,82.07785017761715,0.0,0.0,2.220446049250313e-16,0.0,1.050001191887853e-08
541.0,1.0322080816268888,2.46e-05,0.491095838,0.0,0.0,2.6034096084432418e-05,1.2489648915721556,0.0,9.608520595449006e-05,0.0,0.1753938874158587,0.21668675883539654,0.0,82.18402575315163,0.0,0.0,-2.220446049250313e-16,0.0,1.0500023837770588e-08
542.0,1.0451482633503935,0.089386224,0.424045664,0.0,0.0,0.09459713594473981,1.0784415296946634,0.0,0.0,0.08879635654638675,0.1754801650063543,0.21668675883539654,0.0,82.2902013274749,0.0,-1.3877787807814457e-17,0.0,0.0,1.166670639630686e-08
543.0,1.0394244331754923,0.554107224,0.348839128,0.0,0.0,0.5864097849875658,0.8871747426184565,0.0,0.21747333559513343,0.0,0.08668360926716787,0.21668675883539654,0.0,82.39637690058701,0.0,-1.1102230246251565e-16,1.1102230246251565e-16,0.0,1.0500047675595293e-08
544.0,1.0244606751275276,0.656670575,0.314687512,0.0,0.0,0.6949522294865644,0.8003196604247975,0.0,0.2541244559484378,0.0,0.28240951290562255,0.21668675883539654,0.0,82.50255247248792,0.0,0.0,0.0,0.0,1.050005959452794e-08
545.0,1.007957285992487,0.656526857,0.31597492,0.0,0.0,0.6948001332174155,0.8035938225510282,0.0,0.2737499109405601,0.0,0.5111212026877062,0.21668675883539654,0.0,82.60872804317765,0.0,0.0,0.0,0.0,1.0500071513474118e-08
546.0,0.9933104478344907,0.628196692,0.314536202,0.0,0.0,0.6648184162378291,0.7999348457651713,0.0,0.2547560553331132,0.0,0.7574955423451994,0.21668675883539654,0.0,82.71490361265619,0.0,0.0,1.1102230246251565e-16,0.0,1.0500083432433824e-08
547.0,0.9804237998761834,0.614733216,0.308794656,0.0,0.0,0.6505700655136646,0.7853328295751124,0.0,0.23879233637719693,0.0,0.9867751322890864,0.21668675883539654,0.0,82.82107918092353,0.0,-1.1102230246251565e-16,1.1102230246251565e-16,0.0,1.050009535140706e-08
548.0,0.9725008026269749,0.631101139,0.303694175,0.0,0.0,0.6678921825902739,0.7723611828898664,0.0,0.2510658040177689,0.0,1.2016871149105077,0.21668675883539654,0.0,82.9272547479797,0.0,0.0,0.0,0.0,1.0500107270393827e-08
549.0,0.9773124174429132,0.663241893,0.283680443,0.0,0.0,0.7019066329098719,0.7214618539134026,0.0,0.2293693105449646,0.0,1.427644974455405,0.21668675883539654,0.0,83.03343031382467,0.0,-1.1102230246251565e-16,0.0,0.0,1.0500119189394123e-08
550.0,0.9991413455397866,0.614032143,0.278450219,0.0,0.0,0.6498281223492661,0.708160242200175,0.0,0.14216026017425795,0.0,1.6340757333832334,0.21668675883539654,0.0,83.13960587845847,0.0,0.0,0.0,0.0,1.0500131108407949e-08
551.0,1.034595687554691,0.271895702,0.284929378,0.0,0.0,0.2877462939354554,0.7246381707260401,0.0,0.0,0.022211222893195437,1.7620181126516783,0.0,0.0,83.24578144188108,0.0,0.0,0.0,0.0,0.04072088120395425
552.0,1.0578036454430482,0.012329716,0.292729061,0.0,0.0,0.013048496383648932,0.7444744826607222,0.0,0.0,0.2932786472456189,1.7398048896388625,0.0,0.0070020191530581,83.24578049226314,0.0,0.0,1.1102230246251565e-16,0.0,0.04072156805927728
553.0,1.062989996615368,0.0,0.3083122,0.0,0.0,0.0,0.784105837694704,0.0,0.0,0.27888415892066387,1.4465242674885193,0.0,0.0,83.23877752349217,0.0,0.0,1.1102230246251565e-16,0.0,0.04072097365109942
554.0,1.0438677356868729,0.0,0.328021415,0.0,0.0,0.0,0.8342307128630562,0.0,0.0,0.20963702282381658,1.1676384665747637,0.0,0.0,83.23877657395413,0.0,0.0,1.1102230246251565e-16,0.0,0.04072101987475071
555.0,1.005569680064685,0.0,0.3506923,0.0,0.0,0.0,0.8918877672196639,0.0,0.0,0.11368191284502097,0.9580001183294945,0.0,0.0,83.2387756244161,0.0,0.0,1.1102230246251565e-16,0.0,0.040721066098454474
556.0,0.9581109265419259,0.0,0.371975874,0.0,0.0,0.0,0.9460165841150292,0.0,0.0,0.012094342426896776,0.8443171180297991,0.0,0.0,83.23877467487809,0.0,0.0,0.0,0.0,0.0407211123222107
557.0,0.9226201815666873,0.0,0.380296636,0.0,0.0,0.0,0.9671781147267542,0.0,0.04455793316006678,0.0,0.8322218171932123,0.0,0.0,83.2387737253401,0.0,0.0,0.0,0.0,0.036649042691417465
558.0,0.8986199239534092,0.0,0.375525567,0.0,0.0,0.0,0.9550442353183356,0.0,0.056424311364926344,0.0,0.872323012357321,0.0,0.0,83.2387727758021,0.0,0.0,0.0,0.0,0.036649084292892514
559.0,0.8849281281665337,0.0,0.365075342,0.0,0.0,0.0,0.9284670112327393,0.0,0.043538883066205736,0.0,0.9231039023857338,0.0,0.0,83.23877182626413,0.0,0.0,1.1102230246251565e-16,0.0,0.0366491258944148
560.0,0.8828060497141105,0.0,0.355031005,0.0,0.0,0.0,0.9029220497376286,0.0,0.02011600002351808,0.0,0.9622878493023862,0.0,0.0,83.23877087672615,0.0,0.0,0.0,0.0,0.03664916749598429
561.0,0.8942686995181681,0.0,0.344927644,0.0,0.0,0.0,0.8772269772090778,0.0,0.0,0.01704172230909024,0.9803911570017461,0.0,0.0,83.2387699271882,0.0,0.0,1.1102230246251565e-16,0.0,0.040721343441778905
562.0,0.9304468180385407,0.0,0.333061759,0.0,0.0,0.0,0.8470494179106979,0.0,0.0,0.0833974001278428,0.9633483218212419,0.0,0.0,83.23876897765027,0.0,0.0,0.0,0.0,0.04072138966584996
563.0,1.003890861188096,0.0,0.323113197,0.0,0.0,0.0,0.8217480333373086,0.0,0.0,0.18214282785078734,0.8799498281678185,0.0,0.0,83.23876802811233,0.0,0.0,0.0,0.0,0.04072143588997348
564.0,1.0744526464194257,0.0,0.319788042,0.0,0.0,0.0,0.8132914317278369,0.0,0.0,0.2611612146915888,0.6978060014595826,0.0,0.0,83.23876707857441,0.0,0.0,1.1102230246251565e-16,0.0,0.040721482114149464
565.0,1.0993565539892352,2.88e-05,0.30986802,0.0,0.0,3.0478941757384294e-05,0.7880626306610615,0.0,0.0,0.2932786472456189,0.4366439946674674,0.0,0.017984797140797287,83.23876612903648,0.0,0.0,0.0,0.0,0.040721574098131576
566.0,1.0958682938489757,0.096848169,0.269843795,0.0,0.0,0.10249408688403859,0.6862722101986006,0.0,0.0,0.14336468903640662,0.14336485177415081,0.0,0.16373730772992987,83.22078038235779,0.0,-1.3877787807814457e-17,0.0,0.0,0.04072157456265887
567.0,1.0761036277381122,0.57218876,0.196813834,0.0,0.0,0.6055454128565951,0.5005409327898034,0.0,0.0,0.0,0.0,0.02998271790828635,0.0,83.05704212529513,0.0,0.0,0.0,0.0,0.019953571763321222
568.0,1.0484909116493164,0.652285343,0.164332258,0.0,0.0,0.6903113534198763,0.41793313018217326,0.0,0.0,0.0,0.0,0.05975357195273315,0.0,83.07173270960529,0.0,0.0,5.551115123125783e-17,0.0,0.019953571990939594
569.0,1.022591276046836,0.631420775,0.190294076,0.0,0.0,0.6682304522787311,0.4839597520640431,0.0,0.0,0.0,0.0,0.1295989282959382,0.0,83.10101101222963,0.0,-1.1102230246251565e-16,5.551115123125783e-17,0.0,0.01995357221855798
570.0,1.0058758932016139,0.602061112,0.220029848,0.0,0.0,0.6371592210775703,0.5595843702710384,0.0,0.0,0.0,0.0,0.19086769814699467,0.0,83.16451353912817,0.0,0.0,0.0,0.0,0.019953572446176362
571.0,0.9919249939911832,0.588468843,0.236778375,0.0,0.0,0.6227745691608446,0.6021795636934438,0.0,0.016342380027708596,0.0,0.0,0.21668675883539654,0.0,83.25803776252933,0.0,-1.1102230246251565e-16,0.0,0.0,0.01795813468634038
572.0,0.984357460942885,0.600074483,0.233389398,0.0,0.0,0.6350567783836629,0.5935606486796589,0.0,0.027573207285040126,0.0,0.014708142024937738,0.21668675883539654,0.0,83.36421332460093,0.0,0.0,0.0,0.0,0.017958155071180947
573.0,0.9939999627302326,0.616978187,0.231369251,0.0,0.0,0.6529459106649151,0.5884229698732365,0.0,0.03068215897252232,0.0,0.039524011885820595,0.21668675883539654,0.0,83.47038888546135,0.0,-1.1102230246251565e-16,0.0,0.0,0.01795817545604465
574.0,1.023036676973278,0.552518781,0.273201943,0.0,0.0,0.5847287411791655,0.6948127202745652,0.0,0.0398180256450562,0.0,0.06713791009619907,0.21668675883539654,0.0,83.57656444511056,0.0,0.0,0.0,0.0,0.017958195840931494
575.0,1.0611634245468342,0.228520967,0.334093421,0.0,0.0,0.24184295984493537,0.8496731616247896,0.0,0.0,0.037735994986812044,0.10297405696649377,0.06808869190970272,0.0,83.68274000354862,0.0,-2.7755575615628914e-17,0.0,0.0,0.019953573584268313
576.0,1.0866562035338148,0.006490623,0.398923105,0.0,0.0,0.006869004180074269,1.0145493283165485,0.0,0.0,0.06523787103719184,0.06523794509074045,0.0,0.0,83.71610250798187,0.0,-8.673617379884035e-19,0.0,0.0,0.01995359623419401
577.0,1.095639169333931,0.0,0.459907629,0.0,0.0,0.0,1.1696464061403675,0.0,0.0,0.0,0.0,0.07400723680643645,0.0,83.7161015529988,0.0,0.0,-2.220446049250313e-16,0.0,0.019953574039505113
578.0,1.078816718958314,0.0,0.509945659,0.0,0.0,0.0,1.2955034777937104,0.0,0.0,0.0,0.0,0.21668675883539654,0.0,83.75236414405089,0.0,0.0,0.0014006607028294038,0.0,1.05e-08
579.0,1.0410475769362761,0.0,0.536319494,0.0,0.0,0.0,1.2577343357716726,0.0,0.0,0.0,0.0,0.21668675883539654,0.0,83.85853970048352,0.0,0.0,0.10624427459428065,0.0,1.05e-08
580.0,1.0006360082640968,0.0,0.547297598,0.0,0.0,0.0,1.2173227670994935,0.0,0.0,0.0,0.0,0.21668675883539654,0.0,83.96471525570496,0.0,0.0,0.17457557992696016,0.0,1.05e-08
581.0,0.964744830725182,0.0,0.549682243,0.0,0.0,0.0,1.1814315895605787,0.0,0.0,0.0,0.0,0.21668675883539654,0.0,84.07089080971521,0.0,0.0,0.21653143497565086,0.0,1.05e-08
582.0,0.9428238245521692,0.0,0.545729059,0.0,0.0,0.0,1.3849409381345366,0.0,0.2254303547469708,0.0,0.0,0.21668675883539654,0.0,84.17706636251427,0.0,0.0,0.002968268706897703,0.0,1.05e-08
583.0,0.9327038015792611,0.0,0.5359196,0.0,0.0,0.0,1.362961591837789,0.0,0.21357103142313136,0.0,0.20288731927227371,0.21668675883539654,0.0,84.28324191410213,0.0,0.0,0.0,0.0,1.050001191887853e-08
584.0,0.9326631159177111,0.0,0.521263548,0.0,0.0,0.0,1.325688023257768,0.0,0.17633814850466017,0.0,0.39510101724960917,0.21668675883539654,0.0,84.38941746447883,0.0,0.0,0.0,0.0,1.0500023837770588e-08
585.0,0.9475155237340653,0.0,0.505805371,0.0,0.0,0.0,1.2863744741156387,0.0,0.12217219154617671,0.0,0.5538049024127857,0.21668675883539654,0.0,84.49559301364432,0.0,0.0,0.0,0.0,1.0500035756676175e-08
586.0,0.9825094753682724,0.0,0.491475167,0.0,0.0,0.0,1.2499296087753895,0.0,0.050733374571720384,0.0,0.6637592461637859,0.21668675883539654,0.0,84.60176856159866,0.0,0.0,-2.220446049250313e-16,0.0,1.0500047675595293e-08
587.0,1.0597822534047425,0.0,0.481454334,0.0,0.0,0.0,1.2244444231295935,0.0,0.0,0.05202458911054569,0.7094185298253012,0.21668675883539654,0.0,84.70794410834178,0.0,0.0,0.0,0.0,1.1666732882808823e-08
588.0,1.1279157470467203,0.0,0.478258306,0.0,0.0,0.0,1.2163162199244149,0.0,0.0,0.12828628595770206,0.6573931354324997,0.21668675883539654,0.0,84.81411965387372,0.0,0.0,0.0,0.0,1.1666746126082354e-08
589.0,1.144273524340424,3.47e-05,0.469009148,0.0,0.0,3.6722891631292886e-05,1.1927935737833903,0.0,0.0,0.16812998650079888,0.5291061032481278,0.21668675883539654,0.0,84.92029519819447,0.0,0.0,2.220446049250313e-16,0.0,1.1666759369370917e-08
590.0,1.127697329284715,0.095763904,0.380696209,0.0,0.0,0.10134661293318543,0.9681943168812105,0.0,0.0,0.2748431583057157,0.3609755161431179,0.21668675883539654,0.0,85.02647074130402,0.0,1.3877787807814457e-17,0.0,0.0,1.1666772612674513e-08
591.0,1.0952044751605283,0.449480221,0.29493159,0.0,0.0,0.4756833846165007,0.7500759990671177,0.0,0.0,0.08613185031230636,0.08613194808326459,0.21668675883539654,0.0,85.13264628320242,0.0,0.0,0.0,0.0,1.1666785855993142e-08
592.0,1.0583625379517085,0.547533912,0.296974509,0.0,0.0,0.5794532713208603,0.6955960254662448,0.0,0.0,0.0,0.0,0.21668675883539654,0.0,85.23882182388961,0.0,0.0,0.0596755666193699,0.0,1.05e-08
593.0,1.0262037345223536,0.566989072,0.387739739,0.0,0.0,0.600042600783381,0.6428478925743693,0.0,0.0,0.0,0.0,0.21668675883539654,0.0,85.34499736336561,0.0,-1.1102230246251565e-16,0.34325967260184165,0.0,1.05e-08
594.0,1.0040643105873355,0.552450489,0.440137885,0.0,0.0,0.5846564679885234,0.6360946014342086,0.0,0.0,0.0,0.0,0.21668675883539654,0.0,85.45117290163044,0.0,0.0,0.4832729909578548,0.0,1.05e-08
595.0,0.9871412167331475,0.544051788,0.477203959,0.0,0.0,0.5757681513698885,0.6280598241986555,0.0,0.0,0.0,0.0,0.21668675883539654,0.0,85.55734843868406,0.0,0.0,0.5855749590597568,0.0,1.05e-08
596.0,0.9776850124486868,0.555543224,0.504430288,0.0,0.0,0.5879294988890797,0.6064422723950036,0.0,0.0,0.0,0.0,0.21668675883539654,0.0,85.66352397452651,0.0,0.0,0.6764350627569005,0.0,1.05e-08
597.0,0.9803081669433571,0.567700448,0.564662506,0.0,0.0,0.6007954475775337,0.5961994782012199,0.0,0.0,0.0,0.0,0.21668675883539654,0.0,85.76969950915776,0.0,0.0,0.8398616549032141,0.0,1.05e-08
598.0,1.0067581296520662,0.502528536,0.662417082,0.0,0.0,0.531824235422486,0.6916206530649768,0.0,0.0,0.0,0.0,0.21668675883539654,0.0,85.87587504257785,0.0,0.0,0.993051899577739,0.0,1.05e-08
599.0,1.0502489604983976,0.224244943,0.754366395,0.0,0.0,0.2373176582321167,1.0296180611016774,0.0,0.0,0.0,0.0,0.21668675883539654,0.0,85.98205057478674,0.0,0.0,0.8889018485230766,0.0,1.05e-08
600.0,1.0807889028681845,0.01061437,0.805824431,0.0,0.0,0.011233151563240526,1.2862425101403405,0.0,0.0,0.0,0.0,0.21668675883539654,0.0,86.08822610578443,0.0,0.0,0.7631465198886798,0.0,1.05e-08
601.0,1.0925299282512686,0.0,0.817020787,0.0,0.0,0.0,1.309216687086665,0.0,0.0,0.0,0.0,0.21668675883539654,0.0,86.19440163557094,0.0,0.0,0.7686471425140495,0.0,1.05e-08
602.0,1.0783670353306563,0.0,0.819317609,0.0,0.0,0.0,1.2950537941660527,0.0,0.0,0.0,0.0,0.21668675883539654,0.0,86.30057716414626,0.0,0.0,0.7886513597103328,0.0,1.05e-08
603.0,1.0420304568652996,0.0,0.822112488,0.0,0.0,0.0,1.258717215700696,0.0,0.0,0.0,0.0,0.21668675883539654,0.0,86.4067526915104,0.0,0.0,0.832095931111261,0.0,1.05e-08
604.0,1.000066409002397,0.0,0.819169727,0.0,0.0,0.0,1.2167531678377934,0.0,0.0,0.0,0.0,0.21668675883539654,0.0,86.51292821766336,0.0,0.0,0.8665758895380649,0.0,1.05e-08
605.0,0.9656998730963029,0.0,0.806848173,0.0,0.0,0.0,1.1823866319316996,0.0,0.0,0.0,0.0,0.21668675883539654,0.0,86.61910374260512,0.0,0.0,0.8696059995068439,0.0,1.05e-08
606.0,0.9406524950357644,0.0,0.79037504,0.0,0.0,0.0,1.1573392538711609,0.0,0.0,0.0,0.0,0.21668675883539654,0.0,86.7252792663357,0.0,0.0,0.8527585717490558,0.0,1.05e-08
607.0,0.926393241337797,0.0,0.774797282,0.0,0.0,0.0,1.1430800001731936,0.0,0.0,0.0,0.0,0.21668675883539654,0.0,86.8314547888551,0.0,0.0,0.8274001554813342,0.0,1.05e-08
608.0,0.922830033926261,0.0,0.761821086,0.0,0.0,0.0,1.1395167927616574,0.0,0.0,0.0,0.0,0.21668675883539654,0.0,86.9376303101633,0.0,0.0,0.7979620381490857,0.0,1.05e-08
609.0,0.9299050563347434,0.0,0.742371047,0.0,0.0,0.0,1.14659181517014,0.0,0.0,0.0,0.0,0.21668675883539654,0.0,87.04380583026031,0.0,0.0,0.7414212822299291,0.0,1.05e-08
610.0,0.9644536070425085,0.0,0.728824541,0.0,0.0,0.0,1.181140365877905,0.0,0.0,0.0,0.0,0.21668675883539654,0.0,87.14998134914615,0.0,0.0,0.6724209828240384,0.0,1.05e-08
611.0,1.0287112560841976,0.0,0.718385026,0.0,0.0,0.0,1.245398014919594,0.0,0.0,0.0,0.0,0.21668675883539654,0.0,87.2561568668208,0.0,0.0,0.5816133475858851,0.0,1.05e-08
612.0,1.0897183349031034,0.0,0.711049948,0.0,0.0,0.0,1.3064050937385,0.0,0.0,0.0,0.0,0.21668675883539654,0.0,87.36233238328425,0.0,0.0,0.5019515496875981,0.0,1.05e-08
613.0,1.102313759178737,5.09e-07,0.688429039,0.0,0.0,5.386729636982155e-07,1.31899997934117,0.0,0.0,0.0,0.0,0.21668675883539654,0.0,87.46850789853652,0.0,0.0,0.4318267097047228,0.0,1.05e-08
614.0,1.088048081428946,0.06327016,0.616753752,0.0,0.0,0.06695859450070785,1.2377762457636348,0.0,0.0,0.0,0.0,0.21668675883539654,0.0,87.57468341257761,0.0,-1.3877787807814457e-17,0.33076440025462794,0.0,1.05e-08
615.0,1.060705175516745,0.497244511,0.543775692,0.0,0.0,0.5262321697898623,0.7511597645622792,0.0,0.0,0.0,0.0,0.21668675883539654,0.0,87.6808589254075,0.0,0.0,0.6317815997226157,0.0,1.05e-08
616.0,1.0276341567284268,0.64111501,0.626013561,0.0,0.0,0.678489828110238,0.5658310874535856,0.0,0.0,0.0,0.0,0.21668675883539654,0.0,87.78703443702622,0.0,-1.1102230246251565e-16,1.0262592925448373,0.0,1.05e-08
617.0,1.0003940356454046,0.628582413,0.712339144,0.0,0.0,0.665226623456357,0.5518541710244443,0.0,0.0,0.0,0.0,0.21668675883539654,0.0,87.89320994743373,0.0,-1.1102230246251565e-16,1.2597811818057338,0.0,1.05e-08
618.0,0.9788927341915391,0.593572385,0.750669001,0.0,0.0,0.6281756302502322,0.5674038627767035,0.0,0.0,0.0,0.0,0.21668675883539654,0.0,87.99938545663008,0.0,0.0,1.341712759467086,0.0,1.05e-08
619.0,0.9621816340475328,0.57635814,0.76699443,0.0,0.0,0.609957853487998,0.5689105393949313,0.0,0.0,0.0,0.0,0.21668675883539654,0.0,88.10556096461524,0.0,0.0,1.3817252448598665,0.0,1.05e-08
620.0,0.9498859988570042,0.586300014,0.773887017,0.0,0.0,0.6204793048284583,0.5460934528639425,0.0,0.0,0.0,0.0,0.21668675883539654,0.0,88.2117364713892,0.0,-1.1102230246251565e-16,1.42207169838807,0.0,1.05e-08
621.0,0.9505840791551777,0.589957707,0.767447388,0.0,0.0,0.6243502288532289,0.5429206091373454,0.0,0.0,0.0,0.0,0.21668675883539654,0.0,88.31791197695199,0.0,-1.1102230246251565e-16,1.4088671470862248,0.0,1.05e-08
622.0,0.9712738087286515,0.53545964,0.757950754,0.0,0.0,0.5666751104510404,0.6212854571130076,0.0,0.0,0.0,0.0,0.21668675883539654,0.0,88.42408748130357,0.0,0.0,1.3063502669890634,0.0,1.05e-08
623.0,1.002004331302541,0.270383305,0.791644657,0.0,0.0,0.28614572934944704,0.9325453607884906,0.0,0.0,0.0,0.0,0.21668675883539654,0.0,88.53026298444398,0.0,0.0,1.0807813805260655,0.0,1.05e-08
624.0,1.0131629093202779,0.009902117,0.807554974,0.0,0.0,0.010479376642979338,1.2193702915126952,0.0,0.0,0.0,0.0,0.21668675883539654,0.0,88.63643848637321,0.0,-1.734723475976807e-18,0.8344198905585787,0.0,1.05e-08
625.0,1.0140001774079646,0.0,0.800536537,0.0,0.0,0.0,1.230686936243361,0.0,0.0,0.0,0.0,0.21668675883539654,0.0,88.74261398709123,0.0,0.0,0.8052538145592427,0.0,1.05e-08
626.0,0.9956894883598612,0.0,0.788162288,0.0,0.0,0.0,1.2123762471952577,0.0,0.0,0.0,0.0,0.21668675883539654,0.0,88.84878948659808,0.0,0.0,0.7920940626777042,0.0,1.05e-08
627.0,0.9624021931601459,0.0,0.771652098,0.0,0.0,0.0,1.1790889519955425,0.0,0.0,0.0,0.0,0.21668675883539654,0.0,88.95496498489373,0.0,0.0,0.7833923079454066,0.0,1.05e-08
628.0,0.925057038558471,0.0,0.747599806,0.0,0.0,0.0,1.1417437973938673,0.0,0.0,0.0,0.0,0.21668675883539654,0.0,89.06114048197821,0.0,0.0,0.7595671859017281,0.0,1.05e-08
629.0,0.8846304804320364,0.0,0.719477917,0.0,0.0,0.0,1.1013172392674329,0.0,0.0,0.0,0.0,0.21668675883539654,0.0,89.1673159778515,0.0,0.0,0.7284735857862814,0.0,1.05e-08
630.0,0.8543731963424913,0.0,0.693995722,0.0,0.0,0.0,1.0710599551778879,0.0,0.0,0.0,0.0,0.21668675883539654,0.0,89.27349147251361,0.0,0.0,0.6939240349313294,0.0,1.05e-08
631.0,0.8339297220889254,0.0,0.666455149,0.0,0.0,0.0,1.050616480924322,0.0,0.0,0.0,0.0,0.21668675883539654,0.0,89.37966696596452,0.0,0.0,0.6443257655796888,0.0,1.05e-08
632.0,0.8226919140986966,0.0,0.643525289,0.0,0.0,0.0,1.0393786729340933,0.0,0.0,0.0,0.0,0.21668675883539654,0.0,89.48584245820425,0.0,0.0,0.5972478887429067,0.0,1.05e-08
633.0,0.8185848036327555,0.0,0.624208796,0.0,0.0,0.0,1.035271562468152,0.0,0.0,0.0,0.0,0.21668675883539654,0.0,89.5920179492328,0.0,0.0,0.5522289025928564,0.0,1.05e-08
634.0,0.8260367037482274,0.0,0.604176117,0.0,0.0,0.0,1.042723462583624,0.0,0.0,0.0,0.0,0.21668675883539654,0.0,89.69819343905014,0.0,0.0,0.4938294871063933,0.0,1.05e-08
635.0,0.8477714124183535,0.0,0.586330801,0.0,0.0,0.0,1.0644581712537502,0.0,0.0,0.0,0.0,0.21668675883539654,0.0,89.80436892765631,0.0,0.0,0.4267102089929993,0.0,1.05e-08
636.0,0.8781850151022748,0.0,0.566049903,0.0,0.0,0.0,1.0948717739376714,0.0,0.0,0.0,0.0,0.21668675883539654,0.0,89.91054441505129,0.0,0.0,0.3447178153449486,0.0,1.05e-08
637.0,0.9080632801342226,3.66e-05,0.53658318,0.0,0.0,3.8733655150009205e-05,1.132851190713181,0.0,0.008139885398712104,0.0,0.0,0.21668675883539654,0.0,90.01671990123509,0.0,6.776263578034403e-21,0.23179803123388498,0.0,1.05e-08
638.0,0.9277487162725939,0.092694563,0.408541587,0.0,0.0,0.0980983398230274,1.0390112467419674,0.0,0.0,0.007325888542995593,0.007325896858840894,0.21668675883539654,0.0,90.12289538620772,0.0,-1.3877787807814457e-17,0.0,0.0,1.1666679909865032e-08
639.0,0.9328686855760691,0.550684258,0.3335815,0.0,0.0,0.5827872717461939,0.5667681726652717,0.0,0.0,0.0,0.0,0.21668675883539654,0.0,90.22907086996914,0.0,0.0,0.28160306109374245,0.0,1.05e-08
640.0,0.9277551403244176,0.632844283,0.342529366,0.0,0.0,0.6697369459392577,0.4876334495495405,0.0,0.012928496328984082,0.0,0.0,0.21668675883539654,0.0,90.33524635251938,0.0,0.0,0.3834941784277692,0.0,1.05e-08
641.0,0.915887775255468,0.637171246,0.363141871,0.0,0.0,0.6743161561220132,0.7515370252144703,0.0,0.2932786472456189,0.0,0.011635646696085676,0.21668675883539654,0.0,90.44142183385843,0.0,-1.1102230246251565e-16,0.17201274337229722,0.0,1.05e-08
642.0,0.8995835317269616,0.612987685,0.372801935,0.0,0.0,0.6487227760107233,0.7608261617972537,0.0,0.2932786472456189,0.0,0.2755864160091711,0.21668675883539654,0.0,90.5475973139863,0.0,0.0,0.18729127740035711,0.0,1.05e-08
643.0,0.8880095316912934,0.598774046,0.376298961,0.0,0.0,0.6336805303426161,0.7642944074296928,0.0,0.2932786472456189,0.0,0.5395368857038197,0.21668675883539654,0.0,90.65377279290297,0.0,0.0,0.19271673918906507,0.0,1.05e-08
644.0,0.8794377052078929,0.612713335,0.372663069,0.0,0.0,0.6484324323415865,0.7409706789473219,0.0,0.2932786472456189,0.0,0.8034870557803716,0.21668675883539654,0.0,90.75994827060848,0.0,0.0,0.2067935934237498,0.0,1.05e-08
645.0,0.8801957433230875,0.637304458,0.361179734,0.0,0.0,0.6744571339272002,0.7157040154769027,0.0,0.2932786472456189,0.0,1.067436926239167,0.21668675883539654,0.0,90.86612374710278,0.0,0.0,0.20285560651152457,0.0,1.05e-08
646.0,0.8969903561408017,0.577528822,0.367568703,0.0,0.0,0.6111967822551653,0.7957589799666517,0.0,0.2932786472456189,0.0,1.3313864970805458,0.21668675883539654,0.0,90.9722992223859,0.0,0.0,0.13904919751114808,0.0,1.05e-08
647.0,0.9221555084847743,0.29696664,0.397043116,0.0,0.0,0.31427878209882326,1.009768102177259,0.0,0.1852046169559115,0.0,1.5953357683048486,0.21668675883539654,0.0,91.07847469645785,0.0,-5.551115123125783e-17,0.0,0.0,1.0500083432433824e-08
648.0,0.9343440761449081,0.012705762,0.417965846,0.0,0.0,0.013446464582680092,1.0629792132961513,0.0,0.0,0.07460515710147325,1.7620181126516783,0.21668675883539654,0.0,91.18465016931859,0.0,-1.734723475976807e-18,0.0,0.0,0.01995350051136734
649.0,0.9361599414604024,0.0,0.415861255,0.0,0.0,0.0,1.0576267747969297,0.0,0.0,0.09521992549886925,1.6874109554305847,0.21668675883539654,0.0,91.29082564096815,0.0,0.0,0.0,0.0,0.019953523161210088
650.0,0.9200270059805274,0.0,0.402407124,0.0,0.0,0.0,1.0234099560715946,0.0,0.0,0.1133038087443295,1.5921891145009177,0.21668675883539654,0.0,91.39700111140652,0.0,0.0,0.0,0.0,0.01995354581107854
651.0,0.8935770432718183,0.0,0.386757608,0.0,0.0,0.0,0.9836097897054997,0.0,0.0,0.12665401240171523,1.4788834984149588,0.21668675883539654,0.0,91.50317658063372,0.0,0.0,0.0,0.0,0.01995356846097271
652.0,0.8620006872078104,0.0,0.371032908,0.0,0.0,0.0,0.9436184138663409,0.0,0.0,0.08192389298954149,1.3522278072882181,0.16354161964807196,0.0,91.60935204864973,0.0,0.0,0.0,0.0,0.019953591110892586
653.0,0.8309382552896971,0.0,0.356101296,0.0,0.0,0.0,0.9056440355076762,0.0,0.0,0.0,1.2703023793443255,0.0747057802179791,0.0,91.68948639725275,0.0,0.0,0.0,0.0,0.019953591338511184
654.0,0.804651035227188,0.0,0.343621969,0.0,0.0,0.0,0.8739063580781061,0.0,0.0,0.0,1.2703009373859855,0.0692553228509181,0.0,91.72609118362092,0.0,0.0,0.0,0.0,0.019953591566129785
655.0,0.7870855361906318,0.0,0.334239357,0.0,0.0,0.0,0.8500443090186645,0.0,0.0,0.0,1.2702994954292828,0.06295877282803258,0.0,91.76002524546166,0.0,0.0,0.0,0.0,0.019953591793748386
656.0,0.7772160512388475,0.0,0.328223381,0.0,0.0,0.0,0.834744356888871,0.0,0.0,0.0,1.2702980534742163,0.057528305650023565,0.0,91.79087399740408,0.0,0.0,1.1102230246251565e-16,0.0,0.019953592021366998
657.0,0.7768969899982713,0.0,0.323458592,0.0,0.0,0.0,0.8226264489037719,0.0,0.0,0.0,1.2702966115207868,0.04572945890550065,0.0,91.81906182007737,0.0,0.0,0.0,0.0,0.019953592248985602
658.0,0.783764301397788,0.0,0.319667728,0.0,0.0,0.0,0.812985446723817,0.0,0.0,0.0,1.2702951695689944,0.029221145326028996,0.0,91.8414682075243,0.0,0.0,0.0,0.0,0.019953592476604214
659.0,0.8004796842430101,0.0,0.314157834,0.0,0.0,0.0,0.7989725725966206,0.0,0.0,0.0015071116463895424,1.2702937276188384,0.0,0.0,91.85578552106169,0.0,0.0,0.0,0.0,0.019953749661051633
660.0,0.8275206597194981,0.0,0.305472238,0.0,0.0,0.0,0.7768831887595301,0.0,0.0,0.050637470959967866,1.26878517402393,0.0,0.0,91.85578447322598,0.0,0.0,1.1102230246251565e-16,0.0,0.019953772311177193
661.0,0.8597522690695215,4.51e-05,0.286113957,0.0,0.0,4.772917615479276e-05,0.7276508160547378,0.0,0.0,0.13205372383862893,1.2181462628278474,0.0,0.0,91.85578342539031,0.0,0.0,0.0,0.0,0.019953794961328465
662.0,0.8856069363092361,0.098359112,0.227636851,0.0,0.0,0.1040931127068069,0.578930654523368,0.0,0.0,0.20258316907906132,1.0860911562348512,0.0,0.0,91.85578237755465,0.0,-1.3877787807814457e-17,0.0,0.0,0.019953817611505453
663.0,0.8946520012769812,0.573248314,0.14596676,0.0,0.0,0.6066667352404425,0.37122562333044823,0.0,0.0,0.0,0.8835067543011358,0.08324035729390954,0.0,91.85578132971898,0.0,0.0,5.551115123125783e-17,0.0,0.019953593614697313
664.0,0.8914014310541978,0.67540814,0.141445707,0.0,0.0,0.7147821306084465,0.3597275896819998,0.0,0.0,0.0,0.8835057514061138,0.18310828923624858,0.0,91.89656805695736,0.0,0.0,5.551115123125783e-17,0.0,0.019953593842315938
665.0,0.8853392674832493,0.660510262,0.159525061,0.0,0.0,0.6990157571407166,0.4057073693117034,0.0,0.002697100133774254,0.0,0.8835047485122302,0.21668675883539654,0.0,91.98629007038222,0.0,0.0,0.0,0.0,0.017958497005971606
666.0,0.8764933481220384,0.626486081,0.16112114,0.0,0.0,0.6630080824517688,0.40976654978306304,0.0,0.0,0.0,0.8859311357398818,0.1962812841127935,0.0,92.09246553288716,0.0,0.0,0.0,0.0,0.019953594297553195
667.0,0.8695896337621875,0.61210407,0.162336755,0.0,0.0,0.6477876492704124,0.41285812649617804,0.0,0.0,0.0,0.8859301300928717,0.19105614200440302,0.0,92.18864231156682,0.0,0.0,0.0,0.0,0.019953594525171835
668.0,0.8664375656673672,0.629635655,0.165295407,0.0,0.0,0.6663412658721357,0.42038263024564726,0.0,0.0035995716150193317,0.0,0.8859291244470032,0.21668675883539654,0.0,92.28225876951626,0.0,0.0,5.551115123125783e-17,0.0,0.017958558161796565
669.0,0.8734611956612602,0.660129485,0.169679156,0.0,0.0,0.6986127821405239,0.43153146957762417,0.0,0.039996297221491305,0.0,0.8891677332557935,0.21668675883539654,0.0,92.38843422864497,0.0,0.0,0.0,0.0,0.017958578547117833
670.0,0.9002494917660167,0.608736706,0.197904943,0.0,0.0,0.6442239794359711,0.5033158633195107,0.0,0.030603592154068625,0.0,0.9251633914341666,0.21668675883539654,0.0,92.49460968656248,0.0,-1.1102230246251565e-16,0.0,0.0,0.01795859893246224
671.0,0.935416892799463,0.295355073,0.267749201,0.0,0.0,0.3125732662401038,0.680945196272456,0.0,0.0,0.0,0.9527055741921079,0.05810156971309667,0.0,92.60078514326881,0.0,-5.551115123125783e-17,0.0,0.0,0.019953595435646402
672.0,0.9584192810294626,0.01759883,0.310332383,0.0,0.0,0.018624781755837063,0.7892436080570563,0.0,0.0,0.15055089121656934,0.9527044927474294,0.0,0.0,92.62925385609402,0.0,0.0,0.0,0.0,0.01995404411468941
673.0,0.963248026650264,0.0,0.332335236,0.0,0.0,0.0,0.8452017098877279,0.0,0.0,0.11804631676253609,0.8021525200874093,0.0,0.0,92.62925279943508,0.0,0.0,1.1102230246251565e-16,0.0,0.019954066765149214
674.0,0.9480872643463731,0.0,0.339803239,0.0,0.0,0.0,0.8641944865220018,0.0,0.0,0.08389277782437136,0.684105292777483,0.0,0.0,92.62925174277613,0.0,0.0,0.0,0.0,0.019954089415634736
675.0,0.916677933629781,0.0,0.338405596,0.0,0.0,0.0,0.8606399725088906,0.0,0.0,0.056037961120890406,0.6002117384046707,0.0,0.0,92.62925068611722,0.0,0.0,1.1102230246251565e-16,0.0,0.019954112066145967
676.0,0.8790800996563746,0.0,0.332539819,0.0,0.0,0.0,0.8457220095209994,0.0,0.0,0.03335809013537507,0.5441730959654297,0.0,0.0,92.6292496294583,0.0,0.0,1.1102230246251565e-16,0.0,0.019954134716682906
677.0,0.8454223508014935,0.0,0.328424997,0.0,0.0,0.0,0.8352571107875902,0.0,0.0,0.010165240013903317,0.5108143881228482,0.0,0.0,92.6292485727994,0.0,0.0,0.0,0.0,0.01995415736724556
678.0,0.8216340868983969,0.0,0.325427074,0.0,0.0,0.0,0.8276327322347491,0.0,0.0,0.0,0.5006485682682085,0.005998645336352345,0.0,92.6292475161405,0.0,0.0,1.1102230246251565e-16,0.0,0.019953597028976987
679.0,0.8107538844596864,0.0,0.325329487,0.0,0.0,0.0,0.8273845469978914,0.0,0.0,0.0,0.5006479999669992,0.016630662538205086,0.0,92.63218579569644,0.0,0.0,1.1102230246251565e-16,0.0,0.019953597256595654
680.0,0.8065910988779401,0.0,0.328371274,0.0,0.0,0.0,0.8351204813648218,0.0,0.0,0.0,0.500647431666435,0.02852938248688168,0.0,92.64033376364775,0.0,0.0,0.0,0.0,0.01995359748421432
681.0,0.81574323137608,0.0,0.33263302,0.0,0.0,0.0,0.8459590401937364,0.0,0.0,0.0,0.5006468633665159,0.030215808817656318,0.0,92.65431210428099,0.0,0.0,0.0,0.0,0.019953597711832992
682.0,0.8529770357461443,0.0,0.338994892,0.0,0.0,0.0,0.86213868204335,0.0,0.0,0.0,0.5006462950672418,0.009161646297205707,0.0,92.66911679365683,0.0,0.0,0.0,0.0,0.01995359793945167
683.0,0.9286673556833805,0.0,0.346778467,0.0,0.0,0.0,0.881934027785862,0.0,0.0,0.04673332789751837,0.500645726768613,0.0,0.0,92.67360494322878,0.0,0.0,1.1102230246251565e-16,0.0,0.01995429327116141
684.0,1.0028630128963067,0.0,0.350256743,0.0,0.0,0.0,0.8907800498268758,0.0,0.0,0.11208296306943107,0.45391183057311074,0.0,0.0,92.67360388606389,0.0,0.0,0.0,0.0,0.019954315921904046
685.0,1.0362488102239853,5.33e-05,0.339449156,0.0,0.0,5.6407208182936903e-05,0.8632939754577998,0.0,0.0,0.17289842755800258,0.3418283522547434,0.0,0.0,92.67360282889902,0.0,0.0,0.0,0.0,0.019954338572672387
686.0,1.0456728942493276,0.116345828,0.309502923,0.0,0.0,0.12312839289328649,0.7871341085687641,0.0,0.0,0.13541039278727712,0.16892953667712332,0.0,0.0,92.67360177173416,0.0,0.0,0.0,0.0,0.019954361223466444
687.0,1.0426664379958441,0.549861405,0.259500118,0.0,0.0,0.5819164492232118,0.6599659611467356,0.0,0.0,0.0,0.03351895213286123,0.19921597237410318,0.0,92.67360071456932,0.0,-1.1102230246251565e-16,0.0,0.0,0.01995359907754507
688.0,1.0307541045641286,0.642418385,0.237847705,0.0,0.0,0.6798691854266626,0.6048991054288083,0.0,0.03732742745594571,0.0,0.03351891408449309,0.21668675883539654,0.0,92.77121548386778,0.0,-1.1102230246251565e-16,1.1102230246251565e-16,0.0,0.01795896587261852
689.0,1.0168588804695033,0.633821008,0.231942886,0.0,0.0,0.6707706106749516,0.589881850034988,0.0,0.02710682140503973,0.0,0.0671135607465193,0.21668675883539654,0.0,92.87739093741877,0.0,-1.1102230246251565e-16,0.0,0.0,0.01795898625840259
690.0,1.0073962521332187,0.600804897,0.232105752,0.0,0.0,0.6358297730282731,0.590296054148098,0.0,0.0020428162077559694,0.0,0.09150962382843883,0.21668675883539654,0.0,92.98356638975856,0.0,0.0,0.0,0.0,0.017959006644209803
691.0,0.998708792716992,0.58713113,0.23835059,0.0,0.0,0.6213588720561537,0.6061780527561899,0.0,0.012141373259955016,0.0,0.09334805454009991,0.21668675883539654,0.0,93.08974184088717,0.0,-1.1102230246251565e-16,0.0,0.0,0.017959027030040157
692.0,0.9936573466329696,0.597424333,0.242390591,0.0,0.0,0.6322521336788598,0.6164526652054942,0.0,0.038360693415987815,0.0,0.10427518451188228,0.21668675883539654,0.0,93.19591729080459,0.0,-1.1102230246251565e-16,0.0,0.0,0.01795904741589365
693.0,1.0001520630267127,0.608380504,0.243359246,0.0,0.0,0.6438470120744479,0.6189161682397958,0.0,0.04592435845213459,0.0,0.1387996902203811,0.21668675883539654,0.0,93.30209273951083,0.0,0.0,0.0,0.0,0.017959067801770284
694.0,1.0249960127795013,0.553226533,0.253362257,0.0,0.0,0.5854777527064806,0.6443560286138722,0.0,0.0,0.0,0.1801314552716099,0.2048377685408516,0.0,93.40826818700587,0.0,0.0,0.0,0.0,0.01995360067087595
695.0,1.0634225494381626,0.256426877,0.317736189,0.0,0.0,0.2713756892052412,0.808073117579414,0.0,0.0,0.0,0.18013125079899106,0.016026257346492653,0.0,93.5086376280454,0.0,0.0,1.1102230246251565e-16,0.0,0.01995360089849466
696.0,1.0889902756964194,0.01433159,0.370480156,0.0,0.0,0.015167072809052471,0.9422126437735666,0.0,0.0,0.13161055911380026,0.18013104632660434,0.0,0.0,93.51648942745474,0.0,0.0,1.1102230246251565e-16,0.0,0.01995458773282114
697.0,1.0916541158526398,0.0,0.410162619,0.0,0.0,0.0,1.0431338881888188,0.0,0.0,0.04852022766382093,0.04852028274064948,0.0,0.0,93.51648836067476,0.0,0.0,0.0,0.0,0.019954610383898026
698.0,1.0709708103309896,0.0,0.440045312,0.0,0.0,0.0,1.1191321588616585,0.0,0.0,0.0,0.0,0.0481613485306689,0.0,93.51648729389477,0.0,0.0,0.0,0.0,0.019953601581350795
699.0,1.031274452761847,0.0,0.465795562,0.0,0.0,0.0,1.1846207167166445,0.0,0.0,0.0,0.0,0.15334626395479767,0.0,93.54008528789481,0.0,0.0,2.220446049250313e-16,0.0,0.019953601808969514
700.0,0.9891283900972734,0.0,0.487894796,0.0,0.0,0.0,1.2058151489326698,0.0,0.0,0.0,0.0,0.21668675883539654,0.0,93.61522389018349,0.0,0.0,0.03500878772785421,0.0,1.05e-08
701.0,0.9539481409601795,0.0,0.505201415,0.0,0.0,0.0,1.1706348997955762,0.0,0.0,0.0,0.0,0.21668675883539654,0.0,93.72139933410654,0.0,0.0,0.11420358117638951,0.0,1.05e-08
702.0,0.9293354570730435,0.0,0.514235561,0.0,0.0,0.0,1.1460222159084401,0.0,0.0,0.0,0.0,0.21668675883539654,0.0,93.82757477681838,0.0,0.0,0.16179208832704295,0.0,1.05e-08
703.0,0.9176950751685307,0.0,0.516594495,0.0,0.0,0.0,1.1343818340039273,0.0,0.0,0.0,0.0,0.21668675883539654,0.0,93.93375021831905,0.0,0.0,0.17943175900487218,0.0,1.05e-08
704.0,0.9163503069867731,0.0,0.522308177,0.0,0.0,0.0,1.1330370658221698,0.0,0.0,0.0,0.0,0.21668675883539654,0.0,94.03992565860851,0.0,0.0,0.1953076790869801,0.0,1.05e-08
705.0,0.9281684209917412,0.0,0.527647731,0.0,0.0,0.0,1.1448551798271378,0.0,0.0,0.0,0.0,0.21668675883539654,0.0,94.14610109768681,0.0,0.0,0.19706922706777208,0.0,1.05e-08
706.0,0.9626077628185037,0.0,0.532688668,0.0,0.0,0.0,1.1792945216539001,0.0,0.0,0.0,0.0,0.21668675883539654,0.0,94.25227653555392,0.0,0.0,0.17545009841827386,0.0,1.05e-08
707.0,1.037203852595106,0.0,0.545936245,0.0,0.0,0.0,1.2538906114305024,0.0,0.0,0.0,0.0,0.21668675883539654,0.0,94.35845197220985,0.0,0.0,0.13454551504657597,0.0,1.05e-08
708.0,1.1095301107273405,0.0,0.555525677,0.0,0.0,0.0,1.326216869562737,0.0,0.0,0.0,0.0,0.21668675883539654,0.0,94.46462740765458,0.0,0.0,0.08660729479080675,0.0,1.05e-08
709.0,1.1363291135851366,6.09e-05,0.554906359,0.0,0.0,6.445026225780221e-05,1.3529514221582752,0.0,0.0,0.0,0.0,0.21668675883539654,0.0,94.57080284188814,0.0,0.0,0.058297680101749405,0.0,1.05e-08
710.0,1.1361685122895444,0.135180809,0.496939306,0.0,0.0,0.14306138903566287,1.2097938820892782,0.0,0.0,0.0,0.0,0.21668675883539654,0.0,94.6769782749105,0.0,0.0,0.05403223576968075,0.0,1.05e-08
711.0,1.120652285784743,0.517072132,0.473425917,0.0,0.0,0.5472156734581433,0.7901233711619963,0.0,0.0,0.0,0.0,0.21668675883539654,0.0,94.78315370672169,0.0,-1.1102230246251565e-16,0.4139030190868115,0.0,1.05e-08
712.0,1.095694844449736,0.613779736,0.511273305,0.0,0.0,0.6495610008821774,0.6628206024029552,0.0,0.0,0.0,0.0,0.21668675883539654,0.0,94.88932913732167,0.0,0.0,0.6374600323171921,0.0,1.05e-08
713.0,1.0677887633276588,0.61294438,0.5552132,0.0,0.0,0.6486769464769453,0.63579857568611,0.0,0.0,0.0,0.0,0.21668675883539654,0.0,94.99550456671048,0.0,0.0,0.7762308908259425,0.0,1.05e-08
714.0,1.0453945186703013,0.584979544,0.591202303,0.0,0.0,0.6190818559318481,0.6429994215738498,0.0,0.0,0.0,0.0,0.21668675883539654,0.0,95.10167999488812,0.0,-1.1102230246251565e-16,0.860558261323075,0.0,1.05e-08
715.0,1.028966076806537,0.570037031,0.614494278,0.0,0.0,0.6032682453958773,0.6423845902460563,0.0,0.0,0.0,0.0,0.21668675883539654,0.0,95.20785542185455,0.0,0.0,0.9204097156873203,0.0,1.05e-08
716.0,1.0184177837120503,0.58135438,0.631938251,0.0,0.0,0.6152453572368145,0.6198591853106324,0.0,0.0,0.0,0.0,0.21668675883539654,0.0,95.3140308476098,0.0,-1.1102230246251565e-16,0.9872989864116711,0.0,1.05e-08
717.0,1.0252444094500168,0.601829422,0.645829272,0.0,0.0,0.6369140243409116,0.6050171439445018,0.0,0.0,0.0,0.0,0.21668675883539654,0.0,95.42020627215386,0.0,0.0,1.03746895400855,0.0,1.05e-08
718.0,1.0575638141749641,0.568605485,0.675565005,0.0,0.0,0.6017532451473697,0.672497327862991,0.0,0.0,0.0,0.0,0.21668675883539654,0.0,95.52638169548675,0.0,0.0,1.0456132891114653,0.0,1.05e-08
719.0,1.1043351941525892,0.303642559,0.725612434,0.0,0.0,0.32134388440361544,0.9996780685843702,0.0,0.0,0.0,0.0,0.21668675883539654,0.0,95.63255711760844,0.0,-5.551115123125783e-17,0.8457141844736118,0.0,1.05e-08
720.0,1.13649828028316,0.019689242,0.764056947,0.0,0.0,0.020837057644619607,1.3323479814739367,0.0,0.0,0.0,0.0,0.21668675883539654,0.0,95.73873253851896,0.0,-3.469446951953614e-18,0.6108171364613677,0.0,1.05e-08
721.0,1.1460294318388973,0.0,0.783092366,0.0,0.0,0.0,1.3627161906742937,0.0,0.0,0.0,0.0,0.21668675883539654,0.0,95.84490795821827,0.0,0.0,0.6288601907817688,0.0,1.05e-08
722.0,1.1270741962578177,0.0,0.789913867,0.0,0.0,0.0,1.3437609550932141,0.0,0.0,0.0,0.0,0.21668675883539654,0.0,95.9510833767064,0.0,0.0,0.6651640060036808,0.0,1.05e-08
723.0,1.089320043690035,0.0,0.79467876,0.0,0.0,0.0,1.3060068025254317,0.0,0.0,0.0,0.0,0.21668675883539654,0.0,96.05725879398337,0.0,0.0,0.7150363310514709,0.0,1.05e-08
724.0,1.047139719415735,0.0,0.795556759,0.0,0.0,0.0,1.2638264782511317,0.0,0.0,0.0,0.0,0.21668675883539654,0.0,96.16343421004915,0.0,0.0,0.7594496001829325,0.0,1.05e-08
725.0,1.011863109501286,0.0,0.788268905,0.0,0.0,0.0,1.2285498683366827,0.0,0.0,0.0,0.0,0.21668675883539654,0.0,96.26960962490372,0.0,0.0,0.7761915920522093,0.0,1.05e-08
726.0,0.9862868178405977,0.0,0.77477569,0.0,0.0,0.0,1.2029735766759941,0.0,0.0,0.0,0.0,0.21668675883539654,0.0,96.37578503854711,0.0,0.0,0.7674516657663821,0.0,1.05e-08
727.0,0.9745714886648086,0.0,0.757366444,0.0,0.0,0.0,1.1912582475002051,0.0,0.0,0.0,0.0,0.21668675883539654,0.0,96.48196045097933,0.0,0.0,0.7348914475636918,0.0,1.05e-08
728.0,0.9728541254772775,0.0,0.741562931,0.0,0.0,0.0,1.189540884312674,0.0,0.0,0.0,0.0,0.21668675883539654,0.0,96.58813586220035,0.0,0.0,0.6964169960926265,0.0,1.05e-08
729.0,0.9843745917477482,0.0,0.732530023,0.0,0.0,0.0,1.2010613505831447,0.0,0.0,0.0,0.0,0.21668675883539654,0.0,96.69431127221019,0.0,0.0,0.6619238550653372,0.0,1.05e-08
730.0,1.018644766876487,0.0,0.721930071,0.0,0.0,0.0,1.2353315257118835,0.0,0.0,0.0,0.0,0.21668675883539654,0.0,96.80048668100885,0.0,0.0,0.6006956671090693,0.0,1.05e-08
731.0,1.0912601073407873,0.0,0.707569537,0.0,0.0,0.0,1.307946866176184,0.0,0.0,0.0,0.0,0.21668675883539654,0.0,96.9066620885963,0.0,0.0,0.491558325433616,0.0,1.05e-08
732.0,1.154292903834761,0.0,0.686584177,0.0,0.0,0.0,1.3709796626701574,0.0,0.0,0.0,0.0,0.21668675883539654,0.0,97.01283749497262,0.0,0.0,0.37515513593500316,0.0,1.05e-08
733.0,1.1613079684262224,6.81e-05,0.645861318,0.0,0.0,7.206999769714828e-05,1.3779226572639218,0.0,0.0,0.0,0.0,0.21668675883539654,0.0,97.1190129001377,0.0,0.0,0.26464494072602385,0.0,1.05e-08
734.0,1.1357273940643182,0.123765515,0.504331945,0.0,0.0,0.13098062233533583,1.2214335305643789,0.0,0.0,0.0,0.0,0.21668675883539654,0.0,97.2251883040916,0.0,0.0,0.061193696676140386,0.0,1.05e-08
735.0,1.1002837588024534,0.514086154,0.427528596,0.0,0.0,0.5440556231265171,0.7729148945113328,0.0,0.0,0.0,0.0,0.21668675883539654,0.0,97.33136370683434,0.0,0.0,0.31438449845793903,0.0,1.05e-08
736.0,1.060726589022824,0.65005631,0.455446533,0.0,0.0,0.6879523753996579,0.5894609724585625,0.0,0.0,0.0,0.0,0.21668675883539654,0.0,97.4375391083659,0.0,0.0,0.5688398838913117,0.0,1.05e-08
737.0,1.025345052928588,0.653217595,0.476517017,0.0,0.0,0.6912979525313765,0.550733859232608,0.0,0.0,0.0,0.0,0.21668675883539654,0.0,97.54371450868625,0.0,0.0,0.661153879204491,0.0,1.05e-08
738.0,1.0017495105802017,0.61887629,0.492154076,0.0,0.0,0.6549546665950026,0.5634816028205957,0.0,0.0,0.0,0.0,0.21668675883539654,0.0,97.64988990779543,0.0,-1.1102230246251565e-16,0.6881746210876475,0.0,1.05e-08
739.0,0.987029866501537,0.602101256,0.512043091,0.0,0.0,0.637201705335831,0.5665149200011027,0.0,0.0,0.0,0.0,0.21668675883539654,0.0,97.75606530569341,0.0,-1.1102230246251565e-16,0.7357234500807189,0.0,1.05e-08
740.0,0.9789633987615995,0.614242793,0.528081755,0.0,0.0,0.6500510525256964,0.5455991050712996,0.0,0.0,0.0,0.0,0.21668675883539654,0.0,97.8622407023802,0.0,0.0,0.797429120459719,0.0,1.05e-08
741.0,0.9840790853638588,0.633245379,0.546410352,0.0,0.0,0.6701614244678383,0.530604419731417,0.0,0.0,0.0,0.0,0.21668675883539654,0.0,97.96841609785582,0.0,0.0,0.8590374652800037,0.0,1.05e-08
742.0,1.010914491181989,0.578366457,0.580096295,0.0,0.0,0.6120832485183233,0.6155180014990622,0.0,0.0,0.0,0.0,0.21668675883539654,0.0,98.07459149212026,0.0,-1.1102230246251565e-16,0.8597946566914643,0.0,1.05e-08
743.0,1.0500262600351764,0.311983512,0.658937411,0.0,0.0,0.33017108651084043,0.9365419323597326,0.0,0.0,0.0,0.0,0.21668675883539654,0.0,98.1807668851735,0.0,0.0,0.7392810504496876,0.0,1.05e-08
744.0,1.0730522031218628,0.025098551,0.711534854,0.0,0.0,0.026561710907074283,1.263177251050185,0.0,0.0,0.0,0.0,0.21668675883539654,0.0,98.28694227701557,0.0,0.0,0.546412615145992,0.0,1.05e-08
745.0,1.0757181846286912,0.0,0.713535759,0.0,0.0,0.0,1.2924049434640876,0.0,0.0,0.0,0.0,0.21668675883539654,0.0,98.39311766764644,0.0,0.0,0.5222736648940036,0.0,1.05e-08
746.0,1.054810037293212,0.0,0.692841516,0.0,0.0,0.0,1.2714967961286086,0.0,0.0,0.0,0.0,0.21668675883539654,0.0,98.49929305706614,0.0,0.0,0.49055179388128645,0.0,1.05e-08
747.0,1.0141843335602434,0.0,0.668256311,0.0,0.0,0.0,1.2308710923956399,0.0,0.0,0.0,0.0,0.21668675883539654,0.0,98.60546844527464,0.0,0.0,0.46865190582313887,0.0,1.05e-08
748.0,0.9692074053920335,0.0,0.644355249,0.0,0.0,0.0,1.18589416422743,0.0,0.0,0.0,0.0,0.21668675883539654,0.0,98.71164383227197,0.0,0.0,0.452843168547999,0.0,1.05e-08
749.0,0.9278472184005571,0.0,0.621971272,0.0,0.0,0.0,1.1445339772359535,0.0,0.0,0.0,0.0,0.21668675883539654,0.0,98.81781921805809,0.0,0.0,0.4372759714251786,0.0,1.05e-08
750.0,0.8984421918529539,0.0,0.605321982,0.0,0.0,0.0,1.1151289506883506,0.0,0.0,0.0,0.0,0.21668675883539654,0.0,98.92399460263304,0.0,0.0,0.4243381861006852,0.0,1.05e-08
751.0,0.8810051738528715,0.0,0.592617843,0.0,0.0,0.0,1.0976919326882681,0.0,0.0,0.0,0.0,0.21668675883539654,0.0,99.0301699859968,0.0,0.0,0.4094657802350077,0.0,1.05e-08
752.0,0.8750500778123177,0.0,0.576350423,0.0,0.0,0.0,1.0917368366477143,0.0,0.0,0.0,0.0,0.21668675883539654,0.0,99.13634536814939,0.0,0.0,0.3740492439294152,0.0,1.05e-08
753.0,0.8807267982738453,0.0,0.562658046,0.0,0.0,0.0,1.0974135571092418,0.0,0.0,0.0,0.0,0.21668675883539654,0.0,99.2425207490908,0.0,0.0,0.3335497926852047,0.0,1.05e-08
754.0,0.9087613604323961,0.0,0.551089558,0.0,0.0,0.0,1.1254481192677928,0.0,0.0,0.0,0.0,0.21668675883539654,0.0,99.348696128821,0.0,0.0,0.2760940173080362,0.0,1.05e-08
755.0,0.9744944000429244,0.0,0.540791687,0.0,0.0,0.0,1.191181158878321,0.0,0.0,0.0,0.0,0.21668675883539654,0.0,99.45487150734003,0.0,0.0,0.18417122339350356,0.0,1.05e-08
756.0,1.034349432234783,0.0,0.528412144,0.0,0.0,0.0,1.2663652320605647,0.0,0.01532904099038512,0.0,0.0,0.21668675883539654,0.0,99.56104688464788,0.0,0.0,0.07750324547348897,0.0,1.05e-08
757.0,1.0503860069373028,8.41e-05,0.492756233,0.0,0.0,8.900274311791733e-05,1.2531876417986436,0.0,0.0,0.01379612123093774,0.01379613689134661,0.21668675883539654,0.0,99.66722226074454,0.0,0.0,0.0,0.0,1.1666679909865032e-08
758.0,1.0461268605782013,0.137318112,0.456602237,0.0,0.0,0.14532328950979073,1.117490329903807,0.0,0.0,0.0,0.0,0.21668675883539654,0.0,99.77339763563,0.0,0.0,0.04374973628935952,0.0,1.05e-08
759.0,1.0354907721087907,0.485684244,0.461149788,0.0,0.0,0.5139979786581674,0.7381795522860197,0.0,0.0,0.0,0.0,0.21668675883539654,0.0,99.87957300930428,0.0,0.0,0.4346259378064099,0.0,1.05e-08
760.0,1.0187325622514107,0.600818653,0.449164989,0.0,0.0,0.6358443309561488,0.6981644589441034,0.0,0.09858946881344485,0.0,0.0,0.21668675883539654,0.0,99.98574838176738,0.0,0.0,0.4441610473543096,0.0,1.05e-08
761.0,1.0044711672028352,0.610874664,0.434490234,0.0,0.0,0.6464865730943646,0.8679500001894861,0.0,0.2932786472456189,0.0,0.08873052193210038,0.21668675883539654,0.0,100.0919237530193,0.0,0.0,0.23705437168012533,0.0,1.05e-08
762.0,0.9957194672683717,0.590910511,0.422980419,0.0,0.0,0.625358578076222,0.8803262952731652,0.0,0.2932786472456189,0.0,0.35268120373248,0.21668675883539654,0.0,100.19809912306003,0.0,0.0,0.1954060817409522,0.0,1.05e-08
763.0,0.9902097721542599,0.579161214,0.418898282,0.0,0.0,0.6129243371403466,0.8872508410949288,0.0,0.2932786472456189,0.0,0.6166315859145222,0.21668675883539654,0.0,100.30427449188957,0.0,0.0,0.17809976234042801,0.0,1.05e-08
764.0,0.9868735479071608,0.588222413,0.417704762,0.0,0.0,0.622513773132467,0.8743251808557092,0.0,0.2932786472456189,0.0,0.8805816684785671,0.21668675883539654,0.0,100.41044985950793,0.0,0.0,0.1879900383184817,0.0,1.05e-08
765.0,0.992616650237533,0.596264195,0.414437444,0.0,0.0,0.6310243635909248,0.8715576927276236,0.0,0.2932786472456189,0.0,1.144531451424955,0.21668675883539654,0.0,100.5166252259151,0.0,-1.1102230246251565e-16,0.18244801706807046,0.0,1.05e-08
766.0,1.011683236050223,0.53856243,0.404881257,0.0,0.0,0.5699587825237972,0.9516898596074415,0.0,0.2932786472456189,0.0,1.4084809347540255,0.21668675883539654,0.0,100.62280059111112,0.0,0.0,0.0780123616697892,0.0,1.05e-08
767.0,1.0431653726874834,0.295899261,0.411386811,0.0,0.0,0.31314917854416857,1.046247278102222,0.0,0.09954432512351072,0.0,1.672430118466119,0.21668675883539654,0.0,100.7289759550959,0.0,0.0,0.0,0.0,1.0500083432433824e-08
768.0,1.0642619588764572,0.022752976,0.442826519,0.0,0.0,0.02407939688580426,1.1262053808896462,0.0,0.0,0.11703392299085195,1.7620181126516783,0.20305674188984513,0.0,100.83515131786953,0.0,0.0,0.0,0.0,0.01995361751466731
769.0,1.0655660413966648,0.0,0.44121867,0.0,0.0,0.0,1.1221162667156641,0.0,0.0,0.0,1.644982189541206,0.05655022531899934,0.0,100.93464797112864,0.0,0.0,0.0,0.0,0.01995361774228621
770.0,1.0474502152538798,0.0,0.419621949,0.0,0.0,0.0,1.0671910480212246,0.0,0.0,0.0,1.6449803222725732,0.01974083276734467,0.0,100.96235643013304,0.0,0.0,0.0,0.0,0.019953617969905114
771.0,1.0104326872952127,0.0,0.39796932,0.0,0.0,0.0,1.0121236429677183,0.0,0.0,0.0,1.64497845500606,0.0016909556725055457,0.0,100.97202828647106,0.0,0.0,0.0,0.0,0.019953618197524017
772.0,0.9682181014111865,0.0,0.381142602,0.0,0.0,0.0,0.9693295926088854,0.0,0.0,0.0,1.6449765877416664,0.0011114911976988612,0.0,100.97285570292226,0.0,0.0,0.0,0.0,0.019953618425142924
773.0,0.930581723126838,0.0,0.365562296,0.0,0.0,0.0,0.9297054425179392,0.0,0.0,0.000876280608898802,1.6449747204793923,0.0,0.0,100.97339918177138,0.0,0.0,1.1102230246251565e-16,0.0,0.01995373076480222
774.0,0.9050032901155418,0.0,0.349781117,0.0,0.0,0.0,0.8895704281409372,0.0,0.0,0.015432861974604604,1.6440965726103391,0.0,0.0,100.97339802992744,0.0,0.0,1.1102230246251565e-16,0.0,0.019953753414906333
775.0,0.8912622432646847,0.0,0.333627615,0.0,0.0,0.0,0.8484885143619397,0.0,0.0,0.042773728902745035,1.6286618443723921,0.0,0.0,100.97339687808349,0.0,0.0,0.0,0.0,0.019953776065036156
776.0,0.8895662935832325,0.0,0.318576653,0.0,0.0,0.0,0.810210602663599,0.0,0.0,0.07935569091963347,1.5858862667267275,0.0,0.0,100.97339572623956,0.0,0.0,0.0,0.0,0.01995379871519169
777.0,0.9013715594845532,0.0,0.302990924,0.0,0.0,0.0,0.770572660689108,0.0,0.0,0.13079889879544518,1.506528775620016,0.0,0.0,100.97339457439564,0.0,0.0,1.1102230246251565e-16,0.0,0.01995382136537294
778.0,0.9344018926113212,0.0,0.287742754,0.0,0.0,0.0,0.7317932056070151,0.0,0.0,0.2026086870043061,1.375728166718562,0.0,0.0,100.97339342255174,0.0,0.0,0.0,0.0,0.019953844015579893
779.0,1.006987254167111,0.0,0.277372029,0.0,0.0,0.0,0.7054181675331848,0.0,0.0,0.2932786472456189,1.173117918083942,0.0,0.008290439388307288,100.97339227070785,0.0,0.0,0.0,0.0,0.04072167350709254
780.0,1.0767910012832462,0.0,0.270968917,0.0,0.0,0.0,0.6891336432794801,0.0,0.0,0.2932786472456189,0.8798379391969807,0.0,0.09437871075814722,100.96510067947565,0.0,0.0,0.0,0.0,0.04072167397162097
781.0,1.1070782642813017,9.79e-05,0.264461095,0.0,0.0,0.00010360723604333065,0.6725828184309077,0.0,0.0,0.2932786472456189,0.586558293220922,0.0,0.14111319136873182,100.87072081696822,0.0,-1.3552527156068805e-20,0.0,0.0,0.0407216744361494
782.0,1.1132753329405476,0.111737708,0.250780062,0.0,0.0,0.11825163521651436,0.6377889379390106,0.0,0.0,0.2932786472456189,0.2932789801553876,0.0,0.06395611253940368,100.72960647492683,0.0,-1.3877787807814457e-17,1.1102230246251565e-16,0.0,0.040721674900677844
783.0,1.1046092870303996,0.520424502,0.238376192,0.0,0.0,0.5507634751935322,0.6062431642816392,0.0,0.0,0.0,0.0,0.05239735244477175,0.0,100.66564921332451,0.0,0.0,1.1102230246251565e-16,0.0,0.019953620928951078
784.0,1.08845065534323,0.64579433,0.234032017,0.0,0.0,0.6834419365041324,0.5951949703487771,0.0,0.0,0.0,0.0,0.19018625150967938,0.0,100.69132276768913,0.0,-1.1102230246251565e-16,0.0,0.0,0.01995362115657001
785.0,1.0693904935823637,0.64476827,0.246036831,0.0,0.0,0.6823560607062303,0.6257258566965737,0.0,0.0220046649850436,0.0,0.0,0.21668675883539654,0.0,100.78451288230268,0.0,-1.1102230246251565e-16,0.0,0.0,0.017958097805589004
786.0,1.0513881590217973,0.608623625,0.265414231,0.0,0.0,0.6441043061994132,0.6750068532297804,0.0,0.05103624157199979,0.0,0.01980419848653924,0.21668675883539654,0.0,100.89068824444276,0.0,0.0,0.0,0.0,0.017958118190387704
787.0,1.0378462577774743,0.592311438,0.281587984,0.0,0.0,0.626841174341477,0.7161402697625425,0.0,0.08844842749114866,0.0,0.06573679342099922,0.21668675883539654,0.0,100.99686360537166,0.0,0.0,0.0,0.0,0.017958138575209545
788.0,1.0291973426721897,0.60629095,0.288068363,0.0,0.0,0.6416356442041387,0.7326213010171414,0.0,0.12837284371369378,0.0,0.14534030354322672,0.21668675883539654,0.0,101.10303896508937,0.0,0.0,0.0,0.0,0.017958158960054527
789.0,1.0341502866282488,0.626645221,0.279981618,0.0,0.0,0.6631764997709101,0.7120549271842264,0.0,0.12439438149149104,0.0,0.2608756979054124,0.21668675883539654,0.0,101.2092143235959,0.0,-1.1102230246251565e-16,0.0,0.0,0.017958179344922647
790.0,1.0608957557208474,0.573968684,0.281712695,0.0,0.0,0.607429100354115,0.7164574373061062,0.0,0.046304023103977236,0.0,0.37283034511992336,0.21668675883539654,0.0,101.31538968089127,0.0,-1.1102230246251565e-16,0.0,0.0,0.017958199729813905
791.0,1.1002452144915114,0.332014669,0.343438916,0.0,0.0,0.35136999163361887,0.8734408139773291,0.0,0.0,0.09212116771595999,0.4145035427025932,0.21668675883539654,0.0,101.42156503697542,0.0,0.0,1.1102230246251565e-16,0.0,0.019953577905253674
792.0,1.1218664315794191,0.02450779,0.419482557,0.0,0.0,0.025936510555979352,1.0668365434608214,0.0,0.0,0.24578013639801508,0.32238190447122683,0.21668675883539654,0.0,101.52774039184841,0.0,-3.469446951953614e-18,0.0,0.0,0.01995360055518427
793.0,1.1267979620293993,0.0,0.471508465,0.0,0.0,0.0,1.1991498874484017,0.0,0.0,0.0766013151752909,0.07660140212784049,0.14895324059429296,0.0,101.63391574551021,0.0,0.0,-2.220446049250313e-16,0.0,0.01995362320514058
794.0,1.1141104596776263,0.0,0.49863225,0.0,0.0,0.0,1.2681316473621385,0.0,0.0,0.0,0.0,0.15402118768451223,0.0,101.70690167402267,0.0,0.0,0.0,0.0,0.01995362343275954
795.0,1.0838039245240996,0.0,0.513678676,0.0,0.0,0.0,1.300490683359496,0.0,0.0,0.0,0.0,0.21668675883539654,0.0,101.78237089577678,0.0,0.0,0.005907339653821175,0.0,1.05e-08
796.0,1.0458527677003908,0.0,0.519550607,0.0,0.0,0.0,1.2625395265357873,0.0,0.0,0.0,0.0,0.21668675883539654,0.0,101.8885462465339,0.0,0.0,0.05879211044298627,0.0,1.05e-08
797.0,1.01502160164793,0.0,0.51747586,0.0,0.0,0.0,1.2317083604833268,0.0,0.0,0.0,0.0,0.21668675883539654,0.0,101.99472159607984,0.0,0.0,0.08434673786207592,0.0,1.05e-08
798.0,0.9873446450408975,0.0,0.514533346,0.0,0.0,0.0,1.204031403876294,0.0,0.0,0.0,0.0,0.21668675883539654,0.0,102.1008969444146,0.0,0.0,0.10454023320841754,0.0,1.05e-08
799.0,0.969421540452823,0.0,0.508511521,0.0,0.0,0.0,1.1861082992882195,0.0,0.0,0.0,0.0,0.21668675883539654,0.0,102.20707229153815,0.0,0.0,0.10714851037131745,0.0,1.05e-08
800.0,0.9610916865881146,0.0,0.50718279,0.0,0.0,0.0,1.1777784454235112,0.0,0.0,0.0,0.0,0.21668675883539654,0.0,102.31324763745054,0.0,0.0,0.11209910861842154,0.0,1.05e-08
801.0,0.9603786168356858,0.0,0.511496343,0.0,0.0,0.0,1.1770653756710823,0.0,0.0,0.0,0.0,0.21668675883539654,0.0,102.41942298215174,0.0,0.0,0.12378249381248896,0.0,1.05e-08
802.0,0.9715007918930882,0.0,0.517454125,0.0,0.0,0.0,1.188187550728485,0.0,0.0,0.0,0.0,0.21668675883539654,0.0,102.52559832564177,0.0,0.0,0.12781227072426704,0.0,1.05e-08
803.0,0.9960085496004374,0.0,0.519859349,0.0,0.0,0.0,1.212695308435834,0.0,0.0,0.0,0.0,0.21668675883539654,0.0,102.6317736679206,0.0,0.0,0.10942152745670763,0.0,1.05e-08
804.0,1.0279318044629242,0.0,0.517028075,0.0,0.0,0.0,1.2936091630832423,0.0,0.04899059978492132,0.0,0.0,0.21668675883539654,0.0,102.73794900898825,0.0,0.0,0.021307119371864358,0.0,1.05e-08
805.0,1.0545916195312068,8.3e-05,0.497166033,0.0,0.0,8.783861687023947e-05,1.2644027345619728,0.0,0.0,0.006787805187760216,0.04409153980642919,0.21668675883539654,0.0,102.8441243488447,0.0,-1.3552527156068805e-20,2.220446049250313e-16,0.0,1.1666679909865032e-08
806.0,1.0651056510159675,0.11965361,0.439545002,0.0,0.0,0.12662900730037413,1.117859760326482,0.0,0.0,0.037303642224507924,0.03730368456903939,0.21668675883539654,0.0,102.95029968748999,0.0,0.0,2.220446049250313e-16,0.0,1.166669315307843e-08
807.0,1.0555573686553672,0.491746309,0.407942781,0.0,0.0,0.5204134413687396,0.7518306861220242,0.0,0.0,0.0,0.0,0.21668675883539654,0.0,103.05647502492408,0.0,0.0,0.28565766506068024,0.0,1.05e-08
808.0,1.0359340316846248,0.640125357,0.452549321,0.0,0.0,0.677442481716244,0.5751783088037775,0.0,0.0,0.0,0.0,0.21668675883539654,0.0,103.16265036114699,0.0,0.0,0.5757542992502488,0.0,1.05e-08
809.0,1.013929512837904,0.643854158,0.504887167,0.0,0.0,0.6813886590948509,0.5492276125784497,0.0,0.0,0.0,0.0,0.21668675883539654,0.0,103.2688256961587,0.0,0.0,0.7348116665089202,0.0,1.05e-08
810.0,0.9890170398656628,0.618189957,0.520498034,0.0,0.0,0.654228322722323,0.5514754759787365,0.0,0.0,0.0,0.0,0.21668675883539654,0.0,103.37500102995925,0.0,0.0,0.7722656765543668,0.0,1.05e-08
811.0,0.9682759178775996,0.601848176,0.53066044,0.0,0.0,0.6369338716351379,0.5480288050778582,0.0,0.0,0.0,0.0,0.21668675883539654,0.0,103.48117636254861,0.0,-1.1102230246251565e-16,0.8015575844248611,0.0,1.05e-08
812.0,0.9583978675233836,0.611378487,0.537116106,0.0,0.0,0.6470197672566226,0.5280648591021576,0.0,0.0,0.0,0.0,0.21668675883539654,0.0,103.58735169392678,0.0,0.0,0.8379397110525347,0.0,1.05e-08
813.0,0.961303680298296,0.638522164,0.550288818,0.0,0.0,0.6757458280331591,0.5022446111005335,0.0,0.0,0.0,0.0,0.21668675883539654,0.0,103.69352702409377,0.0,0.0,0.897261067273266,0.0,1.05e-08
814.0,0.9831711527061117,0.612040537,0.576297679,0.0,0.0,0.6477204125132364,0.5521374990282718,0.0,0.0,0.0,0.0,0.21668675883539654,0.0,103.79970235304957,0.0,0.0,0.9135144419387372,0.0,1.05e-08
815.0,1.0170708741796848,0.364145266,0.618063523,0.0,0.0,0.38537369283476436,0.848383940180317,0.0,0.0,0.0,0.0,0.21668675883539654,0.0,103.90587768079418,0.0,-5.551115123125783e-17,0.723487741999159,0.0,1.05e-08
816.0,1.033075328623086,0.027751198,0.649575099,0.0,0.0,0.02936899817845971,1.220393089280023,0.0,0.0,0.0,0.0,0.21668675883539654,0.0,104.01205300732761,0.0,-3.469446951953614e-18,0.4316194718415134,0.0,1.05e-08
817.0,1.0332273645162464,0.0,0.653224639,0.0,0.0,0.0,1.249914123351643,0.0,0.0,0.0,0.0,0.21668675883539654,0.0,104.11822833264986,0.0,0.0,0.41138002188787626,0.0,1.05e-08
818.0,1.015627603869964,0.0,0.648542924,0.0,0.0,0.0,1.2323143627053605,0.0,0.0,0.0,0.0,0.21668675883539654,0.0,104.22440365676093,0.0,0.0,0.4170731500300837,0.0,1.05e-08
819.0,0.9837985684342246,0.0,0.640591857,0.0,0.0,0.0,1.200485327269621,0.0,0.0,0.0,0.0,0.21668675883539654,0.0,104.3305789796608,0.0,0.0,0.4286808706732146,0.0,1.05e-08
820.0,0.9463827492624893,0.0,0.627021742,0.0,0.0,0.0,1.163069508097886,0.0,0.0,0.0,0.0,0.21668675883539654,0.0,104.4367543013495,0.0,0.0,0.4315848982593802,0.0,1.05e-08
821.0,0.910585791150322,0.0,0.614424586,0.0,0.0,0.0,1.1272725499857186,0.0,0.0,0.0,0.0,0.21668675883539654,0.0,104.54292962182701,0.0,0.0,0.43534451384033757,0.0,1.05e-08
822.0,0.8814377266756661,0.0,0.601587875,0.0,0.0,0.0,1.0981244855110628,0.0,0.0,0.0,0.0,0.21668675883539654,0.0,104.64910494109334,0.0,0.0,0.4318459946510973,0.0,1.05e-08
823.0,0.8599685454809188,0.0,0.583265869,0.0,0.0,0.0,1.0766553043163154,0.0,0.0,0.0,0.0,0.21668675883539654,0.0,104.75528025914848,0.0,0.0,0.406718278730267,0.0,1.05e-08
824.0,0.8487649991004164,0.0,0.565957472,0.0,0.0,0.0,1.065451757935813,0.0,0.0,0.0,0.0,0.21668675883539654,0.0,104.86145557599244,0.0,0.0,0.3739027589536812,0.0,1.05e-08
825.0,0.8465551252730695,0.0,0.5570647,0.0,0.0,0.0,1.063241884108466,0.0,0.0,0.0,0.0,0.21668675883539654,0.0,104.9676308916252,0.0,0.0,0.3534963547404961,0.0,1.05e-08
826.0,0.8525894512861154,0.0,0.548780901,0.0,0.0,0.0,1.0692762101215119,0.0,0.0,0.0,0.0,0.21668675883539654,0.0,105.0738062060468,0.0,0.0,0.32639450316670526,0.0,1.05e-08
827.0,0.8679300870410694,0.0,0.542505729,0.0,0.0,0.0,1.084616845876466,0.0,0.0,0.0,0.0,0.21668675883539654,0.0,105.1799815192572,0.0,0.0,0.2950947227598746,0.0,1.05e-08
828.0,0.8937333618661946,0.0,0.532838223,0.0,0.0,0.0,1.1104201207015911,0.0,0.0,0.0,0.0,0.21668675883539654,0.0,105.28615683125642,0.0,0.0,0.24470485067862868,0.0,1.05e-08
829.0,0.924247608028687,0.000132184,0.510699674,0.0,0.0,0.00013988987629368353,1.1407944769877898,0.0,0.0,0.0,0.0,0.21668675883539654,0.0,105.39233214204445,0.0,0.0,0.15802728774348695,0.0,1.05e-08
830.0,0.9543614216275031,0.152416174,0.468551706,0.0,0.0,0.16130151702185244,1.0097466634410472,0.0,0.0,0.0,0.0,0.21668675883539654,0.0,105.49850745162131,0.0,0.0,0.18188353457386341,0.0,1.05e-08
831.0,0.9692266775475047,0.547481374,0.439322717,0.0,0.0,0.579397670534678,0.6065157658482232,0.0,0.0,0.0,0.0,0.21668675883539654,0.0,105.60468275998699,0.0,0.0,0.510778674759701,0.0,1.05e-08
832.0,0.9731089461996169,0.660073674,0.449463493,0.0,0.0,0.6985537175496066,0.4912419874854068,0.0,0.0,0.0,0.0,0.21668675883539654,0.0,105.71085806714147,0.0,0.0,0.6518426802376116,0.0,1.05e-08
833.0,0.9746742734939875,0.659194015,0.454385172,0.0,0.0,0.697622777430601,0.7377462423481714,0.0,0.24400798744938826,0.0,0.0,0.21668675883539654,0.0,105.81703337308477,0.0,0.0,0.4178553391887,0.0,1.05e-08
834.0,0.9736614146564535,0.629812097,0.458416453,0.0,0.0,0.6665279938388564,0.8170988268986125,0.0,0.2932786472456189,0.0,0.2196071887044494,0.21668675883539654,0.0,105.92320867781687,0.0,0.0,0.3487551902067759,0.0,1.05e-08
835.0,0.9711281968873147,0.615743839,0.455916339,0.0,0.0,0.6516396043871253,0.8294539985812047,0.0,0.2932786472456189,0.0,0.48355772194279834,0.21668675883539654,0.0,106.02938398133782,0.0,0.0,0.33004167791261463,0.0,1.05e-08
836.0,0.9708455386070727,0.628577402,0.447765127,0.0,0.0,0.6652213203321505,0.8155896243559376,0.0,0.2932786472456189,0.0,0.7475079555629784,0.21668675883539654,0.0,106.13555928364757,0.0,0.0,0.32317572452357657,0.0,1.05e-08
837.0,0.975333809481219,0.646522181,0.43688794,0.0,0.0,0.6842122187345857,0.8010869968276488,0.0,0.2932786472456189,0.0,1.01145788956533,0.21668675883539654,0.0,106.24173458474613,0.0,0.0,0.3100152695517342,0.0,1.05e-08
838.0,0.9933918191575907,0.605576938,0.421884009,0.0,0.0,0.6408800077401778,0.8624772174984283,0.0,0.2932786472456189,0.0,1.2754075239501925,0.21668675883539654,0.0,106.3479098846335,0.0,-1.1102230246251565e-16,0.21046674737531035,0.0,1.05e-08
839.0,1.0067088785880847,0.359590213,0.42868716,0.0,0.0,0.3805530957830699,1.0902458764225471,0.0,0.24740333478213578,0.0,1.539356858717907,0.21668675883539654,0.0,106.45408518330969,0.0,0.0,0.0,0.0,1.0500071513474118e-08
840.0,1.009233530954792,0.03722029,0.46322739,0.0,0.0,0.03939010594107476,1.1780892896196824,0.0,0.0,0.008440894229431528,1.7620181126516783,0.21668675883539654,0.0,106.5602604807747,0.0,0.0,0.0,0.0,0.019953432102995168
841.0,1.0089187524154315,0.0,0.476707687,0.0,0.0,0.0,1.2123726542467013,0.0,0.0,0.013232857004126887,1.7535752183026265,0.21668675883539654,0.0,106.66643577702852,0.0,0.0,0.0,0.0,0.01995345475276026
842.0,1.0002098794931258,0.0,0.472419964,0.0,0.0,0.0,1.2014680301847347,0.0,0.0,0.015428608143787582,1.7403403707626621,0.21668675883539654,0.0,106.77261107207117,0.0,0.0,0.0,0.0,0.019953477402551063
843.0,0.9812118168998885,0.0,0.452447748,0.0,0.0,0.0,1.1506742855411571,0.0,0.0,0.04722429019412781,1.7249097871063093,0.21668675883539654,0.0,106.87878636590263,0.0,0.0,0.0,0.0,0.01995350005236758
844.0,0.9593657579981518,0.0,0.426993677,0.0,0.0,0.0,1.08593897612364,0.0,0.0,0.09011354070990844,1.677683538915335,0.21668675883539654,0.0,106.9849616585229,0.0,0.0,0.0,0.0,0.019953522702209802
845.0,0.9222497279115217,0.0,0.400600765,0.0,0.0,0.0,1.0188159872410638,0.0,0.0,0.12012049950585449,1.587568093816511,0.21668675883539654,0.0,107.091136949932,0.0,0.0,0.0,0.0,0.019953545352077735
846.0,0.8946284464202944,0.0,0.380248691,0.0,0.0,0.0,0.9670561800307277,0.0,0.0,0.14425902522496334,1.4674457922144863,0.21668675883539654,0.0,107.1973122401299,0.0,0.0,0.0,0.0,0.019953568001971383
847.0,0.8824120412022579,0.0,0.367126686,0.0,0.0,0.0,0.9336840308820429,0.0,0.0,0.16541476915561162,1.3231851012477807,0.21668675883539654,0.0,107.30348752911662,0.0,0.0,0.0,0.0,0.01995359065189074
848.0,0.8829066931926816,0.0,0.359290151,0.0,0.0,0.0,0.9137539961938311,0.0,0.0,0.18583945583424688,1.1577688301050653,0.21668675883539654,0.0,107.40966281689215,0.0,0.0,1.1102230246251565e-16,0.0,0.01995361330183581
849.0,0.8962173285713518,0.0,0.353700074,0.0,0.0,0.0,0.8995371990354218,0.0,0.0,0.13201675192193246,0.9719280600526862,0.13533662238600255,0.0,107.51583810345652,0.0,0.0,1.1102230246251565e-16,0.0,0.019953635951806586
850.0,0.9362370300822865,0.0,0.352099559,0.0,0.0,0.0,0.8954667368389279,0.0,0.0,0.04077029324335866,0.8399102048660549,0.0,0.0,107.58215182194948,0.0,0.0,0.0,0.0,0.019953658601803075
851.0,1.0094348179119341,0.0,0.351304878,0.0,0.0,0.0,0.8934456880085375,0.0,0.0,0.1159891299033966,0.7991389582154255,0.0,0.0,107.58215059471685,0.0,0.0,0.0,0.0,0.019953681251825277
852.0,1.077097214420175,0.0,0.34320576,0.0,0.0,0.0,0.872847846911175,0.0,0.0,0.20424936750899989,0.6831489211854231,0.0,0.0,107.58214936748422,0.0,0.0,1.1102230246251565e-16,0.0,0.019953703901873183
853.0,1.107315954198778,0.000171697,0.333611189,0.0,0.0,0.0001817063494068615,0.8484467394257225,0.0,0.0,0.25868750842364874,0.47889877821358834,0.0,0.0,107.58214814025159,0.0,0.0,0.0,0.0,0.019953726551946806
854.0,1.1084251738136672,0.149239316,0.330726357,0.0,0.0,0.15793945903735662,0.841109976196864,0.0,0.0,0.10937573857944659,0.22021072617756948,0.0,0.0,107.582146913019,0.0,-2.7755575615628914e-17,0.0,0.0,0.019953749202046137
855.0,1.098675604495925,0.540457697,0.307426689,0.0,0.0,0.5719645371247587,0.7818537881668459,0.0,0.03845596196028315,0.0,0.11083473763032127,0.21668675883539654,0.0,107.5821456857864,0.0,-1.1102230246251565e-16,1.1102230246251565e-16,0.0,0.01795839466695406
856.0,1.0780822356998063,0.65749291,0.323984015,0.0,0.0,0.6958225038119137,0.823962715329684,0.0,0.22501622460639478,0.0,0.1454449775827404,0.21668675883539654,0.0,107.68832097038319,0.0,0.0,0.0,0.0,0.017958415052089737
857.0,1.0562832865114433,0.648391894,0.352597987,0.0,0.0,0.6861909296245171,0.8800577629679418,0.0,0.2932786472456189,0.0,0.3479594146295383,0.21668675883539654,0.0,107.79449625376878,0.0,-1.1102230246251565e-16,0.01667658606560729,0.0,1.05e-08
858.0,1.0393837475139422,0.617623906,0.362402722,0.0,0.0,0.6536292728799371,0.8957198807150205,0.0,0.2932786472456189,0.0,0.6119098021714249,0.21668675883539654,0.0,107.90067153594319,0.0,1.1102230246251565e-16,0.025950069149600408,0.0,1.05e-08
859.0,1.0247433334077696,0.602279416,0.360904567,0.0,0.0,0.6373902514560912,0.8973184880326938,0.0,0.2932786472456189,0.0,0.8758598900953082,0.21668675883539654,0.0,108.0068468169064,0.0,0.0,0.020541323662657485,0.0,1.05e-08
860.0,1.0161650828725455,0.612823493,0.349861651,0.0,0.0,0.6485490121772155,0.8775814767763456,0.0,0.2932786472456189,0.0,1.1398096784015284,0.21668675883539654,0.0,108.11302209665844,0.0,-1.1102230246251565e-16,0.012193767066120631,0.0,1.05e-08
861.0,1.0209702736366602,0.625918126,0.331794478,0.0,0.0,0.6624070176126778,0.8438264431789176,0.0,0.26857642831953876,0.0,1.403759167090425,0.21668675883539654,0.0,108.2191973751993,0.0,0.0,0.0,0.0,0.01795851697811523
862.0,1.0472596350497771,0.580649149,0.306281096,0.0,0.0,0.6144990136751999,0.7789402928237418,0.0,0.129492912613768,0.0,1.6454763591288668,0.21668675883539654,0.0,108.32537265252897,0.0,-1.1102230246251565e-16,1.1102230246251565e-16,0.0,0.017958537363389745
863.0,1.0929089473088658,0.359914511,0.296037929,0.0,0.0,0.38089629925022395,0.7528896628415948,0.0,2.222355133564036e-06,0.0,1.7620181126516783,0.04087479242781921,0.0,108.43154792864745,0.0,-5.551115123125783e-17,0.0,0.0,0.01995363913847436
864.0,1.1200120219529828,0.043274893,0.301934673,0.0,0.0,0.0457976716425013,0.7678863817317042,0.0,0.0,0.2932786472456189,1.7620181126516783,0.0,0.013049321333158236,108.45157534001503,0.0,-6.938893903907228e-18,1.1102230246251565e-16,0.0,0.040721712992027564
865.0,1.122656589953732,0.0,0.305915012,0.0,0.0,0.0,0.7780092605730342,0.0,0.0,0.2932786472456189,1.4687374652864391,0.0,0.051368682135078815,108.43852478153137,0.0,0.0,0.0,0.0,0.04072171345655643
866.0,1.1014615016367952,0.0,0.305824658,0.0,0.0,0.0,0.7777794704484169,0.0,0.0,0.2932786472456189,1.1754571508328613,0.0,0.030403383942759345,108.38715486239467,0.0,0.0,1.1102230246251565e-16,0.0,0.04072171392108532
867.0,1.0575316939158457,0.0,0.297402521,0.0,0.0,0.0,0.756360120881437,0.0,0.0,0.2932786472456189,0.8821771692905668,0.0,0.007892925788789727,108.35675024203627,0.0,0.0,1.1102230246251565e-16,0.0,0.040721714385614206
868.0,1.009051516153121,0.0,0.28939525,0.0,0.0,0.0,0.7359958669365608,0.0,0.0,0.27305564921656034,0.5888975206591777,0.0,0.0,108.34885608017869,0.0,0.0,0.0,0.0,0.040721623330370896
869.0,0.967843365054805,0.0,0.280721117,0.0,0.0,0.0,0.7139356360334689,0.0,0.0,0.25390772902133607,0.31584120296737467,0.0,0.0,108.34885484419993,0.0,0.0,0.0,0.0,0.04072166955475966
870.0,0.9408109549807486,0.0,0.273505139,0.0,0.0,0.0,0.6955838144886952,0.0,0.0,0.04120743340855667,0.061933115425213875,0.0,0.2040197070834968,108.34885360822122,0.0,0.0,0.0,0.0,0.04072171577920089
871.0,0.9233011310599977,0.0,0.271977917,0.0,0.0,0.0,0.6916997525357275,0.0,0.0,0.0,0.020725611714519896,0.0,0.23160137852427023,108.144832665159,0.0,0.0,0.0,0.0,0.0407217162437298
872.0,0.91641454750501,0.0,0.266275573,0.0,0.0,0.0,0.6771974356668413,0.0,0.0,0.0,0.02072558818825627,0.0,0.23921711183816854,107.91323005298337,0.0,0.0,0.0,0.0,0.040721716708258714
873.0,0.9211704872051429,0.0,0.254709645,0.0,0.0,0.0,0.6477827330921244,0.0,0.0,0.0,0.02072556466201935,0.0,0.2733877541130185,107.67401171013582,0.0,0.0,0.0,0.0,0.04072171717278763
874.0,0.9524106512237115,0.0,0.24563337,0.0,0.0,0.0,0.6246997665016928,0.0,0.0,0.0,0.020725541135809135,0.0,0.3277108847220188,107.40062272774226,0.0,0.0,0.0,0.0,0.04072171763731655
875.0,1.0179980789929028,0.0,0.237127942,0.0,0.0,0.0,0.6030685895748894,0.0,0.0,0.0,0.020725517609625627,0.0,0.41492948941801344,107.0729106178584,0.0,0.0,0.0,0.0,0.04072171810184548
876.0,1.0763541657592357,0.0,0.229474504,0.0,0.0,0.0,0.5836042108891465,0.0,0.0,0.0,0.020725494083468823,0.0,0.49274995487008916,106.65797990701684,0.0,0.0,0.0,0.0,0.04072171856637441
877.0,1.0940888314938155,9.14e-05,0.220005626,0.0,0.0,9.672830821614323e-05,0.5595227683895668,0.0,0.0,0.02072544703123533,0.020725470557338727,0.0,0.5137438877647974,106.16522873545651,0.0,-1.3552527156068805e-20,-1.1102230246251565e-16,0.0,0.04072203935175871
878.0,1.093345782832876,0.101932889,0.194966473,0.0,0.0,0.10787522871503188,0.495842686841607,0.0,0.0,0.0,0.0,0.0,0.4896278672762372,105.65148363662249,0.0,0.0,5.551115123125783e-17,0.0,0.04072171949543229
879.0,1.0832129117563207,0.498350643,0.153407939,0.0,0.0,0.5274027855122226,0.39015018062409806,0.0,0.0,0.0,0.0,0.0,0.16565994561999992,105.16185456413751,0.0,0.0,5.551115123125783e-17,0.0,0.04072171995996125
880.0,1.0638615263127809,0.632195567,0.156874887,0.0,0.0,0.6690504120093591,0.3989673930658503,0.0,0.004156278762428445,0.0,0.0,0.0,0.0,104.99619341889417,0.0,-1.1102230246251565e-16,0.0,0.0,0.03664921891192688
881.0,1.0440026407751701,0.619875501,0.166792342,0.0,0.0,0.656012128187792,0.424189665686183,0.0,0.03619915309880483,0.0,0.0037406508861856013,0.0,0.0,104.9961922211606,0.0,0.0,0.0,0.0,0.03664926051360196
882.0,1.0315892313012074,0.592844459,0.170079745,0.0,0.0,0.6274052686475348,0.4325502556438787,0.0,0.028366292990206148,0.0,0.036319884428984914,0.0,0.0,104.99619102342703,0.0,0.0,0.0,0.0,0.03664930211532427
883.0,1.0245013607890776,0.57664541,0.180795447,0.0,0.0,0.6102618703490621,0.459802646218098,0.0,0.045563155778082454,0.0,0.061849506892380036,0.0,0.0,104.99618982569346,0.0,0.0,0.0,0.0,0.0366493437170938
884.0,1.0216212442214598,0.581269399,0.19816205,0.0,0.0,0.6151554221344019,0.5039697430544423,0.0,0.09750392096738432,0.0,0.10285627688542348,0.0,0.0,104.99618862795994,0.0,-1.1102230246251565e-16,1.1102230246251565e-16,0.0,0.03664938531891056
885.0,1.0255806014954563,0.588183815,0.21178832,0.0,0.0,0.6224729250007327,0.5386243491744863,0.0,0.13551667267976267,0.0,0.19060968900082378,0.0,0.0,104.9961874302264,0.0,-1.1102230246251565e-16,0.0,0.0,0.036649426920774546
886.0,1.0475936857446086,0.551726062,0.215256963,0.0,0.0,0.5838898093655901,0.5474458723746025,0.0,0.08374199599558398,0.0,0.31257447804583394,0.0,0.0,104.9961862324929,0.0,0.0,0.0,0.0,0.036649468522685746
887.0,1.0851401273034256,0.364342077,0.222086729,0.0,0.0,0.3855819772447022,0.5648154717309978,0.0,0.0,0.13474267832772552,0.3879419196291922,0.0,0.0,104.9961850347594,0.0,0.0,0.0,0.0,0.0407216779162713
888.0,1.1046949410547156,0.042531637,0.24825842,0.0,0.0,0.0450110863530976,0.6313758468813874,0.0,0.0,0.25319851352340056,0.25319880093695546,0.0,0.17510949429683004,104.99618383702592,0.0,0.0,0.0,0.0,0.04072172414072203
889.0,1.1037227678787316,0.0,0.253942753,0.0,0.0,0.0,0.6458323578099223,0.0,0.0,0.0,0.0,0.0,0.4578904100688093,104.82107314499562,0.0,0.0,1.1102230246251565e-16,0.0,0.040721724605251024
890.0,1.079870263457398,0.0,0.250308283,0.0,0.0,0.0,0.6365891000214654,0.0,0.0,0.0,0.0,0.0,0.44328116343593243,104.36318153919089,0.0,0.0,1.1102230246251565e-16,0.0,0.040721725069780036
891.0,1.0362659410288484,0.0,0.246391473,0.0,0.0,0.0,0.6266277894209086,0.0,0.0,0.0,0.0,0.0,0.40963815160793976,103.9198991852424,0.0,0.0,1.1102230246251565e-16,0.0,0.04072172553430905
892.0,0.9862504148802635,0.0,0.24636134,0.0,0.0,0.0,0.6265511545643987,0.0,0.0,0.0,0.0,0.0,0.3596992603158648,103.5102598481786,0.0,0.0,1.1102230246251565e-16,0.0,0.04072172599883807
893.0,0.9442670948618899,0.0,0.25000232,0.0,0.0,0.0,0.6358109687168378,0.0,0.0,0.0,0.0,0.0,0.308456126145052,103.1505594070798,0.0,0.0,1.1102230246251565e-16,0.0,0.040721726463367094
894.0,0.9138920364889106,0.0,0.256292873,0.0,0.0,0.0,0.6518092306397456,0.0,0.0,0.0,0.0,0.0,0.262082805849165,102.84210210425505,0.0,0.0,1.1102230246251565e-16,0.0,0.04072172692789613
895.0,0.8952687102520548,0.0,0.269173893,0.0,0.0,0.0,0.6845685018507527,0.0,0.0,0.0,0.0,0.0,0.2107002084013021,102.58001812524489,0.0,0.0,1.1102230246251565e-16,0.0,0.040721727392425154
896.0,0.8887932660137827,0.0,0.284856792,0.0,0.0,0.0,0.7244535685392471,0.0,0.0,0.0,0.0,0.0,0.1643396974745355,102.36931674667228,0.0,0.0,1.1102230246251565e-16,0.0,0.040721727856954194
897.0,0.8939710517836709,0.0,0.296302154,0.0,0.0,0.0,0.753561645218435,0.0,0.0,0.0,0.0,0.0,0.14040940656523582,102.20497588143,0.0,0.0,1.1102230246251565e-16,0.0,0.04072172832148324
898.0,0.9200227232793117,0.0,0.305503171,0.0,0.0,0.0,0.7769618581922592,0.0,0.0,0.0,0.0,0.0,0.14306086508705249,102.06456530897172,0.0,0.0,0.0,0.0,0.04072172878601229
899.0,0.9796614790597731,0.0,0.310526919,0.0,0.0,0.0,0.789738355956237,0.0,0.0,0.0,0.0,0.0,0.18992312310353607,101.92150327959334,0.0,0.0,0.0,0.0,0.04072172925054134
900.0,1.042021891462868,0.0,0.310984368,0.0,0.0,0.0,0.7909017495272588,0.0,0.0,0.0,0.0,0.0,0.25112014193560916,101.73157899383045,0.0,0.0,1.1102230246251565e-16,0.0,0.040721729715070404
901.0,1.073234217923534,0.000221769,0.305489609,0.0,0.0,0.00023469737620115824,0.776927367038906,0.0,0.0,0.0,0.0,0.0,0.29607215350842675,101.48045769140204,0.0,0.0,1.1102230246251565e-16,0.0,0.040721730179599465
902.0,1.089097343226814,0.145892093,0.300288203,0.0,0.0,0.15439710435451015,0.7636990458475283,0.0,0.0,0.0,0.0,0.0,0.17100119302477554,101.18438438026543,0.0,2.7755575615628914e-17,0.0,0.0,0.04072173064412855
903.0,1.0932429980036973,0.640727225,0.271974238,0.0,0.0,0.6780794365675508,0.69169039602834,0.0,0.05984007575679709,0.0,0.0,0.21668675883539654,0.0,101.01338203298991,0.0,0.0,1.1102230246251565e-16,0.0,0.019953625820876494
904.0,1.0861615515433911,0.726884664,0.247728891,0.0,0.0,0.7692595603608282,0.6300291379930313,0.0,0.16945304225689778,0.0,0.053856068181117385,0.14367410455357055,0.0,101.11955739251918,0.0,-1.1102230246251565e-16,0.0,0.0,0.01995364847086148
905.0,1.0752492288455624,0.705043134,0.24453675,0.0,0.0,0.7461447436676976,0.6219108202850566,0.0,0.2928063351071918,0.0,0.2063637450786867,0.0,0.0,101.1899565502392,0.0,0.0,0.0,0.0,0.01995367112087218
906.0,1.064752328165665,0.672595049,0.25491392,0.0,0.0,0.7118050459991679,0.6483022494135515,0.0,0.2932786472456189,0.0,0.4698892124254814,0.002076320001435546,0.0,101.18995539592487,0.0,0.0,1.1102230246251565e-16,0.0,0.01995364892609999
907.0,1.054388191223457,0.656915885,0.26780585,0.0,0.0,0.6952118402227625,0.6810892671577456,0.0,0.2932786472456189,0.0,0.7338394615611966,0.028634268911432195,0.0,101.19097163841128,0.0,-1.1102230246251565e-16,-1.1102230246251565e-16,0.0,0.019953649153719246
908.0,1.047872061323635,0.669928927,0.270729195,0.0,0.0,0.7089834981812484,0.6885239774290083,0.0,0.2932786472456189,0.0,0.9977894110790657,0.056356767041002724,0.0,101.205001275852,0.0,0.0,0.0,0.0,0.01995364938133851
909.0,1.0502489604983976,0.696635933,0.259054845,0.0,0.0,0.7372474315280579,0.6588335338257673,0.0,0.2932786472456189,0.0,1.2617390609794286,0.05255335760980869,0.0,101.23261493721616,0.0,0.0,0.0,0.0,0.01995364960895777
910.0,1.0674975396449853,0.670544129,0.242363994,0.0,0.0,0.7096345643592703,0.6163850231758724,0.0,0.2585220478901575,0.0,1.5256884112626252,0.0,0.0,101.25836492764404,0.0,-1.1102230246251565e-16,1.1102230246251565e-16,0.0,0.01995378437131134
911.0,1.096810488116449,0.40817598,0.263016892,0.0,0.0,0.43197124726330755,0.6689098920818493,0.0,0.004070651228707653,0.0,1.758356522509081,0.0,0.0,101.25836377254934,0.0,-5.551115123125783e-17,0.0,0.0,0.019953807021476304
912.0,1.117416705016215,0.042636846,0.304621719,0.0,0.0,0.045122428678908456,0.7747201315954925,0.0,0.0,0.2932786472456189,1.7620181126516783,0.0,0.004295497496195106,101.2583626174547,0.0,0.0,-1.1102230246251565e-16,0.0,0.040721735289419546
913.0,1.1161318946514784,0.0,0.325275471,0.0,0.0,0.0,0.8272471724115829,0.0,0.0,0.2888847222398957,1.4687374652864391,0.0,0.0,101.25406596486384,0.0,0.0,0.0,0.0,0.04072141543548143
914.0,1.095052439267368,0.0,0.325488313,0.0,0.0,0.0,0.8277884765010953,0.0,0.0,0.26726396276627257,1.1798510758385845,0.0,0.0,101.25406480981822,0.0,0.0,1.1102230246251565e-16,0.0,0.0407214616596342
915.0,1.0518678215579655,0.0,0.322817702,0.0,0.0,0.0,0.8209965244625069,0.0,0.0,0.23087129709545862,0.9125857737879602,0.0,0.0,101.2540636547726,0.0,0.0,1.1102230246251565e-16,0.0,0.04072150788383945
916.0,1.0054776019885456,0.0,0.319128438,0.0,0.0,0.0,0.8116139134623686,0.0,0.0,0.19386368852617716,0.6817134407890122,0.0,0.0,101.25406249972698,0.0,0.0,0.0,0.0,0.04072155410809716
917.0,0.9659975208308001,0.0,0.316070067,0.0,0.0,0.0,0.8038358023304178,0.0,0.0,0.16216171850038233,0.487848978429457,0.0,0.0,101.25406134468139,0.0,0.0,0.0,0.0,0.04072160033240735
918.0,0.9406139507248223,0.0,0.313411061,0.0,0.0,0.0,0.7970733643631066,0.0,0.0,0.1435405863617158,0.3256867061570638,0.0,0.0,101.25406018963581,0.0,0.0,0.0,0.0,0.04072164655677
919.0,0.9256908783384077,0.0,0.314363226,0.0,0.0,0.0,0.7994949296950934,0.0,0.0,0.12619594864331432,0.18214575009859726,0.0,0.0,101.25405903459023,0.0,0.0,0.0,0.0,0.04072169278118513
920.0,0.9241405404982922,0.0,0.315646672,0.0,0.0,0.0,0.8027590155825993,0.0,0.0,0.055949531186114204,0.05594959469617763,0.0,0.06543199372957861,101.25405787954469,0.0,0.0,1.1102230246251565e-16,0.0,0.04072173900565273
921.0,0.9339928946452135,0.0,0.312205631,0.0,0.0,0.0,0.7940076903484801,0.0,0.0,0.0,0.0,0.0,0.13998520429673342,101.18862473076956,0.0,0.0,0.0,0.0,0.0407217394701819
922.0,0.9672095252748683,0.0,0.303862498,0.0,0.0,0.0,0.7727892653560103,0.0,0.0,0.0,0.0,0.0,0.19442025991885795,101.0486383721737,0.0,0.0,0.0,0.0,0.04072173993471108
923.0,1.0383023654569559,0.0,0.29683931,0.0,0.0,0.0,0.7549277512478194,0.0,0.0,0.0,0.0,0.0,0.28337461420913634,100.85421695955262,0.0,0.0,1.1102230246251565e-16,0.0,0.04072174039924026
924.0,1.1053780318986337,0.0,0.291466342,0.0,0.0,0.0,0.7412631100998309,0.0,0.0,0.0,0.0,0.0,0.36411492179880284,100.57084119485909,0.0,0.0,1.1102230246251565e-16,0.0,0.040721740863769444
925.0,1.1289435953385094,0.000289517,0.279248822,0.0,0.0,0.00030639485349904963,0.7101912655404792,0.0,0.0,0.0,0.0,0.0,0.4184459349445313,100.20672512580845,0.0,-5.421010862427522e-20,0.0,0.0,0.04072174132829864
926.0,1.1215602184424902,0.176265722,0.227156035,0.0,0.0,0.1865414123146282,0.5777078335242086,0.0,0.0,0.0,0.0,0.0,0.35731097260365335,99.78827804776571,0.0,-2.7755575615628914e-17,1.1102230246251565e-16,0.0,0.040721741792827844
927.0,1.1005835478875585,0.637675551,0.182276882,0.0,0.0,0.674849860383227,0.46357026174439003,0.0,0.0,0.0,0.0,0.037836574240058436,0.0,99.43096593683727,0.0,-1.1102230246251565e-16,0.0,0.0,0.01995365370610495
928.0,1.071938700805758,0.715884881,0.184391538,0.0,0.0,0.7576185275344093,0.4689482977556673,0.0,0.0,0.0,0.0,0.1546281244843187,0.0,99.4495047239661,0.0,0.0,0.0,0.0,0.019953653933724263
929.0,1.0440090648269937,0.694504194,0.202392155,0.0,0.0,0.7349914194161501,0.5147278318506741,0.0,0.0,0.0,0.0,0.20571018643983036,0.0,99.52527137050312,0.0,0.0,0.0,0.0,0.01995365416134358
930.0,1.0233022044486568,0.659508449,0.230152791,0.0,0.0,0.6979555418602033,0.5853292441389901,0.0,0.0432958227151399,0.0,0.0,0.21668675883539654,0.0,99.62606822653406,0.0,-1.1102230246251565e-16,0.0,0.0,0.01995302657205304
931.0,1.0055846695189403,0.641404406,0.253347551,0.0,0.0,0.6787960949098497,0.644318628016526,0.0,0.10084329457203883,0.0,0.03896624044362591,0.21668675883539654,0.0,99.73224360188898,0.0,0.0,1.1102230246251565e-16,0.0,0.0199530492213578
932.0,0.9964453851244478,0.651278065,0.269204864,0.0,0.0,0.6892453545485049,0.6846472679258521,0.0,0.16076047851451267,0.0,0.12972516132671233,0.21668675883539654,0.0,99.83841897603273,0.0,0.0,0.0,0.0,0.01995307187068827
933.0,0.9981841618180579,0.674523843,0.274401491,0.0,0.0,0.713846282109862,0.6978634350675412,0.0,0.19683879652394898,0.0,0.27440944473485135,0.21668675883539654,0.0,99.9445943489653,0.0,1.1102230246251565e-16,1.1102230246251565e-16,0.0,0.019953094520044456
934.0,1.020103026640463,0.638799819,0.303978757,0.0,0.0,0.676039669372522,0.7730849376018201,0.0,0.21233482149848257,0.0,0.45156405011601247,0.21668675883539654,0.0,100.05076972068667,0.0,-1.1102230246251565e-16,1.1102230246251565e-16,0.0,0.01995311716942635
935.0,1.0609321586811817,0.379995143,0.366103514,0.0,0.0,0.4021475635967332,0.9310818791080757,0.0,0.05561052518823051,0.0,0.6426648768807466,0.21668675883539654,0.0,100.15694509119686,0.0,-5.551115123125783e-17,0.0,0.0,0.01995313981883395
936.0,1.0921230716357686,0.053435107,0.42451876,0.0,0.0,0.05655019146015965,1.0796447170333092,0.0,0.0,0.0,0.6927136200419723,0.04407183685770029,0.0,100.26312046049587,0.0,-6.938893903907228e-18,0.0,0.0,0.019953655754678855
937.0,1.1001873980250982,0.0,0.452828209,0.0,0.0,0.0,1.151641881669741,0.0,0.0,0.0,0.6927128337219608,0.05145448364464286,0.0,100.28471451681463,0.0,0.0,2.220446049250313e-16,0.0,0.01995365598229819
938.0,1.0836711607864102,0.0,0.463105091,0.0,0.0,0.0,1.177778256323419,0.0,0.0,0.0,0.6927120474028419,0.09410709553700859,0.0,100.30992606981265,0.0,0.0,0.0,0.0,0.019953656209917528
939.0,1.0467628417087458,0.0,0.464146112,0.0,0.0,0.0,1.180425802036053,0.0,0.0,0.0,0.6927112610846154,0.13366296032730715,0.0,100.35603740235032,0.0,0.0,0.0,0.0,0.019953656437536868
940.0,1.0020578650677385,0.0,0.461244707,0.0,0.0,0.0,1.173046890017597,0.0,0.0,0.0,0.6927104747672818,0.17098902494985832,0.0,100.42153110810924,0.0,0.0,0.0,0.0,0.019953656665156215
941.0,0.9618968344166828,0.0,0.457244659,0.0,0.0,0.0,1.162873886847891,0.0,0.0,0.0,0.6927096884508405,0.20097705243120803,0.0,100.50531458478609,0.0,0.0,0.0,0.0,0.019953656892775562
942.0,0.9358473042716499,0.0,0.457456817,0.0,0.0,0.0,1.1634134513747363,0.0,0.01087938826768979,0.0,0.6927089021352919,0.21668675883539654,0.0,100.60379219397306,0.0,0.0,0.0,0.0,0.01995329836540705
943.0,0.9208407192115273,0.0,0.45724831,0.0,0.0,0.0,1.1628831721451105,0.0,0.025355694098186568,0.0,0.7024995652615565,0.21668675883539654,0.0,100.7099675581747,0.0,0.0,0.0,0.0,0.019953321015020335
944.0,0.9154081127192997,0.0,0.453896589,0.0,0.0,0.0,1.1543590073458456,0.0,0.022264135791149362,0.0,0.725318892521593,0.21668675883539654,0.0,100.81614292116515,0.0,0.0,0.0,0.0,0.01995334366465933
945.0,0.9223289578840137,0.0,0.439579493,0.0,0.0,0.0,1.117947478536945,0.0,0.0,0.0,0.7453557914023929,0.19561852065293134,0.0,100.92231828294443,0.0,0.0,0.0,0.0,0.019953657803252967
946.0,0.9516611785109486,0.0,0.424692786,0.0,0.0,0.0,1.0800873034846745,0.0,0.0,0.0,0.7453549453266735,0.12842612497372596,0.0,101.0181702068031,0.0,0.0,0.0,0.0,0.019953658030872328
947.0,1.0164498825033954,0.0,0.413318616,0.0,0.0,0.0,1.051160283743218,0.0,0.0,0.0,0.7453540992519143,0.034710401239822504,0.0,101.08109785568556,0.0,0.0,0.0,0.0,0.019953658258491692
948.0,1.0738744817552943,0.0,0.39846135,0.0,0.0,0.0,1.0133749836390278,0.0,0.0,0.0604994981162665,0.7453532531781157,0.0,0.0,101.09810479922056,0.0,0.0,0.0,0.0,0.022170482514969347
949.0,1.0886647904040194,0.000344801,0.363134401,0.0,0.0,0.0003649017221141619,0.9235307707313223,0.0,0.0,0.16476911795058294,0.6848529089890109,0.0,0.0,101.09810364595403,0.0,-5.421010862427522e-20,0.0,0.0,0.022170507681377724
950.0,1.081465569660279,0.150033236,0.288597304,0.0,0.0,0.15877966186513517,0.7339665144919766,0.0,0.0,0.18871939330316737,0.5200830136413453,0.0,0.0,101.09810249268752,0.0,-2.7755575615628914e-17,0.0,0.0,0.022170532847814676
951.0,1.0642769483307124,0.594901079,0.242163543,0.0,0.0,0.6295817825779887,0.6158752321287724,0.0,0.0,0.0,0.33136302997634676,0.18118006637604864,0.0,101.09810133942104,0.0,-1.1102230246251565e-16,0.0,0.0,0.019953659168969164
952.0,1.0393023761908424,0.679058103,0.244830969,0.0,0.0,0.7186448740005857,0.6226590840107888,0.0,0.08531482298513553,0.0,0.33136265383623054,0.21668675883539654,0.0,101.18687841867882,0.0,-1.1102230246251565e-16,0.0,0.0,0.019953524862696855
953.0,1.0174584586397135,0.668733979,0.249800544,0.0,0.0,0.7077188887890574,0.635297807902875,0.0,0.10887147921682236,0.0,0.40814561838316327,0.21668675883539654,0.0,101.29305377622896,0.0,-1.1102230246251565e-16,0.0,0.0,0.019953547512567244
954.0,0.999254837122005,0.639236212,0.245130579,0.0,0.0,0.6765015025957972,0.623421058237017,0.0,0.08398096487541266,0.0,0.5061294863799676,0.21668675883539654,0.0,101.39922913256791,0.0,0.0,0.0,0.0,0.01995357016246334
955.0,0.985087661500177,0.622761453,0.24140383,0.0,0.0,0.6590663213448269,0.6139431146249158,0.0,0.07123501563416913,0.0,0.5817117802450751,0.21668675883539654,0.0,101.50540448769569,0.0,0.0,0.0,0.0,0.01995359281238515
956.0,0.9755822061517346,0.62991416,0.243993799,0.0,0.0,0.666636006763599,0.6205299762941858,0.0,0.09489701807065362,0.0,0.6458226339973342,0.21668675883539654,0.0,101.61157984161228,0.0,0.0,0.0,0.0,0.01995361546233267
957.0,0.974622881079398,0.641391632,0.248857794,0.0,0.0,0.6787825762292243,0.6329001869897659,0.0,0.12037312330419576,0.0,0.7312292171682758,0.21668675883539654,0.0,101.71775519431769,0.0,0.0,0.0,0.0,0.0199536381123059
958.0,0.9892632951855707,0.586052775,0.257375985,0.0,0.0,0.6202176526381403,0.6545638230369235,0.0,0.18867973945139868,0.0,0.8395641981018308,0.0968384410380945,0.0,101.8239305458119,0.0,0.0,0.0,0.0,0.019953660762304842
959.0,1.015244302111151,0.339272356,0.297728868,0.0,0.0,0.35905077702828303,0.7571900931881254,0.0,0.1009965681052574,0.0,1.0093750105935815,0.0,0.0,101.87138022037426,0.0,-5.551115123125783e-17,1.1102230246251565e-16,0.0,0.01995368341232949
960.0,1.0287498003951396,0.058078167,0.350910275,0.0,0.0,0.061463926019744396,0.8924421256588418,0.0,0.0,0.07484374871655344,1.1002707761164572,0.0,0.0,101.87137905828668,0.0,0.0,0.0,0.0,0.022170784513755395
961.0,1.0235934281313306,2.16e-07,0.358014675,0.0,0.0,2.285920631803822e-07,0.9105101797719072,0.0,0.0,0.1130830197673601,1.0254257784495378,0.0,0.0,101.8713778961991,0.0,0.0,1.1102230246251565e-16,0.0,0.022170809680506588
962.0,1.003747390697367,0.0,0.354059318,0.0,0.0,0.0,0.9004508356594569,0.0,0.0,0.10329655503791009,0.9123415946906139,0.0,0.0,101.87137673411155,0.0,0.0,1.1102230246251565e-16,0.0,0.022170834847286346
963.0,0.9697534497970466,0.0,0.355002903,0.0,0.0,0.0,0.9028505801614947,0.0,0.0,0.066902869635552,0.8090440040263894,0.0,0.0,101.871375572024,0.0,0.0,0.0,0.0,0.022170860014094677
964.0,0.9284103936104333,0.0,0.349773054,0.0,0.0,0.0,0.8895499221558699,0.0,0.0,0.038860471454563464,0.742140216020717,0.0,0.0,101.87137440993646,0.0,0.0,0.0,0.0,0.022170885180931573
965.0,0.8876026750757935,0.0,0.339865148,0.0,0.0,0.0,0.8643519347459315,0.0,0.0,0.023250740329861946,0.7032789021405302,0.0,0.0,101.87137324784895,0.0,0.0,0.0,0.0,0.022170910347797036
966.0,0.8549063926438569,0.0,0.330487666,0.0,0.0,0.0,0.8405029324064944,0.0,0.0,0.014403460237362536,0.6800273634976881,0.0,0.0,101.87137208576144,0.0,0.0,0.0,0.0,0.022170935514691063
967.0,0.8341267263448516,0.0,0.326351859,0.0,0.0,0.0,0.8299846641956399,0.0,0.0,0.004142062149211784,0.6656231313408644,0.0,0.0,101.87137092367395,0.0,0.0,1.1102230246251565e-16,0.0,0.02217096068161366
968.0,0.8242765135485383,0.0,0.32416131,0.0,0.0,0.0,0.8244136155681243,0.0,0.00013710201958604812,0.0,0.6614803136228675,0.0,0.0,101.87136976158646,0.0,0.0,0.0,0.0,0.019953887263708347
969.0,0.8208182323167892,0.0,0.317820275,0.0,0.0,0.0,0.8082869667993553,0.0,0.0,0.012531265517433839,0.6616029545743466,0.0,0.0,101.871368599499,0.0,0.0,1.1102230246251565e-16,0.0,0.022171011015544563
970.0,0.8263707544430589,0.0,0.308327252,0.0,0.0,0.0,0.7841441182462651,0.0,0.0,0.04222663619679379,0.6490709380515509,0.0,0.0,101.87136743741155,0.0,0.0,0.0,0.0,0.022171036182552863
971.0,0.8469983848489037,0.0,0.299404831,0.0,0.0,0.0,0.761452436267836,0.0,0.0,0.08554594858106773,0.6068435650748633,0.0,0.0,101.8713662753241,0.0,0.0,0.0,0.0,0.022171061349589734
972.0,0.8774355423895118,0.0,0.290772634,0.0,0.0,0.0,0.7394988578501452,0.0,0.0,0.13793668453936653,0.5212969276474595,0.0,0.0,101.87136511323669,0.0,0.0,1.1102230246251565e-16,0.0,0.02217108651665517
973.0,0.9146821948632236,0.000317013,0.280329014,0.0,0.0,0.00033549377650464126,0.7129384317344575,0.0,0.0,0.20140826935226133,0.3833596513683115,0.0,0.0,101.87136395114928,0.0,-5.421010862427522e-20,1.1102230246251565e-16,0.0,0.022171111683749176
974.0,0.9488088995012335,0.112205021,0.254839101,0.0,0.0,0.11874619097031534,0.6481119682158873,0.0,0.0,0.18195074031503083,0.18195094685300914,0.0,0.0,101.87136278906188,0.0,-1.3877787807814457e-17,0.0,0.0,0.02217113685087175
975.0,0.9717641780178593,0.420958376,0.207114721,0.0,0.0,0.4454988133467736,0.5267383574461533,0.0,0.0,0.0,0.0,0.00047299277506769426,0.0,101.87136162697449,0.0,0.0,1.1102230246251565e-16,0.0,0.019953664631834872
976.0,0.9798285044071888,0.550363319,0.208498987,0.0,0.0,0.5824476230972817,0.5302588508016621,0.0,0.0,0.0,0.0,0.132877969491755,0.0,101.87159223134691,0.0,0.0,0.0,0.0,0.019953664859454313
977.0,0.9779655293783208,0.581001424,0.212628449,0.0,0.0,0.6148718251060187,0.5407609822798796,0.0,0.0,0.0,0.0,0.17766727800757737,0.0,101.93670127430786,0.0,0.0,0.0,0.0,0.01995366508707375
978.0,0.9714708129845777,0.571722925,0.217913715,0.0,0.0,0.6050524212651525,0.5542025779234167,0.0,0.0,0.0,0.0,0.18778418620399126,0.0,102.02375707769885,0.0,-1.1102230246251565e-16,0.0,0.0,0.019953665314693194
979.0,0.9592051567025598,0.561711286,0.232460706,0.0,0.0,0.5944571378631747,0.5911987803571584,0.0,0.009764002682376814,0.0,0.0,0.21668675883539654,0.0,102.11577016511299,0.0,0.0,0.0,0.0,0.019952925616905384
980.0,0.9550230989653424,0.559202495,0.248937239,0.0,0.0,0.5918020929058674,0.6331022331244166,0.0,0.053194468229545065,0.0,0.008787602414139133,0.21668675883539654,0.0,102.2219455120669,0.0,0.0,0.0,0.0,0.019952948266095547
981.0,0.9560316751016605,0.55473831,0.26516572,0.0,0.0,0.5870776611486039,0.6743748350163222,0.0,0.08873406222786906,0.0,0.05666261384565857,0.21668675883539654,0.0,102.32812085780961,0.0,0.0,0.0,0.0,0.019952970915311424
982.0,0.9674643459972078,0.506488745,0.277665014,0.0,0.0,0.5360153110981133,0.7061632929250992,0.0,0.05802749919060811,0.0,0.13652320553130787,0.21668675883539654,0.0,102.43429620234116,0.0,1.1102230246251565e-16,-1.1102230246251565e-16,0.0,0.019952993564553004
983.0,0.9876722716839053,0.321373374,0.305483886,0.0,0.0,0.34010834543472496,0.7769128121892792,0.0,0.0,0.0,0.18874779983126888,0.12934888594009888,0.0,102.5404715456615,0.0,5.551115123125783e-17,0.0,0.0,0.019953666452790442
984.0,0.9972612397060555,0.058813345,0.350166781,0.0,0.0,0.06224196238930378,0.8905512566446055,0.0,0.0,0.04446802067214615,0.18874758557797885,0.0,0.0,102.60385133005197,0.0,0.0,1.1102230246251565e-16,0.0,0.02217004318123701
985.0,0.9936809014896564,7.11e-07,0.366097872,0.0,0.0,7.524488746354247e-07,0.9310675302592909,0.0,0.0,0.06261261878149085,0.14427935065278588,0.0,0.0,102.6038501596088,0.0,0.0,0.0,0.0,0.02217006834714669
986.0,0.9788691793348522,0.0,0.374597136,0.0,0.0,0.0,0.9526830307763267,0.0,0.0,0.026186148558525486,0.08166656809547573,0.0,0.0,102.60384898916563,0.0,0.0,1.1102230246251565e-16,0.0,0.02217009351308494
987.0,0.9480744162427257,0.0,0.37854753,0.0,0.0,0.0,0.9627297528865584,0.0,0.0,0.0,0.0554803268347788,0.014655336643832593,0.0,102.60384781872249,0.0,0.0,0.0,0.0,0.01995366736326829
988.0,0.9135322895867843,0.0,0.381330434,0.0,0.0,0.0,0.9698072907593506,0.0,0.0,0.0,0.0554802638573954,0.05627500117256633,0.0,102.61102776323483,0.0,0.0,1.1102230246251565e-16,0.0,0.019953667590887757
989.0,0.8793092241714192,0.0,0.383946921,0.0,0.0,0.0,0.9764615935438408,0.0,0.0,0.0,0.055480200880083486,0.09715236937242167,0.0,102.63860134328435,0.0,0.0,1.1102230246251565e-16,0.0,0.01995366781850723
990.0,0.8507628792175816,0.0,0.388086683,0.0,0.0,0.0,0.9869899201908782,0.0,0.0,0.0,0.05548013790284306,0.1362270409732965,0.0,102.68620483343724,0.0,0.0,0.0,0.0,0.0199536680461267
991.0,0.8333408506717545,0.0,0.393053463,0.0,0.0,0.0,0.9996215357822992,0.0,0.0,0.0,0.055480074925674125,0.16628068511054475,0.0,102.75295491213154,0.0,0.0,0.0,0.0,0.01995366827374618
992.0,0.8220580743187599,0.0,0.399972366,0.0,0.0,0.0,1.0172178301642387,0.0,0.0,0.0,0.05548001194857668,0.19515975584547882,0.0,102.83443127569166,0.0,0.0,0.0,0.0,0.019953668501365658
993.0,0.8176468920664979,0.0,0.399918892,0.0,0.0,0.0,1.0170818340033185,0.0,0.0,0.0,0.055479948971550716,0.1994349419368205,0.0,102.93005838298244,0.0,0.0,0.0,0.0,0.019953668728985137
994.0,0.8237475999483884,0.0,0.398213125,0.0,0.0,0.0,1.012743692786568,0.0,0.0,0.0,0.05547988599459624,0.18899609283817956,0.0,103.02778033036714,0.0,0.0,0.0,0.0,0.019953668956604623
995.0,0.839098942456382,0.0,0.393225114,0.0,0.0,0.0,1.0000580820855143,0.0,0.0,0.0,0.05547982301771325,0.16095913962913233,0.0,103.12038724057874,0.0,0.0,0.0,0.0,0.019953669184224105
996.0,0.8635553077491416,0.0,0.387179596,0.0,0.0,0.0,0.984682998142393,0.0,0.0,0.0,0.05547976004090175,0.12112769039325143,0.0,103.1992560426615,0.0,0.0,1.1102230246251565e-16,0.0,0.019953669411843598
997.0,0.8981274133135935,0.000238244,0.378255875,0.0,0.0,0.0002521328125016064,0.961988009977608,0.0,0.0,0.0,0.05547969706416173,0.06411272947651615,0.0,103.258607433719,0.0,0.0,1.1102230246251565e-16,0.0,0.01995366963946309
998.0,0.9357188232351762,0.14391388,0.342932759,0.0,0.0,0.15230356828469419,0.8721535452332118,0.0,0.0,0.0,0.0554796340874932,0.08873829028272986,0.0,103.29002149325025,0.0,0.0,1.1102230246251565e-16,0.0,0.01995366986708258
999.0,0.9592865280256597,0.611157052,0.296409398,0.0,0.0,0.6467854233514821,0.7538343903334767,0.0,0.22464652682390265,0.0,0.055479571110896166,0.21668675883539654,0.0,103.3335020772182,0.0,0.0,1.1102230246251565e-16,0.0,0.019953378605593586
1000.0,0.9700446734797202,0.67900767,0.283866226,0.0,0.0,0.7185915009287227,0.7219343410055269,0.0,0.25379440961913274,0.0,0.257661382275883,0.21668675883539654,0.0,103.43967741028095,0.0,0.0,0.0,0.0,0.019953401255297952
1001.0,0.9716057180728751,0.683603614,0.280263017,0.0,0.0,0.7234553727862297,0.7127705868260487,0.0,0.24793348270400675,0.0,0.48607605845393764,0.21668675883539654,0.0,103.54585274213251,0.0,0.0,1.1102230246251565e-16,0.0,0.01995342390502803
1002.0,0.9667577002966026,0.658349509,0.286223031,0.0,0.0,0.6967290396115815,0.7279282152628805,0.0,0.24121279574246293,0.0,0.7092156411280275,0.21668675883539654,0.0,103.6520280727729,0.0,0.0,0.0,0.0,0.019953446554783816
1003.0,0.9584770974958757,0.639154567,0.29644446,0.0,0.0,0.6764150979708048,0.7539235607227162,0.0,0.25517480236224865,0.0,0.9263063522442935,0.21668675883539654,0.0,103.7582034022021,0.0,-1.1102230246251565e-16,0.0,0.0,0.01995346920456531
1004.0,0.9518410519620116,0.635998067,0.29949983,0.0,0.0,0.6730745847882637,0.7616940396506251,0.0,0.26624081364148067,0.0,1.1559626228921875,0.21668675883539654,0.0,103.86437873042011,0.0,0.0,1.1102230246251565e-16,0.0,0.019953491854372524
1005.0,0.9547875503984741,0.621813584,0.291506796,0.0,0.0,0.6580631948154995,0.7413659935327866,0.0,0.2279548791144155,0.0,1.395578043001668,0.21668675883539654,0.0,103.97055405742694,0.0,0.0,0.0,0.0,0.019953514504205443
1006.0,0.9732245791324431,0.540539154,0.284648403,0.0,0.0,0.5720507427899924,0.7239235894096138,0.0,0.1060629942317664,0.0,1.600735850042138,0.21668675883539654,0.0,104.07672938322258,0.0,0.0,0.0,0.0,0.01995353715406407
1007.0,1.0040964308464537,0.313739157,0.307160489,0.0,0.0,0.3320290796254808,0.7811767829299648,0.0,0.0,0.0,1.6961907278074424,0.10910943170899196,0.0,104.18290470780703,0.0,0.0,1.1102230246251565e-16,0.0,0.019953671915658146
1008.0,1.0290602962332844,0.036738112,0.356779657,0.0,0.0,0.03887981860848129,0.90736925695582,0.0,0.0,0.08281122066898312,1.6961888024104614,0.0,0.0,104.23636714088838,0.0,0.0,0.0,0.0,0.022170647170953846
1009.0,1.0308675961463472,1.38e-06,0.388785004,0.0,0.0,1.4604492925413306e-06,0.9887659043156868,0.0,0.0,0.042100231381367904,1.613375656346683,0.0,0.0,104.23636595182244,0.0,0.0,0.0,0.0,0.022170672337549133
1010.0,1.0161286799122113,0.0,0.402841193,0.0,0.0,0.0,1.0245138891526153,0.0,0.0,0.0,1.5712735935742066,0.00838520924040397,0.0,104.23636476275651,0.0,0.0,0.0,0.0,0.019953672598516718
1011.0,0.9793788207795311,0.0,0.398346297,0.0,0.0,0.0,1.0130823785168683,0.0,0.0,0.0,1.571271809974412,0.03370355773733716,0.0,104.2404723262184,0.0,0.0,0.0,0.0,0.01995367282613624
1012.0,0.9351770615313789,0.0,0.381664278,0.0,0.0,0.0,0.9706563295884316,0.0,0.012407722398872927,0.0,1.5712700263766426,0.02307154565817975,0.0,104.25698588039693,0.0,0.0,0.0,0.0,0.019953673053755772
1013.0,0.8987548290417064,0.0,0.363133413,0.0,0.0,0.0,0.9235282580296919,0.0,0.02477342898798542,0.0,1.582435192939883,0.0,0.0,104.26828974846829,0.0,0.0,0.0,0.0,0.019953695703794374
1014.0,0.8726924507930262,0.0,0.348071122,0.0,0.0,0.0,0.8852215341888694,0.0,0.012529083395843311,0.0,1.6047294827594094,0.0,0.0,104.2682885590382,0.0,0.0,1.1102230246251565e-16,0.0,0.019953718353858688
1015.0,0.8581976485281904,0.0,0.335504507,0.0,0.0,0.0,0.8532618641480413,0.0,0.0,0.004935784380149086,1.6160038362390905,0.0,0.0,104.26828736960813,0.0,0.0,0.0,0.0,0.022170823337720795
1016.0,0.8540776899586019,0.0,0.319602305,0.0,0.0,0.0,0.8128190616238452,0.0,0.0,0.041258628334756714,1.6110662174845067,0.0,0.0,104.26828618017807,0.0,0.0,0.0,0.0,0.02217084850451606
1017.0,0.8599835349351741,0.0,0.297829737,0.0,0.0,0.0,0.7574466252739216,0.0,0.0,0.10253690966125241,1.5698057603801547,0.0,0.0,104.26828499074801,0.0,0.0,1.1102230246251565e-16,0.0,0.02217087367133989
1018.0,0.8970181936987043,0.0,0.27650563,0.0,0.0,0.0,0.7032147240311992,0.0,0.0,0.193803469667505,1.4672670687852896,0.0,0.0,104.26828380131796,0.0,0.0,0.0,0.0,0.022170898838192288
1019.0,0.9684921942889969,0.0,0.258355217,0.0,0.0,0.0,0.657054225712061,0.0,0.0,0.2932786472456189,1.2734619335789168,0.0,0.01815932133131711,104.26828261188795,0.0,0.0,0.0,0.0,0.040721784994066444
1020.0,1.0377370488964717,0.0,0.24194369,0.0,0.0,0.0,0.6153160975219203,0.0,0.0,0.2932786472456189,0.9801818407884533,0.0,0.1291423041289325,104.25012210112662,0.0,0.0,0.0,0.0,0.04072178545859614
1021.0,1.0711506837820528,0.000617706,0.224047447,0.0,0.0,0.0006537161526800981,0.5698020094997694,0.0,0.0,0.2932786472456189,0.6869020809090214,0.0,0.20741631088398438,104.12097860777484,0.0,-1.0842021724855044e-19,0.0,0.0,0.040721785923125836
1022.0,1.087195823887004,0.176254205,0.197639806,0.0,0.0,0.186529223912815,0.5026415615257807,0.0,0.0,0.2932786472456189,0.3936226539402434,0.0,0.10474639120278943,103.9135611091412,0.0,-2.7755575615628914e-17,1.1102230246251565e-16,0.0,0.04072178638765555
1023.0,1.0918768163158608,0.440916194,0.206397091,0.0,0.0,0.46662010405602616,0.5249132662810783,0.0,0.0,0.1003434459787562,0.10034355988174135,0.0,0.0,103.80881353255486,0.0,0.0,1.1102230246251565e-16,0.0,0.022171024672882792
1024.0,1.0846026483008442,0.563174746,0.224899382,0.0,0.0,0.5960059125890171,0.5719686678637149,0.0,0.0,0.0,0.0,0.08337193215188782,0.0,103.80881234836619,0.0,-1.1102230246251565e-16,1.1102230246251565e-16,0.0,0.01995367578519034
1025.0,1.0682405883059245,0.583117583,0.233634099,0.0,0.0,0.6171113489570731,0.5941829772238738,0.0,0.0,0.0,0.0,0.14305373787502246,0.0,103.84966341093197,0.0,-1.1102230246251565e-16,0.0,0.0,0.019953676012809902
1026.0,1.047932019140656,0.572597941,0.245456688,0.0,0.0,0.6059784477130962,0.6242504252572801,0.0,0.0,0.0,0.0,0.18229685382972038,0.0,103.91975855783608,0.0,0.0,1.1102230246251565e-16,0.0,0.01995367624042947
1027.0,1.029717690869908,0.56238557,0.258094684,0.0,0.0,0.5951707303202559,0.6563916329044713,0.0,0.005157913519422692,0.0,0.0,0.21668675883539654,0.0,104.00908283075839,0.0,-1.1102230246251565e-16,0.0,0.0,0.01995360920093226
1028.0,1.017976665486824,0.558909673,0.270550605,0.0,0.0,0.5914922003821425,0.6880697837203134,0.0,0.04489855978023517,0.0,0.004642122167480422,0.21668675883539654,0.0,104.11525815611452,0.0,0.0,0.0,0.0,0.01995363185089839
1029.0,1.0168995661310531,0.546437502,0.284495402,0.0,0.0,0.5782929443579363,0.7235344741645047,0.0,0.06824109355599123,0.0,0.045050820700279944,0.21668675883539654,0.0,104.22143348025946,0.0,-1.1102230246251565e-16,0.0,0.0,0.01995365450089022
1030.0,1.0346792002283989,0.485139242,0.303234596,0.0,0.0,0.5134212049006793,0.7711923722596614,0.0,0.10368289051585566,0.0,0.10646775376213395,0.14625148641608618,0.0,104.32760880319321,0.0,0.0,0.0,0.0,0.019953677150907765
1031.0,1.0744911907303678,0.303450119,0.357599502,0.0,0.0,0.3211402258080671,0.9094543033811799,0.0,0.15610333845887928,0.0,0.19978223437166273,0.0,0.0,104.39927084143035,0.0,0.0,0.0,0.0,0.01995369980095102
1032.0,1.1036028522446895,0.055154359,0.433195689,0.0,0.0,0.0583696699870439,1.1017120587802867,0.0,0.05647887652264112,0.0,0.3402750122058464,0.0,0.0,104.3992696505061,0.0,0.0,0.0,0.0,0.019953722451019985
1033.0,1.1088598679870696,3.54e-06,0.447890567,0.0,0.0,3.746369924345153e-06,1.1390843704306577,0.0,0.03022824881351238,0.0,0.39110561481984873,0.0,0.0,104.39926845958186,0.0,0.0,0.0,0.0,0.019953745101114664
1034.0,1.0914613942979292,0.0,0.430722453,0.0,0.0,0.0,1.0954220748432362,0.0,0.003960680545307009,0.0,0.4183105947962934,0.0,0.0,104.39926726865764,0.0,0.0,0.0,0.0,0.01995376775123505
1035.0,1.0487050467101058,0.0,0.409980531,0.0,0.0,0.0,1.0426707982956063,0.0,0.0,0.006034248414499693,0.42187473245016427,0.0,0.0,104.39926607773344,0.0,0.0,0.0,0.0,0.02217087822375683
1036.0,0.9972548156542318,0.0,0.390797464,0.0,0.0,0.0,0.9938840333878645,0.0,0.0,0.0033707822663673424,0.41584000515299946,0.0,0.0,104.39926488680925,0.0,0.0,0.0,0.0,0.022170903390614394
1037.0,0.9533014530765954,0.0,0.375966516,0.0,0.0,0.0,0.9561656657548399,0.0,0.002864212678244419,0.0,0.4124687508541671,0.0,0.0,104.39926369588508,0.0,0.0,1.1102230246251565e-16,0.0,0.019953835701750477
1038.0,0.9248407621470737,0.0,0.370407321,0.0,0.0,0.0,0.9420274083249257,0.0,0.01718664617785199,0.0,0.4150460740589339,0.0,0.0,104.3992625049609,0.0,0.0,0.0,0.0,0.01995385835197371
1039.0,0.9077335121406069,0.0,0.368754058,0.0,0.0,0.0,0.9378227963454301,0.0,0.030089284204823093,0.0,0.4305135844877507,0.0,0.0,104.39926131403676,0.0,0.0,0.0,0.0,0.01995388100222265
1040.0,0.8998019494889667,0.0,0.367625034,0.0,0.0,0.0,0.9349514396190423,0.0,0.03514949013007547,0.0,0.4575934515832063,0.0,0.0,104.39926012311263,0.0,0.0,0.0,0.0,0.019953903652497305
1041.0,0.9065493452544414,0.0,0.366464729,0.0,0.0,0.0,0.9320005284192702,0.0,0.025451183164828757,0.0,0.4892274732722195,0.0,0.0,104.3992589321885,0.0,0.0,0.0,0.0,0.019953926302797666
1042.0,0.9384747414675361,0.0,0.366167709,0.0,0.0,0.0,0.9312451411335512,0.0,0.0,0.007229600333984887,0.5121329827837836,0.0,0.0,104.39925774126439,0.0,0.0,0.0,0.0,0.02217105439235971
1043.0,1.006012939640519,0.0,0.370628074,0.0,0.0,0.0,0.9425888318300241,0.0,0.0,0.06342410781049496,0.504902801112286,0.0,0.0,104.3992565503403,0.0,0.0,1.1102230246251565e-16,0.0,0.022171079559417252
1044.0,1.064606716324328,0.0,0.374287978,0.0,0.0,0.0,0.9518967738829245,0.0,0.0,0.11270994244140352,0.4414781201714744,0.0,0.0,104.39925535941622,0.0,0.0,0.0,0.0,0.02217110472650336
1045.0,1.0828124791926446,0.000741818,0.358005494,0.0,0.0,0.0007850634589090036,0.9104868304665736,0.0,0.0,0.1715405852671619,0.3287676765950124,0.0,0.0,104.39925416849213,0.0,0.0,0.0,0.0,0.02217112989361804
1046.0,1.0874763408166381,0.186993881,0.28796358,0.0,0.0,0.19789498638841144,0.7323548147671936,0.0,0.0,0.15722653966103317,0.15722671813379774,0.0,0.0,104.3992529775681,0.0,0.0,0.0,0.0,0.02217115506076128
1047.0,1.0804334386672743,0.548486865,0.282273238,0.0,0.0,0.5804617782300452,0.7166584192726256,0.0,0.0,0.0,0.0,0.21668675883539654,0.0,104.39925178664404,0.0,0.0,0.0012246023554077778,0.0,1.05e-08
1048.0,1.0616602178878658,0.685258547,0.315035557,0.0,0.0,0.7252067827348191,0.5531401939884434,0.0,0.0,0.0,0.0,0.21668675883539654,0.0,104.50542710754938,0.0,-1.1102230246251565e-16,0.24806462153654307,0.0,1.05e-08
1049.0,1.0412081782318683,0.675666098,0.339682514,0.0,0.0,0.7150551266798997,0.5428398103873653,0.0,0.0,0.0,0.0,0.21668675883539654,0.0,104.6116024272435,0.0,-1.1102230246251565e-16,0.3210476458670841,0.0,1.05e-08
1050.0,1.0234478162899936,0.648201724,0.354280557,0.0,0.0,0.6859896733622254,0.5541449017631649,0.0,0.0,0.0,0.0,0.21668675883539654,0.0,104.71777774572645,0.0,-1.1102230246251565e-16,0.3468685934064436,0.0,1.05e-08
1051.0,1.0103812948806232,0.631861919,0.363579741,0.0,0.0,0.6686973134690998,0.5583707402469199,0.0,0.0,0.0,0.0,0.21668675883539654,0.0,104.82395306299821,0.0,0.0,0.36629262820112907,0.0,1.05e-08
1052.0,1.0018244578514781,0.641438186,0.36909395,0.0,0.0,0.6788318441686193,0.5396793725182555,0.0,0.0,0.0,0.0,0.21668675883539654,0.0,104.9301283790588,0.0,-1.1102230246251565e-16,0.39900784405247136,0.0,1.05e-08
1053.0,1.0033940678470645,0.649320974,0.36095303,0.0,0.0,0.6871741718192376,0.5329066548632235,0.0,0.0,0.0,0.0,0.21668675883539654,0.0,105.03630369390818,0.0,0.0,0.38507640891625605,0.0,1.05e-08
1054.0,1.0212657800205496,0.595900536,0.393672338,0.0,0.0,0.630639504511739,0.607313034344207,0.0,0.0,0.0,0.0,0.21668675883539654,0.0,105.14247900754641,0.0,0.0,0.3938824368850298,0.0,1.05e-08
1055.0,1.0533239399713337,0.397281382,0.48674495,0.0,0.0,0.4204415313635813,0.8495691674431488,0.0,0.0,0.0,0.0,0.21668675883539654,0.0,105.24865431997343,0.0,0.0,0.38833045755844664,0.0,1.05e-08
1056.0,1.0747203152454123,0.0720277,0.570446829,0.0,0.0,0.07622666920897045,1.2151804048718384,0.0,0.0,0.0,0.0,0.21668675883539654,0.0,105.35482963118926,0.0,-1.3877787807814457e-17,0.2355915357563061,0.0,1.05e-08
1057.0,1.0754612225557438,5.87e-06,0.619549403,0.0,0.0,6.212200976244646e-06,1.292141769190164,0.0,0.0,0.0,0.0,0.21668675883539654,0.0,105.46100494119392,0.0,0.0,0.2835088331297211,0.0,1.05e-08
1058.0,1.0553132546860673,0.0,0.647807687,0.0,0.0,0.0,1.272000013521464,0.0,0.0,0.0,0.0,0.21668675883539654,0.0,105.5671802499874,0.0,0.0,0.3755176295695448,0.0,1.05e-08
1059.0,1.0104605248531153,0.0,0.661991642,0.0,0.0,0.0,1.227147283688512,0.0,0.0,0.0,0.0,0.21668675883539654,0.0,105.67335555756969,0.0,0.0,0.4564432813209256,0.0,1.05e-08
1060.0,0.9587597557761178,0.0,0.663924872,0.0,0.0,0.0,1.1754465146115145,0.0,0.0,0.0,0.0,0.21668675883539654,0.0,105.77953086394079,0.0,0.0,0.513060680127809,0.0,1.05e-08
1061.0,0.9111211288022955,0.0,0.655650017,0.0,0.0,0.0,1.1278078876376918,0.0,0.0,0.0,0.0,0.21668675883539654,0.0,105.88570616910071,0.0,0.0,0.5396545281030152,0.0,1.05e-08
1062.0,0.877735331474617,0.0,0.638579165,0.0,0.0,0.0,1.0944220903100137,0.0,0.0,0.0,0.0,0.21668675883539654,0.0,105.99188147304945,0.0,0.0,0.5296253885335407,0.0,1.05e-08
1063.0,0.8570755808096537,0.0,0.617114953,0.0,0.0,0.0,1.0737623396450502,0.0,0.0,0.0,0.0,0.21668675883539654,0.0,106.098056775787,0.0,0.0,0.4956969200793231,0.0,1.05e-08
1064.0,0.8472403574675957,0.0,0.596535944,0.0,0.0,0.0,1.0639271163029924,0.0,0.0,0.0,0.0,0.21668675883539654,0.0,106.20423207731338,0.0,0.0,0.4531951905182139,0.0,1.05e-08
1065.0,0.8491525835604452,0.0,0.575294252,0.0,0.0,0.0,1.0658393423958419,0.0,0.0,0.0,0.0,0.21668675883539654,0.0,106.31040737762856,0.0,0.0,0.3972606626815056,0.0,1.05e-08
1066.0,0.8772770824445276,0.0,0.551124367,0.0,0.0,0.0,1.0939638412799242,0.0,0.0,0.0,0.0,0.21668675883539654,0.0,106.41658267673256,0.0,0.0,0.30766682225041464,0.0,1.05e-08
1067.0,0.9408516406422985,0.0,0.528643191,0.0,0.0,0.0,1.157538399477695,0.0,0.0,0.0,0.0,0.21668675883539654,0.0,106.52275797462538,0.0,0.0,0.18691768147095522,0.0,1.05e-08
1068.0,0.9965653007584899,0.0,0.513642183,0.0,0.0,0.0,1.2278817463792941,0.0,0.014629686785407782,0.0,0.0,0.21668675883539654,0.0,106.62893327130702,0.0,0.0,0.07842346689657198,0.0,1.05e-08
1069.0,1.0130237215307647,0.000846297,0.48773524,0.0,0.0,0.0008956332282100367,1.24041815060652,0.0,0.011603303468568948,0.0,0.013166718106867002,0.21668675883539654,0.0,106.73510856677746,0.0,0.0,2.220446049250313e-16,0.0,1.050001191887853e-08
1070.0,1.0166126251495955,0.145676374,0.41503323,0.0,0.0,0.15416880967267124,1.0555209248297301,0.0,0.0,0.023609649482590492,0.023609676282642333,0.21668675883539654,0.0,106.84128386103671,0.0,0.0,2.220446049250313e-16,0.0,1.166669315307843e-08
1071.0,1.012310651778336,0.449718617,0.334457442,0.0,0.0,0.4759356782900839,0.7530617323236488,0.0,0.0,0.0,0.0,0.21668675883539654,0.0,106.9474591540848,0.0,-5.551115123125783e-17,0.0975372148884236,0.0,1.05e-08
1072.0,0.9999315039140996,0.557505533,0.354704171,0.0,0.0,0.5900062038099475,0.6266120589395486,0.0,0.0,0.0,0.0,0.21668675883539654,0.0,107.0536344459217,0.0,0.0,0.2754787799431183,0.0,1.05e-08
1073.0,0.9824645070055066,0.569189302,0.449852041,0.0,0.0,0.602371096686952,0.596780169153951,0.0,0.0,0.0,0.0,0.21668675883539654,0.0,107.1598097365474,0.0,0.0,0.5472926617200052,0.0,1.05e-08
1074.0,0.970027542674857,0.555884508,0.540584748,0.0,0.0,0.588290678582091,0.5984236229281624,0.0,0.0,0.0,0.0,0.21668675883539654,0.0,107.26598502596194,0.0,0.0,0.7764024678834257,0.0,1.05e-08
1075.0,0.9596719711350807,0.540374108,0.600239779,0.0,0.0,0.5718760751711975,0.6044826547992797,0.0,0.0,0.0,0.0,0.21668675883539654,0.0,107.37216031416528,0.0,0.0,0.9220593202846745,0.0,1.05e-08
1076.0,0.9553121812974081,0.525262265,0.621765841,0.0,0.0,0.5558832632738456,0.616115676858959,0.0,0.0,0.0,0.0,0.21668675883539654,0.0,107.47833560115744,0.0,0.0,0.9651718155181094,0.0,1.05e-08
1077.0,0.956104481022329,0.493159847,0.643539768,0.0,0.0,0.521909383812276,0.6508818560454495,0.0,0.0,0.0,0.0,0.21668675883539654,0.0,107.58451088693842,0.0,0.0,0.9857815289178946,0.0,1.05e-08
1078.0,0.969747025745223,0.425284595,0.707963332,0.0,0.0,0.45007723615686696,0.7363565484237526,0.0,0.0,0.0,0.0,0.21668675883539654,0.0,107.69068617150822,0.0,-5.551115123125783e-17,1.0641501506137616,0.0,1.05e-08
1079.0,0.9922461965823673,0.274180859,0.754584792,0.0,0.0,0.2901646677934235,0.9187682876243405,0.0,0.0,0.0,0.0,0.21668675883539654,0.0,107.79686145486681,0.0,-5.551115123125783e-17,1.0003070536785468,0.0,1.05e-08
1080.0,1.0040022114197065,0.061679194,0.77754441,0.0,0.0,0.06527488061001413,1.1554140896450888,0.0,0.0,0.0,0.0,0.21668675883539654,0.0,107.90303673701425,0.0,0.0,0.8220526176337164,0.0,1.05e-08
1081.0,1.0008993943888678,1.28e-05,0.772002714,0.0,0.0,1.3546196336615242e-05,1.2175726070279278,0.0,0.0,0.0,0.0,0.21668675883539654,0.0,108.00921201795049,0.0,0.0,0.745800346632534,0.0,1.05e-08
1082.0,0.9799120170808967,0.0,0.752869738,0.0,0.0,0.0,1.1965987759162933,0.0,0.0,0.0,0.0,0.21668675883539654,0.0,108.11538729767555,0.0,0.0,0.7181148052831612,0.0,1.05e-08
1083.0,0.9372370408161732,0.0,0.73581501,0.0,0.0,0.0,1.1539237996515699,0.0,0.0,0.0,0.0,0.21668675883539654,0.0,108.22156257618941,0.0,0.0,0.7174158515344264,0.0,1.05e-08
1084.0,0.8875641307648514,0.0,0.717324354,0.0,0.0,0.0,1.104250889600248,0.0,0.0,0.0,0.0,0.21668675883539654,0.0,108.32773785349211,0.0,0.0,0.720062950370997,0.0,1.05e-08
1085.0,0.8425486582856995,0.0,0.699716869,0.0,0.0,0.0,1.059235417121096,0.0,0.0,0.0,0.0,0.21668675883539654,0.0,108.43391312958362,0.0,0.0,0.7202987100278151,0.0,1.05e-08
1086.0,0.8075204450417662,0.0,0.681537842,0.0,0.0,0.0,1.0242072038771628,0.0,0.0,0.0,0.0,0.21668675883539654,0.0,108.54008840446392,0.0,0.0,0.7090936532476961,0.0,1.05e-08
1087.0,0.7856508312833427,0.0,0.669196755,0.0,0.0,0.0,1.0023375901187392,0.0,0.0,0.0,0.0,0.21668675883539654,0.0,108.64626367813307,0.0,0.0,0.6995771643471971,0.0,1.05e-08
1088.0,0.7731903120960064,0.0,0.658989844,0.0,0.0,0.0,0.9898770709314031,0.0,0.0,0.0,0.0,0.21668675883539654,0.0,108.75243895059101,0.0,0.0,0.6860792605466326,0.0,1.05e-08
1089.0,0.7730661137607485,0.0,0.658069899,0.0,0.0,0.0,0.9897528725961452,0.0,0.0,0.0,0.0,0.21668675883539654,0.0,108.85861422183778,0.0,0.0,0.6838638361071249,0.0,1.05e-08
1090.0,0.7937258644257118,0.0,0.654687795,0.0,0.0,0.0,1.0104126232611084,0.0,0.0,0.0,0.0,0.21668675883539654,0.0,108.96478949187338,0.0,0.0,0.6546026499813182,0.0,1.05e-08
1091.0,0.850330326394787,0.0,0.653933462,0.0,0.0,0.0,1.0670170852301837,0.0,0.0,0.0,0.0,0.21668675883539654,0.0,109.07096476069778,0.0,0.0,0.5960797530334594,0.0,1.05e-08
1092.0,0.9071532061258676,0.0,0.651122907,0.0,0.0,0.0,1.1238399649612643,0.0,0.0,0.0,0.0,0.21668675883539654,0.0,109.177140028311,0.0,0.0,0.5321090128457959,0.0,1.05e-08
1093.0,0.9330592657801716,0.000852573,0.619465064,0.0,0.0,0.0009022750976013334,1.1488437495179669,0.0,0.0,0.0,0.0,0.21668675883539654,0.0,109.28331529471303,0.0,0.0,0.42659236014724744,0.0,1.05e-08
1094.0,0.9481750597212968,0.111529696,0.501336903,0.0,0.0,0.11803149682648527,1.046830321730208,0.0,0.0,0.0,0.0,0.21668675883539654,0.0,109.38949055990388,0.0,1.3877787807814457e-17,0.22817985397507923,0.0,1.05e-08
1095.0,0.9559096181170106,0.400762004,0.502058843,0.0,0.0,0.4241250617530768,0.7484713151993303,0.0,0.0,0.0,0.0,0.21668675883539654,0.0,109.49566582388354,0.0,0.0,0.5283749129504118,0.0,1.05e-08
1096.0,0.9534513476191481,0.545543013,0.543610877,0.0,0.0,0.5773463097005188,0.5927917967540257,0.0,0.0,0.0,0.0,0.21668675883539654,0.0,109.60184108665203,0.0,0.0,0.7897304066814457,0.0,1.05e-08
1097.0,0.9508667374354197,0.575789769,0.561641031,0.0,0.0,0.6093563483975264,0.5581971478732899,0.0,0.0,0.0,0.0,0.21668675883539654,0.0,109.70801634820933,0.0,-1.1102230246251565e-16,0.870179708754415,0.0,1.05e-08
1098.0,0.9482628550962204,0.572960805,0.57740462,0.0,0.0,0.6063624654464937,0.5585871484851233,0.0,0.0,0.0,0.0,0.21668675883539654,0.0,109.81419160855545,0.0,0.0,0.9098799872749677,0.0,1.05e-08
1099.0,0.9454191414889369,0.567227308,0.593745593,0.0,0.0,0.6002947251295098,0.5618111751948236,0.0,0.0,0.0,0.0,0.21668675883539654,0.0,109.92036686769038,0.0,0.0,0.9482146543922112,0.0,1.05e-08
1100.0,0.9426567992047534,0.568742172,0.608245433,0.0,0.0,0.6018979005332028,0.5574456575069472,0.0,0.0,0.0,0.0,0.21668675883539654,0.0,110.02654212561413,0.0,0.0,0.9894564591347005,0.0,1.05e-08
1101.0,0.944849542227237,0.563115075,0.629763926,0.0,0.0,0.595942762973267,0.5655935380893666,0.0,0.0,0.0,0.0,0.21668675883539654,0.0,110.13271738232669,0.0,0.0,1.036034846211143,0.0,1.05e-08
1102.0,0.9535905354086612,0.518010476,0.664386994,0.0,0.0,0.5482087197124624,0.6220685745315955,0.0,0.0,0.0,0.0,0.21668675883539654,0.0,110.23889263782807,0.0,-1.1102230246251565e-16,1.067613898247089,0.0,1.05e-08
1103.0,0.9744066046680007,0.366967052,0.702768719,0.0,0.0,0.38835997933288247,0.8027333841705148,0.0,0.0,0.0,0.0,0.21668675883539654,0.0,110.34506789211827,0.0,-5.551115123125783e-17,0.9845622697709419,0.0,1.05e-08
1104.0,0.9899035590173311,0.077235407,0.706273409,0.0,0.0,0.08173796776253026,1.1248523500901972,0.0,0.0,0.0,0.0,0.21668675883539654,0.0,110.45124314519728,0.0,0.0,0.6713565025125845,0.0,1.05e-08
1105.0,0.9884088962930209,1.65e-05,0.684981,0.0,0.0,1.746189371516809e-05,1.205078193234702,0.0,0.0,0.0,0.0,0.21668675883539654,0.0,110.5574183970651,0.0,-3.3881317890172014e-21,0.5369793731215955,0.0,1.05e-08
1106.0,0.9655264236970634,0.0,0.670601581,0.0,0.0,0.0,1.18221318253246,0.0,0.0,0.0,0.0,0.21668675883539654,0.0,110.66359364772177,0.0,0.0,0.5232743538978142,0.0,1.05e-08
1107.0,0.9223803502986032,0.0,0.661831851,0.0,0.0,0.0,1.1390671091339997,0.0,0.0,0.0,0.0,0.21668675883539654,0.0,110.76976889716722,0.0,0.0,0.5441170721646695,0.0,1.05e-08
1108.0,0.873302735716276,0.0,0.655178962,0.0,0.0,0.0,1.0899894945516726,0.0,0.0,0.0,0.0,0.21668675883539654,0.0,110.8759441454015,0.0,0.0,0.5762749245629675,0.0,1.05e-08
1109.0,0.827764773688798,0.0,0.64436306,0.0,0.0,0.0,1.0444515325241945,0.0,0.0,0.0,0.0,0.21668675883539654,0.0,110.9821193924246,0.0,0.0,0.5943056653447931,0.0,1.05e-08
1110.0,0.7944175206720616,0.0,0.631667605,0.0,0.0,0.0,1.0111042795074583,0.0,0.0,0.0,0.0,0.21668675883539654,0.0,111.08829463823652,0.0,0.0,0.5953655798206268,0.0,1.05e-08
1111.0,0.7703080541777808,0.0,0.621053233,0.0,0.0,0.0,0.9869948130131774,0.0,0.0,0.0,0.0,0.21668675883539654,0.0,111.19446988283725,0.0,0.0,0.5924803602510311,0.0,1.05e-08
1112.0,0.7591858791203783,0.0,0.60847827,0.0,0.0,0.0,0.975872637955775,0.0,0.0,0.0,0.0,0.21668675883539654,0.0,111.3006451262268,0.0,0.0,0.5716216344647596,0.0,1.05e-08
1113.0,0.7623250991115512,0.0,0.596751291,0.0,0.0,0.0,0.9790118579469479,0.0,0.0,0.0,0.0,0.21668675883539654,0.0,111.40682036840515,0.0,0.0,0.5386581237305569,0.0,1.05e-08
1114.0,0.7829484468161803,0.0,0.589600579,0.0,0.0,0.0,0.9996352056515769,0.0,0.0,0.0,0.0,0.21668675883539654,0.0,111.51299560937233,0.0,0.0,0.4998489402955426,0.0,1.05e-08
1115.0,0.8374715159943824,0.0,0.579921794,0.0,0.0,0.0,1.054158274829779,0.0,0.0,0.0,0.0,0.21668675883539654,0.0,111.61917084912832,0.0,0.0,0.42071058887975177,0.0,1.05e-08
1116.0,0.896538531162536,0.0,0.566237803,0.0,0.0,0.0,1.1132252899979327,0.0,0.0,0.0,0.0,0.21668675883539654,0.0,111.72534608767315,0.0,0.0,0.3268421703741313,0.0,1.05e-08
1117.0,0.9322434111985639,0.001078437,0.542981329,0.0,0.0,0.0011413061983336198,1.147788863835627,0.0,0.0,0.0,0.0,0.21668675883539654,0.0,111.83152132500676,0.0,-2.168404344971009e-19,0.23313226036292467,0.0,1.05e-08
1118.0,0.9579246290390391,0.114498201,0.508020696,0.0,0.0,0.12117305554181527,1.0534383323326204,0.0,0.0,0.0,0.0,0.21668675883539654,0.0,111.93769656112921,0.0,0.0,0.2385702012360369,0.0,1.05e-08
1119.0,0.9731838934708931,0.453893667,0.455727674,0.0,0.0,0.4803541194631452,0.7095165328431444,0.0,0.0,0.0,0.0,0.21668675883539654,0.0,112.04387179604046,0.0,0.0,0.44949932699772155,0.0,1.05e-08
1120.0,0.9763145480596345,0.552979994,0.430180914,0.0,0.0,0.5852168413237749,0.6077844655712562,0.0,0.0,0.0,0.0,0.21668675883539654,0.0,112.15004702974055,0.0,-1.1102230246251565e-16,0.4862603563081359,0.0,1.05e-08
1121.0,0.9750511512009769,0.564849782,0.421409884,0.0,0.0,0.5977785974739311,0.5939593125624423,0.0,0.0,0.0,0.0,0.21668675883539654,0.0,112.25622226222946,0.0,0.0,0.47777884799898906,0.0,1.05e-08
1122.0,0.9729590516570642,0.548979586,0.415830773,0.0,0.0,0.5809832231835743,0.6086625873088863,0.0,0.0,0.0,0.0,0.21668675883539654,0.0,112.36239749350716,0.0,0.0,0.44888666504765784,0.0,1.05e-08
1123.0,0.9688069728283574,0.525069246,0.407547273,0.0,0.0,0.5556789919245725,0.6298147397391816,0.0,0.0,0.0,0.0,0.21668675883539654,0.0,112.46857272357369,0.0,0.0,0.40666774747947954,0.0,1.05e-08
1124.0,0.9653808118557267,0.50135553,0.400500118,0.0,0.0,0.5305828471740464,0.6514847235170769,0.0,0.0,0.0,0.0,0.21668675883539654,0.0,112.57474795242904,0.0,0.0,0.36707529623309143,0.0,1.05e-08
1125.0,0.9640360436739691,0.471514552,0.390301549,0.0,0.0,0.49900224195024817,0.6817205605591174,0.0,0.0,0.0,0.0,0.21668675883539654,0.0,112.6809231800732,0.0,0.0,0.31090225174667396,0.0,1.05e-08
1126.0,0.9712266990152778,0.429358351,0.377098577,0.0,0.0,0.4543884782352626,0.7335249796154117,0.0,0.0,0.0,0.0,0.21668675883539654,0.0,112.78709840650617,0.0,0.0,0.22551976662578754,0.0,1.05e-08
1127.0,0.9859913114567084,0.30839091,0.419208511,0.0,0.0,0.32636904806933137,0.9036202707325093,0.0,0.02731124850973562,0.0,0.0,0.21668675883539654,0.0,112.89327363172796,0.0,-5.551115123125783e-17,0.1625193133851629,0.0,1.05e-08
1128.0,0.9976402587636528,0.084256353,0.464182624,0.0,0.0,0.08916821096446569,1.1805186600946893,0.0,0.05535985346010552,0.0,0.02458012365876206,0.21668675883539654,0.0,112.99944885573858,0.0,0.0,0.0,0.0,1.050001191887853e-08
1129.0,0.9935609858556144,2.21e-05,0.467698744,0.0,0.0,2.338835461243725e-05,1.1894609277637438,0.0,0.0,0.02076342857265463,0.07440396387122125,0.21668675883539654,0.0,113.10562407853801,0.0,0.0,2.220446049250313e-16,0.0,1.166669315307843e-08
1130.0,0.9764323223430686,0.0,0.456048219,0.0,0.0,0.0,1.1598310763835256,0.0,0.0,0.03328800479493949,0.05364045084039512,0.21668675883539654,0.0,113.21179930012624,0.0,0.0,2.220446049250313e-16,0.0,1.166670639630686e-08
1131.0,0.9430229701587033,0.0,0.452922914,0.0,0.0,0.0,1.1518827373457698,0.0,0.0,0.007826991648330091,0.020352385156570663,0.21668675883539654,0.0,113.31797452050331,0.0,0.0,0.0,0.0,1.1666719639550327e-08
1132.0,0.9017484371915426,0.0,0.452019276,0.0,0.0,0.0,1.1495845868640089,0.0,0.03114939083706968,0.0,0.01252537040563761,0.21668675883539654,0.0,113.42414973966919,0.0,0.0,0.0,0.0,1.050005959452794e-08
1133.0,0.8642533880473151,0.0,0.448688359,0.0,0.0,0.0,1.1411133312193196,0.0,0.060173184336607954,0.0,0.040559807941076616,0.21668675883539654,0.0,113.53032495762389,0.0,0.0,0.0,0.0,1.0500071513474118e-08
1134.0,0.8359961254255432,0.0,0.443007756,0.0,0.0,0.0,1.1266663065024058,0.0,0.07398342224146606,0.0,0.09471562780336899,0.21668675883539654,0.0,113.63650017436741,0.0,0.0,0.0,0.0,1.0500083432433824e-08
1135.0,0.8157303832724325,0.0,0.432877938,0.0,0.0,0.0,1.1009039479950717,0.0,0.06848680588724279,0.0,0.16130060030613785,0.21668675883539654,0.0,113.74267538989973,0.0,0.0,2.220446049250313e-16,0.0,1.050009535140706e-08
1136.0,0.8041735140416275,0.0,0.425338925,0.0,0.0,0.0,1.0817305772891566,0.0,0.06087030441213244,0.0,0.22293854250750594,0.21668675883539654,0.0,113.84885060422087,0.0,0.0,0.0,0.0,1.0500107270393827e-08
1137.0,0.8012420050594204,0.0,0.415034682,0.0,0.0,0.0,1.055524617585568,0.0,0.03759585369075088,0.0,0.2777215634141974,0.21668675883539654,0.0,113.95502581733085,0.0,0.0,0.0,0.0,1.0500119189394123e-08
1138.0,0.8080879029528582,0.0,0.408056679,0.0,0.0,0.0,1.0377780188854477,0.0,0.01300335709719304,0.0,0.31155751648579494,0.21668675883539654,0.0,114.06120102922962,0.0,0.0,0.0,0.0,1.0500131108407949e-08
1139.0,0.8297412402998843,0.0,0.408935201,0.0,0.0,0.0,1.0400122938468126,0.0,0.0,0.006415705288468385,0.3232601842149849,0.21668675883539654,0.0,114.16737623991722,0.0,0.0,0.0,0.0,1.1666825586039226e-08
1140.0,0.8614246638942868,0.0,0.412517845,0.0,0.0,0.0,1.04912374670136,0.0,0.0,0.028987676028323278,0.31684411198418366,0.21668675883539654,0.0,114.27355144939364,0.0,0.0,0.0,0.0,1.1666838829417986e-08
1141.0,0.8933136571470474,0.001658211,0.393737921,0.0,0.0,0.0017548790448074292,1.0013622632444523,0.0,0.0,0.10688327369318425,0.28785607629660354,0.21668675883539654,0.0,114.37972665765886,0.0,2.168404344971009e-19,0.0,0.0,1.1666852072811778e-08
1142.0,0.9221405190305191,0.19607405,0.295039528,0.0,0.0,0.20750449826682138,0.7503505091770293,0.0,0.0,0.1809722704220649,0.18097247584935142,0.21668675883539654,0.0,114.4859018647129,0.0,0.0,1.1102230246251565e-16,0.0,1.1666865316220604e-08
1143.0,0.9387124313850123,0.66566472,0.286938975,0.0,0.0,0.7044707024592196,0.45092848776118916,0.0,0.0,0.0,0.0,0.21668675883539654,0.0,114.59207707055577,0.0,0.0,0.2788205307973847,0.0,1.05e-08
1144.0,0.9426739300096165,0.738516241,0.375972662,0.0,0.0,0.7815692186222702,0.37779147022274284,0.0,0.0,0.0,0.0,0.21668675883539654,0.0,114.69825227518746,0.0,0.0,0.5783898261638999,0.0,1.05e-08
1145.0,0.9390743196377463,0.729921672,0.409501159,0.0,0.0,0.7724736155673807,0.3832874629057622,0.0,0.0,0.0,0.0,0.21668675883539654,0.0,114.80442747860795,0.0,0.0,0.65816418680076,0.0,1.05e-08
1146.0,0.9348001838243896,0.702367011,0.417271871,0.0,0.0,0.7433126118255935,0.4081743308341926,0.0,0.0,0.0,0.0,0.21668675883539654,0.0,114.91060268081726,0.0,0.0,0.6530399511724603,0.0,1.05e-08
1147.0,0.9293161849175725,0.685131406,0.41462515,0.0,0.0,0.7250722298482226,0.4209307139047464,0.0,0.0,0.0,0.0,0.21668675883539654,0.0,115.0167778818154,0.0,0.0,0.6335523735956585,0.0,1.05e-08
1148.0,0.924894295912271,0.688673319,0.395579689,0.0,0.0,0.7288206242939421,0.4127604304537254,0.0,0.0,0.0,0.0,0.21668675883539654,0.0,115.12295308160236,0.0,0.0,0.5932858545079323,0.0,1.05e-08
1149.0,0.9259756779692576,0.689313764,0.35773055,0.0,0.0,0.729498405052755,0.4131640317518992,0.0,0.0,0.0,0.0,0.21668675883539654,0.0,115.22912828017813,0.0,0.0,0.4966235555597194,0.0,1.05e-08
1150.0,0.9361449520061471,0.63905352,0.330806925,0.0,0.0,0.6763081602753966,0.4765235505661471,0.0,0.0,0.0,0.0,0.21668675883539654,0.0,115.33530347754271,0.0,-1.1102230246251565e-16,0.364791327801735,0.0,1.05e-08
1151.0,0.9516697439133801,0.435019686,0.368893398,0.0,0.0,0.46037984975380575,0.7160124930945093,0.0,0.008035840099538262,0.0,0.0,0.21668675883539654,0.0,115.44147867369611,0.0,-5.551115123125783e-17,0.22216467556386965,0.0,1.05e-08
1152.0,0.9654728899318661,0.089298843,0.426803354,0.0,0.0,0.09450466093051403,1.0854549428114728,0.0,0.0,0.0022000450252758607,0.0072322560895844365,0.21668675883539654,0.0,115.54765386863833,0.0,0.0,0.0,0.0,1.1666679909865032e-08
1153.0,0.9634450309061903,2.83e-05,0.462040058,0.0,0.0,2.994979346298526e-05,1.1750696428055705,0.0,0.0,0.005032197142553293,0.00503220285475772,0.21668675883539654,0.0,115.65382906236935,0.0,0.0,2.220446049250313e-16,0.0,1.166669315307843e-08
1154.0,0.9485390893246388,0.0,0.474441802,0.0,0.0,0.0,1.1652258481600355,0.0,0.0,0.0,0.0,0.21668675883539654,0.0,115.7600042548892,0.0,0.0,0.041384161416604615,0.0,1.05e-08
1155.0,0.9190312779478567,0.0,0.482792007,0.0,0.0,0.0,1.1357180367832531,0.0,0.0,0.0,0.0,0.21668675883539654,0.0,115.86617944619788,0.0,0.0,0.09212838343963292,0.0,1.05e-08
1156.0,0.8832236130826498,0.0,0.500409704,0.0,0.0,0.0,1.0999103719180463,0.0,0.0,0.0,0.0,0.21668675883539654,0.0,115.97235463629536,0.0,0.0,0.17274173249260927,0.0,1.05e-08
1157.0,0.8475615600587798,0.0,0.517304447,0.0,0.0,0.0,1.0642483188941765,0.0,0.0,0.0,0.0,0.21668675883539654,0.0,116.07852982518168,0.0,0.0,0.2513708384344362,0.0,1.05e-08
1158.0,0.820820373667397,0.0,0.529269933,0.0,0.0,0.0,1.0375071325027936,0.0,0.0,0.0,0.0,0.21668675883539654,0.0,116.18470501285678,0.0,0.0,0.30854289140668834,0.0,1.05e-08
1159.0,0.8025739251375306,0.0,0.535783889,0.0,0.0,0.0,1.019260683972927,0.0,0.0,0.0,0.0,0.21668675883539654,0.0,116.29088019932072,0.0,0.0,0.34335576489828634,0.0,1.05e-08
1160.0,0.7921262755216147,0.0,0.540700964,0.0,0.0,0.0,1.0088130343570114,0.0,0.0,0.0,0.0,0.21668675883539654,0.0,116.39705538457349,0.0,0.0,0.3663086193419147,0.0,1.05e-08
1161.0,0.7895202518318075,0.0,0.542411438,0.0,0.0,0.0,1.006207010667204,0.0,0.0,0.0,0.0,0.21668675883539654,0.0,116.50323056861505,0.0,0.0,0.3732647551863011,0.0,1.05e-08
1162.0,0.7967301793285874,0.0,0.548097776,0.0,0.0,0.0,1.013416938163984,0.0,0.0,0.0,0.0,0.21668675883539654,0.0,116.60940575144544,0.0,0.0,0.380516437774705,0.0,1.05e-08
1163.0,0.8147046763312512,0.0,0.550952069,0.0,0.0,0.0,1.0313914351666478,0.0,0.0,0.0,0.0,0.21668675883539654,0.0,116.71558093306464,0.0,0.0,0.36980103659695884,0.0,1.05e-08
1164.0,0.8385379085971136,0.0,0.546193631,0.0,0.0,0.0,1.0552246674325103,0.0,0.0,0.0,0.0,0.21668675883539654,0.0,116.82175611347267,0.0,0.0,0.33386604833795563,0.0,1.05e-08
1165.0,0.8665681880544488,0.001211105,0.520765547,0.0,0.0,0.0012817082901762818,1.0819732385996692,0.0,0.0,0.0,0.0,0.21668675883539654,0.0,116.92793129266951,0.0,-2.168404344971009e-19,0.24244825841853435,0.0,1.05e-08
1166.0,0.8878489303957013,0.168614108,0.473528451,0.0,0.0,0.17844373531962865,0.9260919539114693,0.0,0.0,0.0,0.0,0.21668675883539654,0.0,117.03410647065517,0.0,2.7755575615628914e-17,0.2781952028848905,0.0,1.05e-08
1167.0,0.8912408297586057,0.58970895,0.502035718,0.0,0.0,0.6240869701686892,0.4838406184253131,0.0,0.0,0.0,0.0,0.21668675883539654,0.0,117.14028164742965,0.0,-1.1102230246251565e-16,0.7929467977555978,0.0,1.05e-08
1168.0,0.887167980902391,0.690045513,0.584932327,0.0,0.0,0.7302728125233114,0.37358192721447614,0.0,0.0,0.0,0.0,0.21668675883539654,0.0,117.24645682299294,0.0,0.0,1.1140298256031147,0.0,1.05e-08
1169.0,0.8814056064165476,0.687293706,0.624074852,0.0,0.0,0.7273605845621807,0.3707317806897635,0.0,0.0,0.0,0.0,0.21668675883539654,0.0,117.35263199734504,0.0,0.0,1.2164280352748935,0.0,1.05e-08
1170.0,0.8778252682001486,0.663582635,0.643410326,0.0,0.0,0.7022672390061321,0.3922447880294131,0.0,0.0,0.0,0.0,0.21668675883539654,0.0,117.45880717048597,0.0,-1.1102230246251565e-16,1.244089397415252,0.0,1.05e-08
1171.0,0.8722449085159762,0.643408362,0.661368015,0.0,0.0,0.680916874708751,0.4080147926426217,0.0,0.0,0.0,0.0,0.21668675883539654,0.0,117.56498234241572,0.0,0.0,1.2739897515371372,0.0,1.05e-08
1172.0,0.868688125156264,0.645526469,0.680851681,0.0,0.0,0.6831584601215605,0.4022164238701002,0.0,0.0,0.0,0.0,0.21668675883539654,0.0,117.67115751313428,0.0,-1.1102230246251565e-16,1.3293393746884794,0.0,1.05e-08
1173.0,0.8740479257278232,0.651680106,0.69232616,0.0,0.0,0.6896708331673619,0.4010638513958579,0.0,0.0,0.0,0.0,0.21668675883539654,0.0,117.77733268264166,0.0,1.1102230246251565e-16,1.3596740747866214,0.0,1.05e-08
1174.0,0.8922665366997871,0.610461981,0.726699246,0.0,0.0,0.6460498320832098,0.4629034634519739,0.0,0.0,0.0,0.0,0.21668675883539654,0.0,117.88350785093786,0.0,-1.1102230246251565e-16,1.3852527919181992,0.0,1.05e-08
1175.0,0.9264681886090732,0.417054813,0.763952214,0.0,0.0,0.44136768593971526,0.7017872615047546,0.0,0.0,0.0,0.0,0.21668675883539654,0.0,117.98968301802287,0.0,0.0,1.2411114973416155,0.0,1.05e-08
1176.0,0.9538239426249217,0.08549455,0.775758393,0.0,0.0,0.09047859062582568,1.0800321108344926,0.0,0.0,0.0,0.0,0.21668675883539654,0.0,118.09585818389671,0.0,0.0,0.8928923618005913,0.0,1.05e-08
1177.0,0.958858257904081,3.16e-05,0.769672241,0.0,0.0,3.3442172206018884e-05,1.1755115745672715,0.0,0.0,0.0,0.0,0.21668675883539654,0.0,118.20203334855934,0.0,0.0,0.7819344729120861,0.0,1.05e-08
1178.0,0.9452392680378738,0.0,0.763637942,0.0,0.0,0.0,1.1619260268732703,0.0,0.0,0.0,0.0,0.21668675883539654,0.0,118.30820851201081,0.0,0.0,0.7801734690512176,0.0,1.05e-08
1179.0,0.9128020890294924,0.0,0.75738076,0.0,0.0,0.0,1.129488847864889,0.0,0.0,0.0,0.0,0.21668675883539654,0.0,118.4143836742511,0.0,0.0,0.7966972559404475,0.0,1.05e-08
1180.0,0.8723434106439394,0.0,0.746667595,0.0,0.0,0.0,1.0890301694793358,0.0,0.0,0.0,0.0,0.21668675883539654,0.0,118.5205588352802,0.0,0.0,0.8099099959016158,0.0,1.05e-08
1181.0,0.8359939840749354,0.0,0.732473387,0.0,0.0,0.0,1.052680742910332,0.0,0.0,0.0,0.0,0.21668675883539654,0.0,118.62673399509812,0.0,0.0,0.8101604249147238,0.0,1.05e-08
1182.0,0.8104669434782286,0.0,0.716581426,0.0,0.0,0.0,1.027153702313625,0.0,0.0,0.0,0.0,0.21668675883539654,0.0,118.73290915370485,0.0,0.0,0.7952707081060586,0.0,1.05e-08
1183.0,0.7915395454550518,0.0,0.696213794,0.0,0.0,0.0,1.0082263042904485,0.0,0.0,0.0,0.0,0.21668675883539654,0.0,118.83908431110041,0.0,0.0,0.7623987314978797,0.0,1.05e-08
1184.0,0.7823574340484014,0.0,0.67158116,0.0,0.0,0.0,0.999044192883798,0.0,0.0,0.0,0.0,0.21668675883539654,0.0,118.94525946728479,0.0,0.0,0.7089346287190484,0.0,1.05e-08
1185.0,0.7828028349748435,0.0,0.655223126,0.0,0.0,0.0,0.9994895938102402,0.0,0.0,0.0,0.0,0.21668675883539654,0.0,119.05143462225797,0.0,0.0,0.6668871440845712,0.0,1.05e-08
1186.0,0.8040685878618408,0.0,0.640721133,0.0,0.0,0.0,1.0207553466972374,0.0,0.0,0.0,0.0,0.21668675883539654,0.0,119.15760977601997,0.0,0.0,0.6087396285897118,0.0,1.05e-08
1187.0,0.8522254216827734,0.0,0.625516608,0.0,0.0,0.0,1.0689121805181698,0.0,0.0,0.0,0.0,0.21668675883539654,0.0,119.2637849285708,0.0,0.0,0.5219143385355356,0.0,1.05e-08
1188.0,0.9018233844628188,0.0,0.612294492,0.0,0.0,0.0,1.1185101432982154,0.0,0.0,0.0,0.0,0.21668675883539654,0.0,119.36996007991044,0.0,0.0,0.4386896222819767,0.0,1.05e-08
1189.0,0.9338065971423267,0.00165663,0.587898484,0.0,0.0,0.00175320587790054,1.1487401500998227,0.0,0.0,0.0,0.0,0.21668675883539654,0.0,119.47613523003889,0.0,-2.168404344971009e-19,0.34641519333539206,0.0,1.05e-08
1190.0,0.956669797582813,0.179745849,0.525840228,0.0,0.0,0.19022441884731225,0.9831321375708973,0.0,0.0,0.0,0.0,0.21668675883539654,0.0,119.58231037895617,0.0,-2.7755575615628914e-17,0.3541953910494887,0.0,1.05e-08
1191.0,0.9748027545304612,0.464885716,0.546590619,0.0,0.0,0.4919869674237464,0.6995025459421114,0.0,0.0,0.0,0.0,0.21668675883539654,0.0,119.68848552666226,0.0,-5.551115123125783e-17,0.6905977977584035,0.0,1.05e-08
1192.0,0.9844902246805745,0.558878139,0.5655335,0.0,0.0,0.5914588280575114,0.6097181554584598,0.0,0.0,0.0,0.0,0.21668675883539654,0.0,119.79466067315717,0.0,-1.1102230246251565e-16,0.8285581072451179,0.0,1.05e-08
1193.0,0.9875245184919605,0.560520129,0.563338438,0.0,0.0,0.5931965404733518,0.6110147368540052,0.0,0.0,0.0,0.0,0.21668675883539654,0.0,119.90083581844091,0.0,0.0,0.8216789996689614,0.0,1.05e-08
1194.0,0.9834602350381774,0.546021127,0.56142718,0.0,0.0,0.5778522961157755,0.6222946977577984,0.0,0.0,0.0,0.0,0.21668675883539654,0.0,120.00701096251345,0.0,0.0,0.8055382886711376,0.0,1.05e-08
1195.0,0.9815737051526225,0.534597982,0.563660795,0.0,0.0,0.5657632207289298,0.6324972432590894,0.0,0.0,0.0,0.0,0.21668675883539654,0.0,120.11318610537481,0.0,-1.1102230246251565e-16,0.801016318121673,0.0,1.05e-08
1196.0,0.9785051497315103,0.526817238,0.557309441,0.0,0.0,0.5575288858954188,0.637663022671488,0.0,0.0,0.0,0.0,0.21668675883539654,0.0,120.219361247025,0.0,-1.1102230246251565e-16,0.7796976464505004,0.0,1.05e-08
1197.0,0.979924865184544,0.511044866,0.55334317,0.0,0.0,0.5408370384105646,0.655774585609376,0.0,0.0,0.0,0.0,0.21668675883539654,0.0,120.325536387464,0.0,0.0,0.7514989826940939,0.0,1.05e-08
1198.0,0.9889913436583682,0.467136193,0.551019042,0.0,0.0,0.4943686395560149,0.7113094629377499,0.0,0.0,0.0,0.0,0.21668675883539654,0.0,120.43171152669181,0.0,-5.551115123125783e-17,0.6900533359172527,0.0,1.05e-08
1199.0,1.0081778451051002,0.323048483,0.564305463,0.0,0.0,0.34188110757529,0.8829834963652068,0.0,0.0,0.0,0.0,0.21668675883539654,0.0,120.53788666470845,0.0,-5.551115123125783e-17,0.5521695977430148,0.0,1.05e-08
1200.0,1.0233279006559517,0.079514938,0.570991105,0.0,0.0,0.0841503876438897,1.1558642718474585,0.0,0.0,0.0,0.0,0.21668675883539654,0.0,120.6440618015139,0.0,-1.3877787807814457e-17,0.29629188253841976,0.0,1.05e-08
1201.0,1.020462773542589,3.48e-05,0.564192289,0.0,0.0,3.682872129017269e-05,1.2371127036566956,0.0,0.0,0.0,0.0,0.21668675883539654,0.0,120.75023693710817,0.0,-6.776263578034403e-21,0.19775256404026087,0.0,1.05e-08
1202.0,0.9954004060277954,0.0,0.554374297,0.0,0.0,0.0,1.212087164863192,0.0,0.0,0.0,0.0,0.21668675883539654,0.0,120.85641207149126,0.0,0.0,0.19780878653152323,0.0,1.05e-08
1203.0,0.9514363366971196,0.0,0.541188554,0.0,0.0,0.0,1.1681230955325161,0.0,0.0,0.0,0.0,0.21668675883539654,0.0,120.96258720466317,0.0,0.0,0.20823860693970397,0.0,1.05e-08
1204.0,0.8987120020295486,0.0,0.527203307,0.0,0.0,0.0,1.1153987608649452,0.0,0.0,0.0,0.0,0.21668675883539654,0.0,121.06876233662389,0.0,0.0,0.2253953779030089,0.0,1.05e-08
1205.0,0.853024145459518,0.0,0.517040519,0.0,0.0,0.0,1.0697109042949144,0.0,0.0,0.0,0.0,0.21668675883539654,0.0,121.17493746737344,0.0,0.0,0.24523702599327923,0.0,1.05e-08
1206.0,0.8187625357332108,0.0,0.514506786,0.0,0.0,0.0,1.0354492945686073,0.0,0.0,0.0,0.0,0.21668675883539654,0.0,121.2811125969118,0.0,0.0,0.27305479458563253,0.0,1.05e-08
1207.0,0.7956166770124823,0.0,0.515975364,0.0,0.0,0.0,1.0123034358478789,0.0,0.0,0.0,0.0,0.21668675883539654,0.0,121.38728772523899,0.0,0.0,0.2999355706495932,0.0,1.05e-08
1208.0,0.7852546814208823,0.0,0.523785057,0.0,0.0,0.0,1.001941440256279,0.0,0.0,0.0,0.0,0.21668675883539654,0.0,121.49346285235497,0.0,0.0,0.3301593358108159,0.0,1.05e-08
1209.0,0.785727919905227,0.0,0.537752,0.0,0.0,0.0,1.0024146787406236,0.0,0.0,0.0,0.0,0.21668675883539654,0.0,121.59963797825978,0.0,0.0,0.3652071099268457,0.0,1.05e-08
1210.0,0.8079144535536187,0.0,0.550521597,0.0,0.0,0.0,1.0246012123890154,0.0,0.0,0.0,0.0,0.21668675883539654,0.0,121.70581310295343,0.0,0.0,0.37549647425689536,0.0,1.05e-08
1211.0,0.8645274809251255,0.0,0.554825192,0.0,0.0,0.0,1.081214239760522,0.0,0.0,0.0,0.0,0.21668675883539654,0.0,121.81198822643586,0.0,0.0,0.3298284369395408,0.0,1.05e-08
1212.0,0.9211619218027114,0.0,0.548756968,0.0,0.0,0.0,1.1378486806381078,0.0,0.0,0.0,0.0,0.21668675883539654,0.0,121.91816334870713,0.0,0.0,0.25776116575929686,0.0,1.05e-08
1213.0,0.9520915899831353,0.001866227,0.527210856,0.0,0.0,0.001975021668022848,1.166803327150509,0.0,0.0,0.0,0.0,0.21668675883539654,0.0,122.02433846976722,0.0,0.0,0.1740100103872919,0.0,1.05e-08
1214.0,0.9717406231611724,0.200274712,0.48947714,0.0,0.0,0.21195004453211505,0.9764773374644539,0.0,0.0,0.0,0.0,0.21668675883539654,0.0,122.13051358961613,0.0,0.0,0.26837084853696924,0.0,1.05e-08
1215.0,0.9827535893375723,0.649020745,0.509630733,0.0,0.0,0.6868564404926794,0.5125839076802895,0.0,0.0,0.0,0.0,0.21668675883539654,0.0,122.23668870825384,0.0,-1.1102230246251565e-16,0.783519304628309,0.0,1.05e-08
1216.0,0.9826058361456276,0.731309735,0.505204779,0.0,0.0,0.7739425979053174,0.42534999707570664,0.0,0.0,0.0,0.0,0.21668675883539654,0.0,122.34286382568037,0.0,0.0,0.85949703928926,0.0,1.05e-08
1217.0,0.9783531138383498,0.727897081,0.506200088,0.0,0.0,0.7703309978183693,0.6228412373933802,0.0,0.19813236253800315,0.0,0.0,0.21668675883539654,0.0,122.44903894189574,0.0,0.0,0.6645370889990655,0.0,1.05e-08
1218.0,0.9774237676745237,0.710889173,0.514686829,0.0,0.0,0.7523315867993781,0.7350575869561611,0.0,0.2932786472456189,0.0,0.17831912628420285,0.21668675883539654,0.0,122.5552140568999,0.0,0.0,0.5739043912058315,0.0,1.05e-08
1219.0,0.9752010457435295,0.70033592,0.526159288,0.0,0.0,0.7411631151487551,0.7440033366757899,0.0,0.2932786472456189,0.0,0.44226970638987007,0.21668675883539654,0.0,122.6613891706929,0.0,0.0,0.5941356318051496,0.0,1.05e-08
1220.0,0.973205306976972,0.708764315,0.530489779,0.0,0.0,0.7500828568262978,0.7330878562316897,0.0,0.2932786472456189,0.0,0.7062199868773154,0.21668675883539654,0.0,122.76756428327472,0.0,0.0,0.6160645047558856,0.0,1.05e-08
1221.0,0.974642153234869,0.717862081,0.515717259,0.0,0.0,0.7597109915497808,0.7248965677661037,0.0,0.2932786472456189,0.0,0.9701699677468786,0.21668675883539654,0.0,122.87373939464534,0.0,0.0,0.5866860208626035,0.0,1.05e-08
1222.0,0.9827771441942591,0.675602603,0.503974144,0.0,0.0,0.7149879301379939,0.7777546201372808,0.0,0.2932786472456189,0.0,1.2341196489989001,0.21668675883539654,0.0,122.97991450480478,0.0,0.0,0.5039626403460585,0.0,1.05e-08
1223.0,1.0075140264166529,0.483538658,0.475908068,0.0,0.0,0.5117273123133946,1.0057521201842736,0.0,0.2932786472456189,0.0,1.4980690306337199,0.21668675883539654,0.0,123.08608961375305,0.0,-1.1102230246251565e-16,0.20458692681032553,0.0,1.05e-08
1224.0,1.0273365089939295,0.092620103,0.448904123,0.0,0.0,0.0980195390590255,1.1416620665984722,0.0,0.0,0.004341662171828349,1.7620181126516783,0.21668675883539654,0.0,123.19226472149015,0.0,0.0,0.0,0.0,0.01995367646428437
1225.0,1.0289382392486344,3.32e-05,0.441536638,0.0,0.0,3.513544674809579e-05,1.1229249293796784,0.0,0.0,0.12266493325760441,1.7576744503602297,0.21668675883539654,0.0,123.29843982801603,0.0,0.0,2.220446049250313e-16,0.0,0.019953699114326845
1226.0,1.0067923912617927,0.0,0.445252904,0.0,0.0,0.0,1.1323762124136496,0.0,0.0,0.08728280525448749,1.6350075219136264,0.2128666264063446,0.0,123.40461493333075,0.0,0.0,2.220446049250313e-16,0.0,0.01995372176439503
1227.0,0.964179514164698,0.0,0.447233113,0.0,0.0,0.0,1.1374123200887778,0.0,0.0,0.0,1.5477228607130504,0.17323280592407975,0.0,123.50891817254406,0.0,0.0,0.0,0.0,0.019953721992015117
1228.0,0.9145430070737104,0.0,0.448683283,0.0,0.0,0.0,1.14110042183321,0.0,0.009870655924102864,0.0,1.5477211038463996,0.21668675883539654,0.0,123.59380083853122,0.0,0.0,0.0,0.0,0.017958390358147683
1229.0,0.8718744548608106,0.0,0.441393951,0.0,0.0,0.0,1.1225620449084732,0.0,0.03400083121226597,0.0,1.5566029373134358,0.21668675883539654,0.0,123.69997594047663,0.0,0.0,0.0,0.0,0.017958410743278468
1230.0,0.8359147541024433,0.0,0.4346585,0.0,0.0,0.0,1.1054323093721996,0.0,0.052830796434359874,0.0,1.587201918457783,0.21668675883539654,0.0,123.80615104121088,0.0,0.0,2.220446049250313e-16,0.0,0.017958431128432397
1231.0,0.8142250137950829,0.0,0.430706315,0.0,0.0,0.0,1.095381032354458,0.0,0.06446925972397846,0.0,1.634747833568193,0.21668675883539654,0.0,123.91232614073392,0.0,0.0,0.0,0.0,0.017958451513609464
1232.0,0.8041156975752144,0.0,0.425692728,0.0,0.0,0.0,1.082630376251682,0.0,0.06182791984107107,0.0,1.6927683116684653,0.21668675883539654,0.0,124.01850123904579,0.0,0.0,0.0,0.0,0.017958471898809666
1233.0,0.8080750548492108,0.0,0.408884149,0.0,0.0,0.0,1.039882457365395,0.0,0.015120643680787766,0.0,1.7484115180133357,0.21668675883539654,0.0,124.12467633614648,0.0,0.0,0.0,0.0,0.017958492284033015
1234.0,0.8326898800869547,0.0,0.395002343,0.0,0.0,0.0,1.0045779669094697,0.0,0.0,0.0,1.7620181126516783,0.17188808682251502,0.0,124.230851432036,0.0,0.0,2.220446049250313e-16,0.0,0.019953723585355812
1235.0,0.8901316101437166,0.0,0.386698128,0.0,0.0,0.0,0.9834585189636151,0.0,0.0,0.0,1.7620161125320581,0.09332690881989851,0.0,124.31507517742801,0.0,0.0,0.0,0.0,0.01995372381297592
1236.0,0.9478195955203863,0.0,0.369075231,0.0,0.0,0.0,0.9386396100304218,0.0,0.0,0.00917998548996453,1.7620141124147082,0.0,0.0,124.36080394463796,0.0,0.0,0.0,0.0,0.022170555352467487
1237.0,0.9821668592710093,0.00225926,0.343268329,0.0,0.0,0.002390967151207918,0.8730069736604852,0.0,0.0,0.10676891845931609,1.7528321268096643,0.0,0.0,124.36080252600453,0.0,0.0,1.1102230246251565e-16,0.0,0.02217058051895855
1238.0,1.0044947220595222,0.1982391,0.305208053,0.0,0.0,0.20979576329639865,0.7762113081115007,0.0,0.0,0.01848765065162287,1.6460612186580161,0.0,0.0,124.3608011073711,0.0,0.0,0.0,0.0,0.022170605685478184
1239.0,1.01555051524808,0.546257161,0.260818564,0.0,0.0,0.5781020900928158,0.6633190597438239,0.0,0.00918387575316316,0.0,1.6275716995129221,0.21668675883539654,0.0,124.3607996887377,0.0,0.0,0.0,0.0,0.019953567766823742
1240.0,1.0167710850945795,0.6582795,0.225949856,0.0,0.0,0.6966549493256964,0.574640254637597,0.0,0.037837360033317446,0.0,1.6358353401853056,0.21668675883539654,0.0,124.46697478193366,0.0,0.0,1.1102230246251565e-16,0.0,0.019953590416742835
1241.0,1.0150108948948906,0.675374077,0.210147348,0.0,0.0,0.7147460818517422,0.5344509959153757,0.0,0.017499424036830743,0.0,1.6698871073295218,0.21668675883539654,0.0,124.57314987391844,0.0,0.0,0.0,0.0,0.019953613066687633
1242.0,1.013259270097633,0.6589618,0.207188872,0.0,0.0,0.6973770250882333,0.5269269397726746,0.0,0.0,0.0,1.6856346934237172,0.2110446947632749,0.0,124.67932496469201,0.0,0.0,1.1102230246251565e-16,0.0,0.019953725406316757
1243.0,1.0110922232824442,0.639125305,0.210699015,0.0,0.0,0.6763841300960233,0.5358540066141528,0.0,0.0,0.0,1.6856327800092077,0.201145913427732,0.0,124.78273544285909,0.0,1.1102230246251565e-16,0.0,0.0,0.019953725633936895
1244.0,1.0093705773936972,0.63289146,0.218841255,0.0,0.0,0.6697868731974275,0.5565615164561615,0.0,0.0002910534244952772,0.0,1.6856308665968702,0.21668675883539654,0.0,124.88129551699211,0.0,0.0,0.0,0.0,0.0199536810166763
1245.0,1.0132699768506725,0.620764264,0.229117474,0.0,0.0,0.6569527030389419,0.5826962049547977,0.0,0.00969217230767043,0.0,1.6858909012687502,0.21668675883539654,0.0,124.98747060425055,0.0,0.0,0.0,0.0,0.019953703666723947
1246.0,1.0228246832630965,0.558282568,0.235602985,0.0,0.0,0.5908285372998242,0.5991902880158416,0.0,0.07489788179579755,0.0,1.694611942640315,0.09229626025677179,0.0,125.09364569029783,0.0,0.0,1.1102230246251565e-16,0.0,0.019953726316797295
1247.0,1.0446921556709121,0.377685825,0.244993818,0.0,0.0,0.39970362023488326,0.6230732448891542,0.0,0.0,0.02191529054687474,1.7620181126516783,0.0,0.0,125.1388694308304,0.0,-5.551115123125783e-17,0.0,0.0,0.04072157058728668
1248.0,1.0592918841155348,0.086266837,0.282882269,0.0,0.0,0.09129589932349877,0.7194319216145959,0.0,0.0,0.24856406317744006,1.7401008219851835,0.0,0.0,125.13886800332124,0.0,0.0,1.1102230246251565e-16,0.0,0.04072161681161557
1249.0,1.0570648794833248,5.15e-05,0.307888778,0.0,0.0,5.450227432310039e-05,0.7830289822799382,0.0,0.0,0.27398139492906354,1.4915347835670971,0.0,0.0,125.13886657581212,0.0,-6.776263578034403e-21,0.0,0.0,0.04072166303599694
1250.0,1.034330160079312,0.0,0.308851097,0.0,0.0,0.0,0.7854763714705851,0.0,0.0,0.24885378860872692,1.2175516955521548,0.0,0.0,125.138865148303,0.0,0.0,0.0,0.0,0.04072170926043077
1251.0,0.9871390753825396,0.0,0.296240694,0.0,0.0,0.0,0.7534053389004084,0.0,0.0,0.2337337364821312,0.9686965248639717,0.0,0.0,125.1388637207939,0.0,0.0,1.1102230246251565e-16,0.0,0.04072175548491707
1252.0,0.9339693397885266,0.0,0.278555176,0.0,0.0,0.0,0.7084271709704506,0.0,0.0,0.2255421688180761,0.7349616887853543,0.0,0.0,125.13886229328483,0.0,0.0,0.0,0.0,0.04072180170945585
1253.0,0.8892579390956957,0.0,0.258507284,0.0,0.0,0.0,0.6574409655894343,0.0,0.0,0.2318169735062614,0.5094186856902164,0.0,0.0,125.13886086577578,0.0,0.0,0.0,0.0,0.04072184793404709
1254.0,0.8597180074597952,0.0,0.236948772,0.0,0.0,0.0,0.6026129207984356,0.0,0.0,0.23415829424165466,0.2776011339275223,0.0,0.022946792419704865,125.13885943826673,0.0,0.0,0.0,0.0,0.040721894158690805
1255.0,0.8381974338504585,0.0,0.219848023,0.0,0.0,0.0,0.5591219492447577,0.0,0.0,0.0,0.04344252457249244,0.0,0.27907548460570086,125.115911218338,0.0,0.0,0.0,0.0,0.04072189462322175
1256.0,0.827580617536519,0.0,0.209037063,0.0,0.0,0.0,0.5316272965936983,0.0,0.0,0.0,0.04344247525957952,0.0,0.29595332094282073,124.83683430648504,0.0,0.0,0.0,0.0,0.040721895087752695
1257.0,0.8302765779518578,0.0,0.200063665,0.0,0.0,0.0,0.5088059688753727,0.0,0.0,0.0,0.04344242594672258,0.0,0.32147060907648517,124.54087956147852,0.0,0.0,0.0,0.0,0.04072189555228365
1258.0,0.8533646202061731,0.0,0.194163821,0.0,0.0,0.0,0.4938013660024143,0.0,0.0,0.0,0.043442376633921614,0.0,0.3595632542037588,124.21940753171441,0.0,0.0,5.551115123125783e-17,0.0,0.040721896016814606
1259.0,0.9093395250965275,0.0,0.193572581,0.0,0.0,0.0,0.49229771244774273,0.0,0.0,0.0,0.04344232732117663,0.0,0.4170418126487847,123.85984286049018,0.0,0.0,5.551115123125783e-17,0.0,0.04072189648134557
1260.0,0.9705778697810858,0.0,0.19082336,0.0,0.0,0.0,0.4853058378634322,0.0,0.0,0.0,0.043442278008487614,0.0,0.4852720319176536,123.44279963492261,0.0,0.0,5.551115123125783e-17,0.0,0.040721896945876544
1261.0,1.0029036985578568,0.002827372,0.174080648,0.0,0.0,0.002992198142863165,0.44272543326691877,0.0,0.0,0.04344217938327752,0.043442228695854575,0.0,0.5137438877647974,122.95752619484357,0.0,-4.336808689942018e-19,5.551115123125783e-17,0.0,0.04072221773266601
1262.0,1.0249874473770697,0.187819131,0.142489436,0.0,0.0,0.19876834564831705,0.36238202243513534,0.0,0.0,0.0,0.0,0.0,0.4638370792936174,122.44378090445308,0.0,0.0,0.0,0.0,0.04072189787493849
1263.0,1.0361695802514932,0.502860223,0.136601442,0.0,0.0,0.5321752586431346,0.3474075567224214,0.0,0.0,0.0,0.0,0.0,0.1565867648859371,121.97994242839427,0.0,0.0,0.0,0.0,0.04072189833946947
1264.0,1.035383704578396,0.606012809,0.152185079,0.0,0.0,0.6413412885326338,0.3870401782800996,0.0,0.0,0.0,0.0,0.0,0.007002237765662632,121.82335427203432,0.0,-1.1102230246251565e-16,0.0,0.0,0.04072189880400046
1265.0,1.0293772161232528,0.630068073,0.163998019,0.0,0.0,0.6667988923664707,0.41708308678108424,0.0,0.05450476302430212,0.0,0.0,0.0,0.0,121.81635064458094,0.0,0.0,0.0,0.0,0.03664933868638011
1266.0,1.0261030910437825,0.630623375,0.175187474,0.0,0.0,0.6673865665788234,0.4455403355896692,0.0,0.08682381112471015,0.0,0.04905428672187191,0.0,0.0,121.81634925497309,0.0,0.0,0.0,0.0,0.03664938028819116
1267.0,1.021113744127389,0.625653919,0.188567106,0.0,0.0,0.6621274082458414,0.47956768694782775,0.0,0.12058135106628012,0.0,0.12719566105111854,0.0,0.0,121.81634786536526,0.0,0.0,5.551115123125783e-17,0.0,0.03664942189004943
1268.0,1.0172807265392585,0.627422792,0.206744555,0.0,0.0,0.6639994005077583,0.5257969437702881,0.0,0.17251561773878787,0.0,0.23571873262715995,0.0,0.0,121.81634647575747,0.0,0.0,0.0,0.0,0.03664946349195493
1269.0,1.018927425156729,0.615832889,0.221105074,0.0,0.0,0.6517338456983579,0.5623189068331371,0.0,0.19512532737476593,0.0,0.39098252102066405,0.0,0.0,121.81634508614967,0.0,0.0,0.0,0.0,0.036649505093907644
1270.0,1.0255613293399852,0.552626334,0.229458034,0.0,0.0,0.5848425641521806,0.5835623240512373,0.0,0.14284355886343275,0.0,0.5665948718419643,0.0,0.0,121.81634369654189,0.0,0.0,0.0,0.0,0.03664954669590759
1271.0,1.040544359543421,0.373116618,0.255657642,0.0,0.0,0.394868044053271,0.6501936982820101,0.0,0.004517382791860282,0.0,0.6951534316602169,0.0,0.0,121.81634230693413,0.0,0.0,1.1102230246251565e-16,0.0,0.03664958829795475
1272.0,1.055681566990625,0.0786797,0.280495118,0.0,0.0,0.08326645811765518,0.7133608707948139,0.0,0.0,0.2590542380781558,0.6992182870833762,0.0,0.0,121.81634091732637,0.0,0.0,1.1102230246251565e-16,0.0,0.040721811000054585
1273.0,1.051111924793379,4.52e-05,0.27372593,0.0,0.0,4.7835005813672574e-05,0.696145334636164,0.0,0.0,0.2932786472456189,0.4401632553015663,0.0,0.06164010790578229,121.81633952771865,0.0,0.0,1.1102230246251565e-16,0.0,0.0407219029847796
1274.0,1.0307605286159525,0.0,0.256444533,0.0,0.0,0.0,0.6521949354264677,0.0,0.0,0.14688394168087338,0.14688410841343136,0.0,0.2316816515086115,121.75469803020516,0.0,0.0,0.0,0.0,0.04072190344931065
1275.0,0.9860662587279846,0.0,0.242903738,0.0,0.0,0.0,0.6177577110593253,0.0,0.0,0.0,0.0,0.0,0.3683085476686592,121.523014989792,0.0,0.0,1.1102230246251565e-16,0.0,0.0407219039138417
1276.0,0.9330314282222689,0.0,0.233678786,0.0,0.0,0.0,0.5942966261082484,0.0,0.0,0.0,0.0,0.0,0.3387348021140206,121.15470505586168,0.0,0.0,0.0,0.0,0.040721904378372746
1277.0,0.8865105862657675,0.0,0.229036833,0.0,0.0,0.0,0.5824911171286996,0.0,0.0,0.0,0.0,0.0,0.30401946913706795,120.81596887168749,0.0,0.0,0.0,0.0,0.0407219048429038
1278.0,0.8507543138151501,0.0,0.226285915,0.0,0.0,0.0,0.5754949266995844,0.0,0.0,0.0,0.0,0.0,0.27525938711556575,120.51194802435433,0.0,0.0,1.1102230246251565e-16,0.0,0.04072190530743488
1279.0,0.8299018415954764,0.0,0.218534994,0.0,0.0,0.0,0.5557826272718923,0.0,0.0,0.0,0.0,0.0,0.27411921432358405,120.23668726251077,0.0,0.0,1.1102230246251565e-16,0.0,0.040721905771965945
1280.0,0.8199017342566105,0.0,0.211208546,0.0,0.0,0.0,0.5371498561834739,0.0,0.0,0.0,0.0,0.0,0.2827518780731366,119.96256667659921,0.0,0.0,0.0,0.0,0.04072190623649701
1281.0,0.8211244454537181,0.0,0.216823864,0.0,0.0,0.0,0.5514308467648137,0.0,0.0,0.0,0.0,0.0,0.26969359868890447,119.67981343006508,0.0,0.0,0.0,0.0,0.0407219067010281
1282.0,0.8425101139747574,0.0,0.222576507,0.0,0.0,0.0,0.5660610850702508,0.0,0.0,0.0,0.0,0.0,0.2764490289045067,119.41011846614066,0.0,0.0,0.0,0.0,0.04072190716555918
1283.0,0.8996691857512773,0.0,0.230645003,0.0,0.0,0.0,0.5865810476763895,0.0,0.0,0.0,0.0,0.0,0.3130881380748879,119.13366807507717,0.0,0.0,0.0,0.0,0.040721907630090266
1284.0,0.9564106941592578,0.0,0.234399807,0.0,0.0,0.0,0.5961303413332717,0.0,0.0,0.0,0.0,0.0,0.360280352825986,118.82057857799687,0.0,0.0,1.1102230246251565e-16,0.0,0.04072190809462137
1285.0,0.9880363012872473,0.003362619,0.210700706,0.0,0.0,0.003558648217127563,0.5358583071996358,0.0,0.0,0.0,0.0,0.0,0.44861934587048397,118.46029686973702,0.0,0.0,0.0,0.0,0.04072190855915246
1286.0,1.0094455246649736,0.228062237,0.170256043,0.0,0.0,0.24135748745075605,0.4329986202917061,0.0,0.0,0.0,0.0,0.0,0.3350894169225115,118.01167617254254,0.0,-2.7755575615628914e-17,5.551115123125783e-17,0.0,0.04072190902368357
1287.0,1.019274323955208,0.576387359,0.182214635,0.0,0.0,0.6099887758560262,0.4634119539120079,0.0,0.0,0.0,0.0,0.05412640581282606,0.0,117.67658540941362,0.0,0.0,0.0,0.0,0.019953735649225195
1288.0,1.0172914332922978,0.664251736,0.190177079,0.0,0.0,0.7029753463119934,0.48366220292167134,0.0,0.0,0.0,0.0,0.16934611594136695,0.0,117.70310600587803,0.0,-1.1102230246251565e-16,0.0,0.0,0.01995373587684544
1289.0,1.010830978508281,0.667654062,0.205311441,0.0,0.0,0.7065760163117724,0.5221522191908455,0.0,0.0012104981589403452,0.0,0.0,0.21668675883539654,0.0,117.7860842600029,0.0,-1.1102230246251565e-16,1.1102230246251565e-16,0.0,0.017958160692859347
1290.0,1.005021494309064,0.650825919,0.228315879,0.0,0.0,0.6887668499790662,0.5806575722994345,0.0,0.047716169134040066,0.0,0.0010894483430463106,0.21668675883539654,0.0,117.89225942819925,0.0,0.0,0.0,0.0,0.017958181077729434
1291.0,0.9977259127879685,0.643222292,0.249280786,0.0,0.0,0.6807199574624734,0.633975948819814,0.0,0.10028323465892239,0.0,0.044033999327016876,0.21668675883539654,0.0,117.99843459518443,0.0,0.0,0.0,0.0,0.017958201462622662
1292.0,0.9905031371875415,0.645472852,0.268061309,0.0,0.0,0.6831017174333589,0.681738955665666,0.0,0.15765077707608674,0.0,0.13428886053573338,0.21668675883539654,0.0,118.10460976095843,0.0,-1.1102230246251565e-16,0.0,0.0,0.01795822184753903
1293.0,0.9886551516129287,0.642088729,0.276382572,0.0,0.0,0.6795203116063857,0.7029017604307479,0.0,0.17708016158880843,0.0,0.2761744074688972,0.21668675883539654,0.0,118.21078492552125,0.0,0.0,1.1102230246251565e-16,0.0,0.017958242232478536
1294.0,0.9897579471759942,0.590604764,0.2833536,0.0,0.0,0.6250350070690867,0.7206306201694583,0.0,0.13922092122715432,0.0,0.43554623940496967,0.21668675883539654,0.0,118.31696008887288,0.0,0.0,1.1102230246251565e-16,0.0,0.017958262617441177
1295.0,0.997231260797545,0.436660353,0.306227557,0.0,0.0,0.4621161620432593,0.7788041313535038,0.0,0.02700227376382157,0.0,0.5608445741078057,0.21668675883539654,0.0,118.42313525101333,0.0,-5.551115123125783e-17,0.0,0.0,0.017958283002426963
1296.0,1.0052698909795799,0.114677829,0.366880483,0.0,0.0,0.1213631552414679,0.9330578824209765,0.0,0.0,0.1675356121525319,0.5851459838637437,0.21668675883539654,0.0,118.52931041194259,0.0,0.0,1.1102230246251565e-16,0.0,0.019953670430484318
1297.0,0.9993447738475366,9.81e-05,0.390322567,0.0,0.0,0.00010381889536109026,0.9926762657095057,0.0,0.0,0.22325144807806638,0.4176097074944513,0.21668675883539654,0.0,118.63548557166068,0.0,0.0,0.0,0.0,0.019953693080519946
1298.0,0.9813852662991279,0.0,0.395538442,0.0,0.0,0.0,1.0059413847550247,0.0,0.0,0.1921306403794998,0.19435778537507764,0.21668675883539654,0.0,118.7416607301676,0.0,0.0,0.0,0.0,0.019953715730581283
1299.0,0.9460572639700894,0.0,0.393273217,0.0,0.0,0.0,1.000180418610344,0.0,0.0,0.00222692184637623,0.002226924374224895,0.05635007648663101,0.0,118.84783588746332,0.0,0.0,2.220446049250313e-16,0.0,0.019953738380668332
1300.0,0.9048319820669103,0.0,0.383003246,0.0,0.0,0.0,0.9740616201519785,0.0,0.0,0.0,0.0,0.06922963808506825,0.0,118.87544606919695,0.0,0.0,1.1102230246251565e-16,0.0,0.01995373860828861
1301.0,0.8607779760107028,0.0,0.371120503,0.0,0.0,0.0,0.9438411872462229,0.0,0.0,0.0,0.0,0.08306321123552005,0.0,118.90936723579887,0.0,0.0,1.1102230246251565e-16,0.0,0.01995373883590889
1302.0,0.826428570909472,0.0,0.359985031,0.0,0.0,0.0,0.9155212290976777,0.0,0.0,0.0,0.0,0.08909265818820576,0.0,118.95006685285755,0.0,0.0,0.0,0.0,0.01995373906352917
1303.0,0.8050814466993746,0.0,0.351397401,0.0,0.0,0.0,0.8936809943779287,0.0,0.0,0.0,0.0,0.0885995476785541,0.0,118.99372089845878,0.0,0.0,1.1102230246251565e-16,0.0,0.01995373929114946
1304.0,0.7900898510935074,0.0,0.350178021,0.0,0.0,0.0,0.890579842440483,0.0,0.0,0.0,0.0,0.10048999134697567,0.0,119.03713331941229,0.0,0.0,0.0,0.0,0.019953739518769747
1305.0,0.7862696816090241,0.0,0.358375559,0.0,0.0,0.0,0.9114279872771913,0.0,0.0,0.0,0.0,0.12515830566816724,0.0,119.08637205726811,0.0,0.0,0.0,0.0,0.01995373974639004
1306.0,0.7927772461064146,0.0,0.366127687,0.0,0.0,0.0,0.9311433563717537,0.0,0.0,0.0,0.0,0.13836611026533902,0.0,119.14769826857965,0.0,0.0,0.0,0.0,0.019953739974010332
1307.0,0.8106061312677417,0.0,0.382854561,0.0,0.0,0.0,0.9736834814455709,0.0,0.0,0.0,0.0,0.1630773501778293,0.0,119.21549630344418,0.0,0.0,1.1102230246251565e-16,0.0,0.01995374020163063
1308.0,0.8367391740864826,0.0,0.396520175,0.0,0.0,0.0,1.0084381480240667,0.0,0.0,0.0,0.0,0.1716989739375841,0.0,119.29540284509247,0.0,0.0,0.0,0.0,0.01995374042925093
1309.0,0.869882998795469,0.005348621,0.385651728,0.0,0.0,0.005660427359073699,0.9807972932691285,0.0,0.0,0.0,0.0,0.11657472183273315,0.0,119.37953398147151,0.0,0.0,0.0,0.0,0.019953740656871232
1310.0,0.9031745766964001,0.245023896,0.360130102,0.0,0.0,0.259307953310812,0.8605533822209847,0.0,0.0,0.0,0.0,0.21668675883539654,0.0,119.43665423335945,0.0,0.0,0.05533679438503103,0.0,1.05e-08
1311.0,0.9253204246832419,0.696284334,0.424481931,0.0,0.0,0.7368753355057331,0.4051318480129054,0.0,0.0,0.0,0.0,0.21668675883539654,0.0,119.5428293827271,0.0,-1.1102230246251565e-16,0.6744192047609407,0.0,1.05e-08
1312.0,0.936795922590947,0.748762609,0.459367024,0.0,0.0,0.79241291492424,0.36106976650210365,0.0,0.0,0.0,0.0,0.21668675883539654,0.0,119.64900453088357,0.0,-1.1102230246251565e-16,0.8072017620421552,0.0,1.05e-08
1313.0,0.938556112790636,0.74619333,0.498084635,0.0,0.0,0.7896938557228694,0.36554901590316313,0.0,0.0,0.0,0.0,0.21668675883539654,0.0,119.75517967782886,0.0,0.0,0.9011899258887477,0.0,1.05e-08
1314.0,0.9333569135146689,0.723407078,0.530258466,0.0,0.0,0.7655792429597764,0.384464429390289,0.0,0.0,0.0,0.0,0.21668675883539654,0.0,119.86135482356296,0.0,-1.1102230246251565e-16,0.9640996516860967,0.0,1.05e-08
1315.0,0.9223889157010348,0.708944852,0.552612962,0.0,0.0,0.7502739185175497,0.38880175601888173,0.0,0.0,0.0,0.0,0.21668675883539654,0.0,119.96752996808588,0.0,0.0,1.0166147324949095,0.0,1.05e-08
1316.0,0.9130462029987924,0.707068855,0.568200434,0.0,0.0,0.7482885572918543,0.38144440454233464,0.0,0.0,0.0,0.0,0.21668675883539654,0.0,120.07370511139763,0.0,0.0,1.0636144587788847,0.0,1.05e-08
1317.0,0.9103009915194721,0.697483971,0.590509986,0.0,0.0,0.7381449072506292,0.3888428431042395,0.0,0.0,0.0,0.0,0.21668675883539654,0.0,120.17988025349818,0.0,-1.1102230246251565e-16,1.1129541251624007,0.0,1.05e-08
1318.0,0.9147871210430104,0.629157678,0.594645871,0.0,0.0,0.6658354244435118,0.465638455434895,0.0,0.0,0.0,0.0,0.21668675883539654,0.0,120.28605539438756,0.0,0.0,1.046676979413781,0.0,1.05e-08
1319.0,0.927200530516973,0.41615394,0.597228404,0.0,0.0,0.44041429511687497,0.7034729942354946,0.0,0.0,0.0,0.0,0.21668675883539654,0.0,120.39223053406575,0.0,-5.551115123125783e-17,0.8154103908964955,0.0,1.05e-08
1320.0,0.9398409231553725,0.095375385,0.621362696,0.0,0.0,0.1009354446008022,1.0555922373899669,0.0,0.0,0.0,0.0,0.21668675883539654,0.0,120.49840567253277,0.0,0.0,0.5246699684498273,0.0,1.05e-08
1321.0,0.9394983070581094,0.000107441,0.615902346,0.0,0.0,0.00011370444379705299,1.156071361449709,0.0,0.0,0.0,0.0,0.21668675883539654,0.0,120.60458080978859,0.0,0.0,0.41030397156813314,0.0,1.05e-08
1322.0,0.9277786951811045,0.0,0.619882466,0.0,0.0,0.0,1.144465454016501,0.0,0.0,0.0,0.0,0.21668675883539654,0.0,120.71075594583323,0.0,0.0,0.4320322008774311,0.0,1.05e-08
1323.0,0.8993180042515827,0.0,0.640829888,0.0,0.0,0.0,1.1160047630869792,0.0,0.0,0.0,0.0,0.21668675883539654,0.0,120.8169310806667,0.0,0.0,0.5137668001208453,0.0,1.05e-08
1324.0,0.8664782513289172,0.0,0.659558533,0.0,0.0,0.0,1.0831650101643138,0.0,0.0,0.0,0.0,0.21668675883539654,0.0,120.92310621428898,0.0,0.0,0.5942376227079993,0.0,1.05e-08
1325.0,0.8312915781399997,0.0,0.662728904,0.0,0.0,0.0,1.0479783369753963,0.0,0.0,0.0,0.0,0.21668675883539654,0.0,121.02928134670007,0.0,0.0,0.637487247699531,0.0,1.05e-08
1326.0,0.8040792946148803,0.0,0.654796776,0.0,0.0,0.0,1.020766053450277,0.0,0.0,0.0,0.0,0.21668675883539654,0.0,121.1354564779,0.0,0.0,0.644526382480807,0.0,1.05e-08
1327.0,0.7830812105538697,0.0,0.644521661,0.0,0.0,0.0,0.9997679693892664,0.0,0.0,0.0,0.0,0.21668675883539654,0.0,121.24163160788873,0.0,0.0,0.6393925857583634,0.0,1.05e-08
1328.0,0.7709461766589333,0.0,0.637859964,0.0,0.0,0.0,0.9876329354943298,0.0,0.0,0.0,0.0,0.21668675883539654,0.0,121.34780673666629,0.0,0.0,0.6345854567850993,0.0,1.05e-08
1329.0,0.765911861379774,0.0,0.632256732,0.0,0.0,0.0,0.9825986202151705,0.0,0.0,0.0,0.0,0.21668675883539654,0.0,121.45398186423266,0.0,0.0,0.6253695188431477,0.0,1.05e-08
1330.0,0.7702609444644071,0.0,0.619689414,0.0,0.0,0.0,0.9869477032998037,0.0,0.0,0.0,0.0,0.21668675883539654,0.0,121.56015699058784,0.0,0.0,0.5890589778338338,0.0,1.05e-08
1331.0,0.7822096808564567,0.0,0.610644074,0.0,0.0,0.0,0.9988964396918533,0.0,0.0,0.0,0.0,0.21668675883539654,0.0,121.66633211573186,0.0,0.0,0.5541059493705222,0.0,1.05e-08
1332.0,0.8034454548349436,0.0,0.598651741,0.0,0.0,0.0,1.0201322136703401,0.0,0.0,0.0,0.0,0.21668675883539654,0.0,121.77250723966468,0.0,0.0,0.5023710309764757,0.0,1.05e-08
1333.0,0.8387284888012163,0.007763058,0.558028185,0.0,0.0,0.008215617800041536,1.0471996298365713,0.0,0.0,0.0,0.0,0.21668675883539654,0.0,121.87868236238633,0.0,-1.734723475976807e-18,0.3719889635978768,0.0,1.05e-08
1334.0,0.8688423024000325,0.27582141,0.442404981,0.0,0.0,0.2919008573204727,0.7936282039149563,0.0,0.0,0.0,0.0,0.21668675883539654,0.0,121.98485748389677,0.0,0.0,0.33150511298692,0.0,1.05e-08
1335.0,0.8856861662817281,0.713540048,0.424138694,0.0,0.0,0.7551369987692081,0.3472359263479165,0.0,0.0,0.0,0.0,0.21668675883539654,0.0,122.09103260419606,0.0,0.0,0.7314421991288169,0.0,1.05e-08
1336.0,0.8918896589927977,0.783851533,0.498038896,0.0,0.0,0.8295474034980346,0.2790290143301598,0.0,0.0,0.0,0.0,0.21668675883539654,0.0,122.19720772328415,0.0,-1.1102230246251565e-16,0.9875936031096483,0.0,1.05e-08
1337.0,0.8906455342896111,0.777162252,0.545124226,0.0,0.0,0.8224681602342228,0.2848641328907848,0.0,0.0,0.0,0.0,0.21668675883539654,0.0,122.30338284116107,0.0,0.0,1.101506850402796,0.0,1.05e-08
1338.0,0.885669035476865,0.760495699,0.571726338,0.0,0.0,0.8048300040473007,0.2975257902649609,0.0,0.0,0.0,0.0,0.21668675883539654,0.0,122.40955795782679,0.0,0.0,1.1565002235924717,0.0,1.05e-08
1339.0,0.8778295509013644,0.754394302,0.584098172,0.0,0.0,0.7983729164152978,0.29614339332146306,0.0,0.0,0.0,0.0,0.21668675883539654,0.0,122.51573307328134,0.0,0.0,1.1893469195886501,0.0,1.05e-08
1340.0,0.8720543283118737,0.769545012,0.578210395,0.0,0.0,0.8144068611261667,0.2743342260211036,0.0,0.0,0.0,0.0,0.21668675883539654,0.0,122.62190818752472,0.0,-1.1102230246251565e-16,1.196182173055095,0.0,1.05e-08
1341.0,0.8749537170349625,0.784099723,0.55051425,0.0,0.0,0.8298100621284084,0.2618304137419508,0.0,0.0,0.0,0.0,0.21668675883539654,0.0,122.7280833005569,0.0,-1.1102230246251565e-16,1.138248587864608,0.0,1.05e-08
1342.0,0.8885876963554248,0.736685071,0.515537809,0.0,0.0,0.779631297657761,0.32564315753306045,0.0,0.0,0.0,0.0,0.21668675883539654,0.0,122.8342584123779,0.0,0.0,0.9854830502175163,0.0,1.05e-08
1343.0,0.916453091815952,0.499888095,0.529946302,0.0,0.0,0.5290298657192635,0.6041099849320852,0.0,0.0,0.0,0.0,0.21668675883539654,0.0,122.94043352298773,0.0,-1.1102230246251565e-16,0.743660194330755,0.0,1.05e-08
1344.0,0.9439630230755689,0.13863586,0.547445037,0.0,0.0,0.1467178577230862,1.0139319241878793,0.0,0.0,0.0,0.0,0.21668675883539654,0.0,123.04660863238638,0.0,0.0,0.378341392692521,0.0,1.05e-08
1345.0,0.9503206930304068,0.000134017,0.560259798,0.0,0.0,0.0001418297339409504,1.1668656221318623,0.0,0.0,0.0,0.0,0.21668675883539654,0.0,123.15278374057382,0.0,0.0,0.25799845472742433,0.0,1.05e-08
1346.0,0.9363312495090339,0.0,0.568010784,0.0,0.0,0.0,1.1530180083444304,0.0,0.0,0.0,0.0,0.21668675883539654,0.0,123.2589588475501,0.0,0.0,0.2915585332518662,0.0,1.05e-08
1347.0,0.9006220867717902,0.0,0.571890302,0.0,0.0,0.0,1.1173088456071867,0.0,0.0,0.0,0.0,0.21668675883539654,0.0,123.36513395331521,0.0,0.0,0.33713416481921654,0.0,1.05e-08
1348.0,0.8601591256850214,0.0,0.572357376,0.0,0.0,0.0,1.076845884520418,0.0,0.0,0.0,0.0,0.21668675883539654,0.0,123.4713090578691,0.0,0.0,0.37878499797214227,0.0,1.05e-08
1349.0,0.8247154904231566,0.0,0.569912415,0.0,0.0,0.0,1.0414022492585533,0.0,0.0,0.0,0.0,0.21668675883539654,0.0,123.57748416121184,0.0,0.0,0.40801055885019766,0.0,1.05e-08
1350.0,0.7973104853433266,0.0,0.56522709,0.0,0.0,0.0,1.0139972441787233,0.0,0.0,0.0,0.0,0.21668675883539654,0.0,123.68365926334339,0.0,0.0,0.4234997504007645,0.0,1.05e-08
1351.0,0.7804516320073756,0.0,0.555018354,0.0,0.0,0.0,0.9971383908427722,0.0,0.0,0.0,0.0,0.21668675883539654,0.0,123.78983436426375,0.0,0.0,0.41439553937181484,0.0,1.05e-08
1352.0,0.7749569263475191,0.0,0.541692226,0.0,0.0,0.0,0.9916436851829158,0.0,0.0,0.0,0.0,0.21668675883539654,0.0,123.89600946397293,0.0,0.0,0.38599896613104123,0.0,1.05e-08
1353.0,0.7832910629134433,0.0,0.521867989,0.0,0.0,0.0,0.99997782174884,0.0,0.0,0.0,0.0,0.21668675883539654,0.0,124.00218456247094,0.0,0.0,0.32724742811443375,0.0,1.05e-08
1354.0,0.81331279843612,0.0,0.496859184,0.0,0.0,0.0,1.1062001887585684,0.0,0.0762006314870518,0.0,0.0,0.21668675883539654,0.0,124.10835965975777,0.0,0.0,0.15742216120561436,0.0,1.05e-08
1355.0,0.8811293721881294,0.0,0.477860519,0.0,0.0,0.0,1.2153045599613672,0.0,0.11748842893784127,0.0,0.06858056833834662,0.21668675883539654,0.0,124.21453475583341,0.0,0.0,0.0,0.0,1.050001191887853e-08
1356.0,0.9437510293653874,0.0,0.466530599,0.0,0.0,0.0,1.1864900777170253,0.0,0.02605228951624147,0.0,0.17432007653454323,0.21668675883539654,0.0,124.32070985069785,0.0,0.0,0.0,0.0,1.0500023837770588e-08
1357.0,0.972903376541259,0.007761925,0.423266595,0.0,0.0,0.008214418750006426,1.0764601856191875,0.0,0.0,0.10491553100746165,0.19776693922321206,0.21668675883539654,0.0,124.42688494435114,0.0,0.0,0.0,0.0,1.166670639630686e-08
1358.0,0.984196859647293,0.343621017,0.292691749,0.0,0.0,0.3636529501304222,0.7443795900258668,0.0,0.0,0.09285107832640052,0.0928511837245647,0.21668675883539654,0.0,124.53306003679323,0.0,-5.551115123125783e-17,0.0,0.0,1.1666719639550327e-08
1359.0,0.9839034946140115,0.661893603,0.205140196,0.0,0.0,0.7004797422021612,0.5001105112472468,0.0,0.0,0.0,0.0,0.21668675883539654,0.0,124.63923512802414,0.0,-1.1102230246251565e-16,0.02160619418781473,0.0,1.05e-08
1360.0,0.9752931238196689,0.717002276,0.248702027,0.0,0.0,0.7588010628512493,0.43317881980381623,0.0,0.0,0.0,0.0,0.21668675883539654,0.0,124.74541021804387,0.0,0.0,0.19932521739356335,0.0,1.05e-08
1361.0,0.9633272566227561,0.714054358,0.322369843,0.0,0.0,0.7556812912877928,0.4243327241703599,0.0,0.0,0.0,0.0,0.21668675883539654,0.0,124.85158530685243,0.0,0.0,0.3955247962035508,0.0,1.05e-08
1362.0,0.952622644933893,0.695894313,0.379736107,0.0,0.0,0.7364625776118735,0.4328468261574161,0.0,0.0,0.0,0.0,0.21668675883539654,0.0,124.95776039444979,0.0,0.0,0.5329057398524946,0.0,1.05e-08
1363.0,0.9402627692251276,0.681395939,0.413223829,0.0,0.0,0.7211189978645549,0.43583053019596935,0.0,0.0,0.0,0.0,0.21668675883539654,0.0,125.06393548083597,0.0,-1.1102230246251565e-16,0.6150886893271574,0.0,1.05e-08
1364.0,0.9316224195222745,0.678108089,0.427029813,0.0,0.0,0.7176394774250752,0.4306697009325959,0.0,0.0,0.0,0.0,0.21668675883539654,0.0,125.17011056601099,0.0,0.0,0.6553611769988574,0.0,1.05e-08
1365.0,0.9312519658671089,0.665722688,0.415931617,0.0,0.0,0.704532049795879,0.4434066749066264,0.0,0.0,0.0,0.0,0.21668675883539654,0.0,125.2762856499748,0.0,0.0,0.6143990459552073,0.0,1.05e-08
1366.0,0.9387509756959543,0.606603991,0.435509814,0.0,0.0,0.6419669344265926,0.5134708001047583,0.0,0.0,0.0,0.0,0.21668675883539654,0.0,125.38246073272744,0.0,0.0,0.5941265882915969,0.0,1.05e-08
1367.0,0.965412932114845,0.396608544,0.487165629,0.0,0.0,0.4197294692033676,0.7623702217468739,0.0,0.0,0.0,0.0,0.21668675883539654,0.0,125.4886358142689,0.0,-5.551115123125783e-17,0.47659928261627627,0.0,1.05e-08
1368.0,0.9937858276694432,0.070780809,0.566891942,0.0,0.0,0.07490708871706743,1.1355654977877725,0.0,0.0,0.0,0.0,0.21668675883539654,0.0,125.59481089459918,0.0,0.0,0.3061655821509637,0.0,1.05e-08
1369.0,1.0011884767209336,0.000132156,0.611445347,0.0,0.0,0.0001398602439891972,1.217735375312341,0.0,0.0,0.0,0.0,0.21668675883539654,0.0,125.70098597371826,0.0,-2.710505431213761e-20,0.33730482748846935,0.0,1.05e-08
1370.0,0.986565193419624,0.0,0.631213325,0.0,0.0,0.0,1.2032519522550205,0.0,0.0,0.0,0.0,0.21668675883539654,0.0,125.80716105162618,0.0,0.0,0.4020625729670906,0.0,1.05e-08
1371.0,0.9473313675817865,0.0,0.633209686,0.0,0.0,0.0,1.1640181264171832,0.0,0.0,0.0,0.0,0.21668675883539654,0.0,125.91333612832292,0.0,0.0,0.44637358457391807,0.0,1.05e-08
1372.0,0.9044358322044498,0.0,0.627974323,0.0,0.0,0.0,1.1211225910398464,0.0,0.0,0.0,0.0,0.21668675883539654,0.0,126.01951120380846,0.0,0.0,0.4759544386290402,0.0,1.05e-08
1373.0,0.8654332722322648,0.0,0.621803095,0.0,0.0,0.0,1.0821200310676615,0.0,0.0,0.0,0.0,0.21668675883539654,0.0,126.12568627808284,0.0,0.0,0.4992622064374863,0.0,1.05e-08
1374.0,0.8385871596610952,0.0,0.616300452,0.0,0.0,0.0,1.0552739184964919,0.0,0.0,0.0,0.0,0.21668675883539654,0.0,126.23186135114604,0.0,0.0,0.512113885771665,0.0,1.05e-08
1375.0,0.8210966078958154,0.0,0.613310185,0.0,0.0,0.0,1.037783366731212,0.0,0.0,0.0,0.0,0.21668675883539654,0.0,126.33803642299803,0.0,0.0,0.5219995298785198,0.0,1.05e-08
1376.0,0.813940214164233,0.0,0.608528533,0.0,0.0,0.0,1.0306269729996296,0.0,0.0,0.0,0.0,0.21668675883539654,0.0,126.44421149363886,0.0,0.0,0.5169951293015262,0.0,1.05e-08
1377.0,0.8218032535964205,0.0,0.586479885,0.0,0.0,0.0,1.2268010915689502,0.0,0.18831107913713308,0.0,0.0,0.21668675883539654,0.0,126.5503865630685,0.0,0.0,0.2647464421290959,0.0,1.05e-08
1378.0,0.8511418982751789,0.0,0.548183018,0.0,0.0,0.0,1.3611073043561943,0.0,0.2932786472456189,0.0,0.1694799712234198,0.21668675883539654,0.0,126.65656163128695,0.0,0.0,0.03304286076507257,0.0,1.05e-08
1379.0,0.9187657504724778,0.0,0.507066817,0.0,0.0,0.0,1.2895826091571214,0.0,0.15413009984924697,0.0,0.43343056136267705,0.21668675883539654,0.0,126.76273669829423,0.0,0.0,0.0,0.0,1.0500023837770588e-08
1380.0,0.9712352644177094,0.0,0.466275141,0.0,0.0,0.0,1.1858403917523253,0.0,0.0,0.0020816315007806275,0.5721471592269662,0.21668675883539654,0.0,126.86891176409034,0.0,0.0,0.0,0.0,1.166670639630686e-08
1381.0,0.9839977140407589,0.006141204,0.360128897,0.0,0.0,0.006499215244313037,0.9158871120255858,0.0,0.0,0.27829814560625665,0.5700648782647808,0.21668675883539654,0.0,126.97508682867524,0.0,0.0,0.0,0.0,1.1666719639550327e-08
1382.0,0.9818242431737462,0.258138249,0.254063142,0.0,0.0,0.2731868283550057,0.6461385335554629,0.0,0.0,0.27918564009867425,0.2917660855607788,0.21668675883539654,0.0,127.08126189204899,0.0,0.0,0.0,0.0,1.1666732882808823e-08
1383.0,0.9692630805078388,0.565757414,0.225946059,0.0,0.0,0.598739141323415,0.5746305980302175,0.0,0.0,0.012580099989602793,0.012580114269667904,0.21668675883539654,0.0,127.18743695421155,0.0,1.1102230246251565e-16,0.0,0.0,1.1666746126082354e-08
1384.0,0.9562629409673131,0.648820902,0.312320335,0.0,0.0,0.6866449473274842,0.48630475247522553,0.0,0.0,0.0,0.0,0.21668675883539654,0.0,127.29361201516292,0.0,-1.1102230246251565e-16,0.3079946554115387,0.0,1.05e-08
1385.0,0.945781029741671,0.661197795,0.366131588,0.0,0.0,0.6997433709693027,0.4627244176077648,0.0,0.0,0.0,0.0,0.21668675883539654,0.0,127.3997870749031,0.0,0.0,0.4684288598662771,0.0,1.05e-08
1386.0,0.9344297301692239,0.647232162,0.403277207,0.0,0.0,0.6849635892049971,0.46615289979962327,0.0,0.0,0.0,0.0,0.21668675883539654,0.0,127.50596213343212,0.0,0.0,0.5594698689974454,0.0,1.05e-08
1387.0,0.9292241068414331,0.634498492,0.423113833,0.0,0.0,0.6714875896811168,0.4744232759957128,0.0,0.0,0.0,0.0,0.21668675883539654,0.0,127.61213719074995,0.0,0.0,0.6016484022080111,0.0,1.05e-08
1388.0,0.9233460994227635,0.63241588,0.431732684,0.0,0.0,0.6692835685057269,0.47074928975243296,0.0,0.0,0.0,0.0,0.21668675883539654,0.0,127.7183122468566,0.0,0.0,0.6272420250512074,0.0,1.05e-08
1389.0,0.9232518799960161,0.621844566,0.434936693,0.0,0.0,0.6580959829604137,0.48184265587099895,0.0,0.0,0.0,0.0,0.21668675883539654,0.0,127.82448730175206,0.0,0.0,0.6242971595788254,0.0,1.05e-08
1390.0,0.9336224409900478,0.572270542,0.459599127,0.0,0.0,0.6056319624682204,0.544677237357224,0.0,0.0,0.0,0.0,0.21668675883539654,0.0,127.93066235543634,0.0,-1.1102230246251565e-16,0.6241845802422408,0.0,1.05e-08
1391.0,0.963290853662422,0.392225634,0.505432713,0.0,0.0,0.41509105050135864,0.76488656199646,0.0,0.0,0.0,0.0,0.21668675883539654,0.0,128.03683740790945,0.0,0.0,0.5205401607383913,0.0,1.05e-08
1392.0,0.9908607427390598,0.116476132,0.567393688,0.0,0.0,0.12326629317199322,1.0842812084024631,0.0,0.0,0.0,0.0,0.21668675883539654,0.0,128.1430124591714,0.0,0.0,0.3587259221357628,0.0,1.05e-08
1393.0,0.9970856489562082,0.000224675,0.613757078,0.0,0.0,0.00023777278608820543,1.2135346350055165,0.0,0.0,0.0,0.0,0.21668675883539654,0.0,128.2491875092221,0.0,0.0,0.34738480894202706,0.0,1.05e-08
1394.0,0.9814152452076385,0.0,0.627898702,0.0,0.0,0.0,1.198102004043035,0.0,0.0,0.0,0.0,0.21668675883539654,0.0,128.35536255806167,0.0,0.0,0.3987827047655277,0.0,1.05e-08
1395.0,0.9414555015137247,0.0,0.62520437,0.0,0.0,0.0,1.1581422603491214,0.0,0.0,0.0,0.0,0.21668675883539654,0.0,128.46153760569004,0.0,0.0,0.43189016869273855,0.0,1.05e-08
1396.0,0.8927440578853475,0.0,0.612557221,0.0,0.0,0.0,1.109430816720744,0.0,0.0,0.0,0.0,0.21668675883539654,0.0,128.56771265210725,0.0,0.0,0.4484371265787588,0.0,1.05e-08
1397.0,0.8477264440555877,0.0,0.591093095,0.0,0.0,0.0,1.0644132028909843,0.0,0.0,0.0,0.0,0.21668675883539654,0.0,128.67388769731326,0.0,0.0,0.4388667400062811,0.0,1.05e-08
1398.0,0.8144841172186381,0.0,0.565539859,0.0,0.0,0.0,1.0311708760540346,0.0,0.0,0.0,0.0,0.21668675883539654,0.0,128.7800627413081,0.0,0.0,0.4071215589872641,0.0,1.05e-08
1399.0,0.792811507716141,0.0,0.533533678,0.0,0.0,0.0,1.0094982665515375,0.0,0.0,0.0,0.0,0.21668675883539654,0.0,128.88623778409175,0.0,0.0,0.3473954000841859,0.0,1.05e-08
1400.0,0.7835737211936853,0.0,0.502517878,0.0,0.0,0.0,1.194791152442134,0.0,0.19453067241305227,0.0,0.0,0.21668675883539654,0.0,128.99241282566422,0.0,0.0,0.08322250282598431,0.0,1.05e-08
1401.0,0.7869741859590214,0.0,0.482586425,0.0,0.0,0.0,1.227323579912561,0.0,0.22366263511814305,0.0,0.17507760517174706,0.21668675883539654,0.0,129.09858786602553,0.0,0.0,0.0,0.0,1.050001191887853e-08
1402.0,0.8129744650400728,0.0,0.465248231,0.0,0.0,0.0,1.1832287334209746,0.0,0.15356750954550527,0.0,0.3763737780422338,0.21668675883539654,0.0,129.2047629051756,0.0,0.0,0.0,0.0,1.0500023837770588e-08
1403.0,0.8729858158263077,0.0,0.449741701,0.0,0.0,0.0,1.143792211948947,0.0,0.054119637287242665,0.0,0.5145841094000219,0.21668675883539654,0.0,129.31093794311454,0.0,0.0,0.0,0.0,1.0500035756676175e-08
1404.0,0.926189813030047,0.0,0.432946025,0.0,0.0,0.0,1.101077108233853,0.0,0.0,0.04179946363159065,0.5632911988386802,0.21668675883539654,0.0,129.4171129798423,0.0,0.0,-2.220446049250313e-16,0.0,1.1666719639550327e-08
1405.0,0.9488046168000176,0.006975331,0.366275417,0.0,0.0,0.0073819690030374014,0.9315190663027997,0.0,0.0,0.22659034032957703,0.5214910957983511,0.21668675883539654,0.0,129.52328801535887,0.0,0.0,1.1102230246251565e-16,0.0,1.1666732882808823e-08
1406.0,0.9597319289521018,0.234263205,0.245496589,0.0,0.0,0.247919950732402,0.6243519022894243,0.0,0.0,0.2932786472456189,0.29490016350858644,0.20581857131534348,0.0,129.62946304966425,0.0,-2.7755575615628914e-17,1.1102230246251565e-16,0.0,0.019953762736052833
1407.0,0.9620081846482933,0.59987761,0.213204236,0.0,0.0,0.6348484283593364,0.5422253354516603,0.0,0.0,0.001621179672693166,0.0016211815129449367,0.21668675883539654,0.0,129.73031267087362,0.0,0.0,0.0,0.0,1.1666759369370917e-08
1408.0,0.9542051030331268,0.698964185,0.231049442,0.0,0.0,0.7397114126775203,0.4311804491910032,0.0,0.0,0.0,0.0,0.21668675883539654,0.0,129.8364877028174,0.0,-1.1102230246251565e-16,0.15642917594969497,0.0,1.05e-08
1409.0,0.9491793531563991,0.700128757,0.254856226,0.0,0.0,0.7409438752525299,0.4249222367392658,0.0,0.0,0.0,0.0,0.21668675883539654,0.0,129.94266273355,0.0,0.0,0.2232332841238101,0.0,1.05e-08
1410.0,0.9472949646214522,0.685693575,0.269407726,0.0,0.0,0.7256671713832508,0.4383145520735981,0.0,0.0,0.0,0.0,0.21668675883539654,0.0,130.04883776307142,0.0,0.0,0.24684863860343426,0.0,1.05e-08
1411.0,0.9436953542495821,0.67471057,0.280523955,0.0,0.0,0.7140438946569987,0.44633821842798,0.0,0.0,0.0,0.0,0.21668675883539654,0.0,130.15501279138164,0.0,-1.1102230246251565e-16,0.2670959912098692,0.0,1.05e-08
1412.0,0.9430872106769401,0.673462179,0.291003148,0.0,0.0,0.7127227267202124,0.4470512427921242,0.0,0.0,0.0,0.0,0.21668675883539654,0.0,130.2611878184807,0.0,0.0,0.2930338629362121,0.0,1.05e-08
1413.0,0.9460615466713052,0.659137945,0.303332977,0.0,0.0,0.697563438740867,0.4651848667658346,0.0,0.0,0.0,0.0,0.21668675883539654,0.0,130.36736284436856,0.0,1.1102230246251565e-16,0.30625771004758184,0.0,1.05e-08
1414.0,0.9578518231183707,0.605628394,0.327715269,0.0,0.0,0.640934463449451,0.5336041185043163,0.0,0.0,0.0,0.0,0.21668675883539654,0.0,130.47353786904523,0.0,-1.1102230246251565e-16,0.2998479976448023,0.0,1.05e-08
1415.0,0.9806443589887965,0.443955856,0.395282801,0.0,0.0,0.4698369679817253,0.7274941498424677,0.0,0.0,0.0,0.0,0.21668675883539654,0.0,130.57971289251074,0.0,-5.551115123125783e-17,0.27779708353854693,0.0,1.05e-08
1416.0,0.995044941826885,0.136186478,0.47151218,0.0,0.0,0.14412568510782284,1.0676060155544587,0.0,0.0,0.0,0.0,0.21668675883539654,0.0,130.68588791476506,0.0,0.0,0.13155331995726005,0.0,1.05e-08
1417.0,0.995935743679769,0.000188674,0.485815824,0.0,0.0,0.00019967305059488628,1.2124228294645707,0.0,0.0,0.0,0.0,0.21668675883539654,0.0,130.7920629358082,0.0,-2.710505431213761e-20,0.023113823456925475,0.0,1.05e-08
1418.0,0.9773252655465605,0.0,0.485763845,0.0,0.0,0.0,1.194012024381957,0.0,0.0,0.0,0.0,0.21668675883539654,0.0,130.89823795564018,0.0,0.0,0.0413924344929284,0.0,1.05e-08
1419.0,0.9343590655991634,0.0,0.485137292,0.0,0.0,0.0,1.1510458244345598,0.0,0.0,0.0,0.0,0.21668675883539654,0.0,131.00441297426096,0.0,0.0,0.08276517214812573,0.0,1.05e-08
1420.0,0.8844698791364443,0.0,0.486950717,0.0,0.0,0.0,1.1011566379718407,0.0,0.0,0.0,0.0,0.21668675883539654,0.0,131.11058799167054,0.0,0.0,0.1372662978358301,0.0,1.05e-08
1421.0,0.8397220754832792,0.0,0.49757307,0.0,0.0,0.0,1.0564088343186757,0.0,0.0,0.0,0.0,0.21668675883539654,0.0,131.21676300786896,0.0,0.0,0.20902908499387718,0.0,1.05e-08
1422.0,0.8040064886942118,0.0,0.506104085,0.0,0.0,0.0,1.0206932475296084,0.0,0.0,0.0,0.0,0.21668675883539654,0.0,131.32293802285622,0.0,0.0,0.2664409220868931,0.0,1.05e-08
1423.0,0.7818949023170962,0.0,0.5046425,0.0,0.0,0.0,0.9985816611524928,0.0,0.0,0.0,0.0,0.21668675883539654,0.0,131.42911303663226,0.0,0.0,0.2848353758601513,0.0,1.05e-08
1424.0,0.7707748686103018,0.0,0.498444854,0.0,0.0,0.0,0.9874616274456983,0.0,0.0,0.0,0.0,0.21668675883539654,0.0,131.53528804919713,0.0,0.0,0.28019343061001434,0.0,1.05e-08
1425.0,0.7748091731555744,0.0,0.482403251,0.0,0.0,0.0,0.9914959319909711,0.0,0.0,0.0,0.0,0.21668675883539654,0.0,131.64146306055085,0.0,0.0,0.23536179609116004,0.0,1.05e-08
1426.0,0.8003940302186943,0.0,0.462147539,0.0,0.0,0.0,1.122760981239926,0.0,0.1056801921858352,0.0,0.0,0.21668675883539654,0.0,131.74763807069337,0.0,0.0,0.05258200942389113,0.0,1.05e-08
1427.0,0.8579535345588905,0.0,0.448314228,0.0,0.0,0.0,1.140161833675069,0.0,0.06552154028078173,0.0,0.09511217296725169,0.21668675883539654,0.0,131.8538130796247,0.0,0.0,-2.220446049250313e-16,0.0,1.050001191887853e-08
1428.0,0.913823513269458,0.0,0.444499017,0.0,0.0,0.0,1.1304589117111081,0.0,0.0,5.13603937464546e-05,0.15408145125527437,0.21668675883539654,0.0,131.95998808734484,0.0,0.0,0.0,0.0,1.166669315307843e-08
1429.0,0.9416632125226905,0.014418501,0.388901107,0.0,0.0,0.0152590504238815,0.9890611798191339,0.0,0.0,0.15402974111507162,0.15402991595905013,0.21668675883539654,0.0,132.06616309385382,0.0,0.0,0.0,0.0,1.166670639630686e-08
1430.0,0.9582800932399494,0.341666084,0.344015286,0.0,0.0,0.36158405120519344,0.8133828008701526,0.0,0.0,0.0,0.0,0.21668675883539654,0.0,132.1723380991516,0.0,-5.551115123125783e-17,0.06152384897637697,0.0,1.05e-08
1431.0,0.9676763397073892,0.615361812,0.326751835,0.0,0.0,0.6512353065161967,0.5331277920265891,0.0,0.0,0.0,0.0,0.21668675883539654,0.0,132.27851310323823,0.0,0.0,0.2978740992412775,0.0,1.05e-08
1432.0,0.9643979319267032,0.681648041,0.320036298,0.0,0.0,0.7213857965511841,0.4596988942109157,0.0,0.0,0.0,0.0,0.21668675883539654,0.0,132.38468810611366,0.0,0.0,0.3542239072092096,0.0,1.05e-08
1433.0,0.9653765291545109,0.701808679,0.330063971,0.0,0.0,0.7427217309745768,0.4393415570153307,0.0,0.0,0.0,0.0,0.21668675883539654,0.0,132.4908631077779,0.0,-1.1102230246251565e-16,0.40008382567726314,0.0,1.05e-08
1434.0,0.9613914756732198,0.698748757,0.347048604,0.0,0.0,0.7394834259599886,0.43859480854862776,0.0,0.0,0.0,0.0,0.21668675883539654,0.0,132.59703810823098,0.0,0.0,0.44402623713233336,0.0,1.05e-08
1435.0,0.9579074982341759,0.694231561,0.36435641,0.0,0.0,0.7347028928422563,0.43989136422731606,0.0,0.0,0.0,0.0,0.21668675883539654,0.0,132.70321310747286,0.0,0.0,0.48674724456755186,0.0,1.05e-08
1436.0,0.9530808939639823,0.696510733,0.379436081,0.0,0.0,0.7371149327951404,0.4326527200042385,0.0,0.0,0.0,0.0,0.21668675883539654,0.0,132.8093881055036,0.0,0.0,0.5323368137998101,0.0,1.05e-08
1437.0,0.9531408517810034,0.691391417,0.38678056,0.0,0.0,0.731697178135361,0.438130432481039,0.0,0.0,0.0,0.0,0.21668675883539654,0.0,132.9155631023231,0.0,0.0,0.5455377292161847,0.0,1.05e-08
1438.0,0.9595841757601571,0.64044824,0.381191644,0.0,0.0,0.677784187693725,0.49848674690182865,0.0,0.0,0.0,0.0,0.21668675883539654,0.0,133.02173809793143,0.0,0.0,0.4709675703157236,0.0,1.05e-08
1439.0,0.975655012072403,0.458512563,0.450310334,0.0,0.0,0.48524228134395825,0.7070994895638414,0.0,0.0,0.0,0.0,0.21668675883539654,0.0,133.1279130923286,0.0,-5.551115123125783e-17,0.43813888135904766,0.0,1.05e-08
1440.0,0.9933404267430013,0.13239651,0.551400435,0.0,0.0,0.14011477490176902,1.0699124106766287,0.0,0.0,0.0,0.0,0.21668675883539654,0.0,133.2340880855146,0.0,-2.7755575615628914e-17,0.33242035458825314,0.0,1.05e-08
1441.0,0.9978822313823449,0.000286911,0.598114181,0.0,0.0,0.0003036369325886418,1.2142653532851528,0.0,0.0,0.0,0.0,0.21668675883539654,0.0,133.3402630774894,0.0,0.0,0.30687075787128815,0.0,1.05e-08
1442.0,0.9819248866523173,0.0,0.596319309,0.0,0.0,0.0,1.1986116454877138,0.0,0.0,0.0,0.0,0.21668675883539654,0.0,133.44643806825303,0.0,0.0,0.3179597108094814,0.0,1.05e-08
1443.0,0.9418388032725378,0.0,0.589042615,0.0,0.0,0.0,1.1585255621079342,0.0,0.0,0.0,0.0,0.21668675883539654,0.0,133.55261305780547,0.0,0.0,0.3395395584823444,0.0,1.05e-08
1444.0,0.895506400169531,0.0,0.57945044,0.0,0.0,0.0,1.1121931590049274,0.0,0.0,0.0,0.0,0.21668675883539654,0.0,133.65878804614673,0.0,0.0,0.36147694765567473,0.0,1.05e-08
1445.0,0.8554866986585963,0.0,0.563855053,0.0,0.0,0.0,1.072173457493993,0.0,0.0,0.0,0.0,0.21668675883539654,0.0,133.7649630332768,0.0,0.0,0.3618341447707141,0.0,1.05e-08
1446.0,0.8248803744199644,0.0,0.546593031,0.0,0.0,0.0,1.041567133255361,0.0,0.0,0.0,0.0,0.21668675883539654,0.0,133.8711380191957,0.0,0.0,0.34853934469245407,0.0,1.05e-08
1447.0,0.8070065208958715,0.0,0.530293139,0.0,0.0,0.0,1.0236932797312681,0.0,0.0,0.0,0.0,0.21668675883539654,0.0,133.97731300390345,0.0,0.0,0.3249589824216701,0.0,1.05e-08
1448.0,0.8003726167126154,0.0,0.520716844,0.0,0.0,0.0,1.017059375548012,0.0,0.0,0.0,0.0,0.21668675883539654,0.0,134.08348798739996,0.0,0.0,0.30723825901319746,0.0,1.05e-08
1449.0,0.8074369323680584,0.0,0.502613689,0.0,0.0,0.0,1.0590292921567437,0.0,0.0349056009532889,0.0,0.0,0.21668675883539654,0.0,134.18966296968534,0.0,0.0,0.21922803158902604,0.0,1.05e-08
1450.0,0.8359019059987959,0.0,0.486976204,0.0,0.0,0.0,1.2384877548627888,0.0,0.18589909002859636,0.0,0.031415040857960014,0.21668675883539654,0.0,134.2958379507595,0.0,0.0,0.0,0.0,1.050001191887853e-08
1451.0,0.9000846077692088,0.0,0.473948362,0.0,0.0,0.0,1.2053550829647444,0.0,0.08858371636013897,0.0,0.1987241862235414,0.21668675883539654,0.0,134.4020129306225,0.0,0.0,0.0,0.0,1.0500023837770588e-08
1452.0,0.9592843866750519,0.0,0.456546057,0.0,0.0,0.0,1.1610971880781855,0.0,0.0,0.014873957432263012,0.278449305369881,0.21668675883539654,0.0,134.50818790927434,0.0,0.0,0.0,0.0,1.166670639630686e-08
1453.0,0.9854816700120295,0.013934084,0.391327015,0.0,0.0,0.014746393565225708,0.9952307982270666,0.0,0.0,0.19219123705513358,0.263575031861458,0.21668675883539654,0.0,134.61436288671496,0.0,-1.734723475976807e-18,1.1102230246251565e-16,0.0,1.1666719639550327e-08
1454.0,0.9944218087999878,0.364906949,0.296295756,0.0,0.0,0.3861797793554097,0.7535453736951235,0.0,0.0,0.07138341458485109,0.07138349561439847,0.21668675883539654,0.0,134.7205378629444,0.0,5.551115123125783e-17,0.0,0.0,1.1666732882808823e-08
1455.0,0.9936809014896564,0.681810086,0.324131697,0.0,0.0,0.7215572882219159,0.48881037210313705,0.0,0.0,0.0,0.0,0.21668675883539654,0.0,134.8267128379627,0.0,0.0,0.3355279310830197,0.0,1.05e-08
1456.0,0.9835394650106695,0.737479739,0.395830411,0.0,0.0,0.7804722920913878,0.4197539317546781,0.0,0.0,0.0,0.0,0.21668675883539654,0.0,134.9328878117698,0.0,0.0,0.5869299944804629,0.0,1.05e-08
1457.0,0.9702373950344307,0.741919446,0.414823069,0.0,0.0,0.7851708188647508,0.40175333500507654,0.0,0.0,0.0,0.0,0.21668675883539654,0.0,135.0390627843657,0.0,0.0,0.6532331041086952,0.0,1.05e-08
1458.0,0.9585670342214073,0.725769821,0.429474798,0.0,0.0,0.7680797258168828,0.40717406723992106,0.0,0.0,0.0,0.0,0.21668675883539654,0.0,135.14523775575046,0.0,0.0,0.6850749461126282,0.0,1.05e-08
1459.0,0.9488474438121756,0.712834711,0.444820213,0.0,0.0,0.754390543028155,0.41114365961941707,0.0,0.0,0.0,0.0,0.21668675883539654,0.0,135.251412725924,0.0,0.0,0.7201321242707492,0.0,1.05e-08
1460.0,0.940217800862362,0.718982899,0.45786205,0.0,0.0,0.7608971494158442,0.39600741028191416,0.0,0.0,0.0,0.0,0.21668675883539654,0.0,135.35758769488638,0.0,1.1102230246251565e-16,0.7684366378740282,0.0,1.05e-08
1461.0,0.9353462282294026,0.722734386,0.469341747,0.0,0.0,0.7648673353108645,0.38716565175393464,0.0,0.0,0.0,0.0,0.21668675883539654,0.0,135.46376266263758,0.0,0.0,0.8064737945492959,0.0,1.05e-08
1462.0,0.9388644672781727,0.681889818,0.489578025,0.0,0.0,0.7216416683255339,0.43390955778803536,0.0,0.0,0.0,0.0,0.21668675883539654,0.0,135.5699376291776,0.0,0.0,0.8111952009907082,0.0,1.05e-08
1463.0,0.9546997550235504,0.486506003,0.590062169,0.0,0.0,0.5148676434046816,0.6565188704542654,0.0,0.0,0.0,0.0,0.21668675883539654,0.0,135.67611259450644,0.0,0.0,0.8441392005390299,0.0,1.05e-08
1464.0,0.9732202964312273,0.127020338,0.682683412,0.0,0.0,0.13442519041337736,1.0554818648532465,0.0,0.0,0.0,0.0,0.21668675883539654,0.0,135.7822875586241,0.0,-2.7755575615628914e-17,0.6807324291206502,0.0,1.05e-08
1465.0,0.975959083858724,0.000280287,0.729302426,0.0,0.0,0.0002966267759844435,1.1923492159181361,0.0,0.0,0.0,0.0,0.21668675883539654,0.0,135.88846252153056,0.0,-5.421010862427522e-20,0.6624274996043438,0.0,1.05e-08
1466.0,0.9631966342356746,0.0,0.746027217,0.0,0.0,0.0,1.179883393071071,0.0,0.0,0.0,0.0,0.21668675883539654,0.0,135.99463748322586,0.0,0.0,0.7174281499973958,0.0,1.05e-08
1467.0,0.9343697723522029,0.0,0.748270657,0.0,0.0,0.0,1.1510565311875993,0.0,0.0,0.0,0.0,0.21668675883539654,0.0,136.10081244370997,0.0,0.0,0.7519605739718838,0.0,1.05e-08
1468.0,0.8964871387479465,0.0,0.740039317,0.0,0.0,0.0,1.113173897583343,0.0,0.0,0.0,0.0,0.21668675883539654,0.0,136.20698740298292,0.0,0.0,0.7689090968077377,0.0,1.05e-08
1469.0,0.8617201702781763,0.0,0.720602051,0.0,0.0,0.0,1.078406929113573,0.0,0.0,0.0,0.0,0.21668675883539654,0.0,136.31316236104465,0.0,0.0,0.7542428163193904,0.0,1.05e-08
1470.0,0.8338247959091385,0.0,0.694547158,0.0,0.0,0.0,1.0505115547445352,0.0,0.0,0.0,0.0,0.21668675883539654,0.0,136.4193373178952,0.0,0.0,0.715874858579576,0.0,1.05e-08
1471.0,0.817381364591119,0.0,0.666549353,0.0,0.0,0.0,1.0340681234265157,0.0,0.0,0.0,0.0,0.21668675883539654,0.0,136.52551227353462,0.0,0.0,0.6611137046001665,0.0,1.05e-08
1472.0,0.8099037682683524,0.0,0.637669883,0.0,0.0,0.0,1.026590527103749,0.0,0.0,0.0,0.0,0.21668675883539654,0.0,136.63168722796283,0.0,0.0,0.5951444473228193,0.0,1.05e-08
1473.0,0.8105590215543681,0.0,0.607128171,0.0,0.0,0.0,1.0272457803897646,0.0,0.0,0.0,0.0,0.21668675883539654,0.0,136.73786218117985,0.0,0.0,0.5168148928823557,0.0,1.05e-08
1474.0,0.8213428632157233,0.0,0.577511113,0.0,0.0,0.0,1.0380296220511198,0.0,0.0,0.0,0.0,0.21668675883539654,0.0,136.8440371331857,0.0,0.0,0.4307083488655872,0.0,1.05e-08
1475.0,0.847133289937201,0.0,0.550398848,0.0,0.0,0.0,1.0638200487725977,0.0,0.0,0.0,0.0,0.21668675883539654,0.0,136.9502120839804,0.0,0.0,0.3359654601279263,0.0,1.05e-08
1476.0,0.8761271771680885,0.0,0.519677436,0.0,0.0,0.0,1.0928139360034852,0.0,0.0,0.0,0.0,0.21668675883539654,0.0,137.05638703356388,0.0,0.0,0.22884025505939198,0.0,1.05e-08
1477.0,0.899998953744893,0.016554864,0.434320671,0.0,0.0,0.0175199560992159,1.0991657564810737,0.0,0.0,0.0,0.0,0.21668675883539654,0.0,137.1625619819362,0.0,3.469446951953614e-18,0.005407379329254169,0.0,1.05e-08
1478.0,0.910200348040901,0.346680319,0.351382267,0.0,0.0,0.3668905990011253,0.7599965078751723,0.0,0.0,0.0,0.0,0.21668675883539654,0.0,137.26873692909732,0.0,0.0,0.13364599740713312,0.0,1.05e-08
1479.0,0.9070996723606702,0.633853194,0.362094808,0.0,0.0,0.6708046730089586,0.4529817581871083,0.0,0.0,0.0,0.0,0.21668675883539654,0.0,137.37491187504727,0.0,-1.1102230246251565e-16,0.46790509855013096,0.0,1.05e-08
1480.0,0.894898256596889,0.701993021,0.396569989,0.0,0.0,0.742916819484349,0.3686681959479366,0.0,0.0,0.0,0.0,0.21668675883539654,0.0,137.48108681978604,0.0,0.0,0.6398966400508486,0.0,1.05e-08
1481.0,0.8803006695028743,0.707680963,0.410268377,0.0,0.0,0.7489363491002302,0.34805107923804063,0.0,0.0,0.0,0.0,0.21668675883539654,0.0,137.58726176331365,0.0,0.0,0.6953517748404929,0.0,1.05e-08
1482.0,0.8666388526245092,0.692161837,0.418976834,0.0,0.0,0.7325125109933028,0.35081310046660297,0.0,0.0,0.0,0.0,0.21668675883539654,0.0,137.69343670563003,0.0,0.0,0.7147372780077,0.0,1.05e-08
1483.0,0.8537757595228889,0.680991109,0.438090833,0.0,0.0,0.7206905676565118,0.34977195070177364,0.0,0.0,0.0,0.0,0.21668675883539654,0.0,137.7996116467353,0.0,0.0,0.7643895375424015,0.0,1.05e-08
1484.0,0.8461696821636486,0.68418175,0.46522932,0.0,0.0,0.7240672121428912,0.3387892288561541,0.0,0.0,0.0,0.0,0.21668675883539654,0.0,137.90578658662932,0.0,-1.1102230246251565e-16,0.8443914097262231,0.0,1.05e-08
1485.0,0.8466386379467774,0.681995514,0.494229512,0.0,0.0,0.7217535260417836,0.3415718707403904,0.0,0.0,0.0,0.0,0.21668675883539654,0.0,138.01196152531222,0.0,0.0,0.9153626440799923,0.0,1.05e-08
1486.0,0.8574053488032695,0.63550913,0.529800889,0.0,0.0,0.6725571444290265,0.40153496320963944,0.0,0.0,0.0,0.0,0.21668675883539654,0.0,138.1181364627839,0.0,0.0,0.945865398763529,0.0,1.05e-08
1487.0,0.8789344878150378,0.460202626,0.624143954,0.0,0.0,0.4870308692517121,0.6085903773987222,0.0,0.0,0.0,0.0,0.21668675883539654,0.0,138.2243113990444,0.0,0.0,0.9787451801732936,0.0,1.05e-08
1488.0,0.9073502103817939,0.124791833,0.715626495,0.0,0.0,0.1320667711737579,0.9919701980434324,0.0,0.0,0.0,0.0,0.21668675883539654,0.0,138.33048633409373,0.0,0.0,0.8280256124969873,0.0,1.05e-08
1489.0,0.9166029863585047,0.000427564,0.740495915,0.0,0.0,0.00045248952269285627,1.1328372556712083,0.0,0.0,0.0,0.0,0.21668675883539654,0.0,138.43666126793187,0.0,-5.421010862427522e-20,0.750406968010441,0.0,1.05e-08
1490.0,0.9128149371331398,0.0,0.735957481,0.0,0.0,0.0,1.1295016959685364,0.0,0.0,0.0,0.0,0.21668675883539654,0.0,138.54283620055887,0.0,0.0,0.742200290353086,0.0,1.05e-08
1491.0,0.8909645955301874,0.0,0.720213656,0.0,0.0,0.0,1.107651354365584,0.0,0.0,0.0,0.0,0.21668675883539654,0.0,138.64901113197465,0.0,0.0,0.7240106170291434,0.0,1.05e-08
1492.0,0.8617801280951973,0.0,0.698356844,0.0,0.0,0.0,1.078466886930594,0.0,0.0,0.0,0.0,0.21668675883539654,0.0,138.75518606217926,0.0,0.0,0.6976083970654652,0.0,1.05e-08
1493.0,0.830921124484834,0.0,0.670448422,0.0,0.0,0.0,1.0476078833202307,0.0,0.0,0.0,0.0,0.21668675883539654,0.0,138.8613609911727,0.0,0.0,0.6574901360361312,0.0,1.05e-08
1494.0,0.8054818792630509,0.0,0.648546271,0.0,0.0,0.0,1.0221686380984476,0.0,0.0,0.0,0.0,0.21668675883539654,0.0,138.96753591895495,0.0,0.0,0.6272273867952529,0.0,1.05e-08
1495.0,0.7907279735746598,0.0,0.628241723,0.0,0.0,0.0,1.0074147324100564,0.0,0.0,0.0,0.0,0.21668675883539654,0.0,139.07371084552602,0.0,0.0,0.5903423543600399,0.0,1.05e-08
1496.0,0.7845159154611588,0.0,0.611450363,0.0,0.0,0.0,1.0012026742965554,0.0,0.0,0.0,0.0,0.21668675883539654,0.0,139.1798857708859,0.0,0.0,0.5538502852971483,0.0,1.05e-08
1497.0,0.7851882995520376,0.0,0.599564335,0.0,0.0,0.0,1.0018750583874343,0.0,0.0,0.0,0.0,0.21668675883539654,0.0,139.28606069503462,0.0,0.0,0.5229491138219144,0.0,1.05e-08
1498.0,0.7939656956937959,0.0,0.588922019,0.0,0.0,0.0,1.0106524545291926,0.0,0.0,0.0,0.0,0.21668675883539654,0.0,139.39223561797215,0.0,0.0,0.4871059638689488,0.0,1.05e-08
1499.0,0.8137731888168173,0.0,0.583814362,0.0,0.0,0.0,1.0304599476522138,0.0,0.0,0.0,0.0,0.21668675883539654,0.0,139.4984105396985,0.0,0.0,0.45430857391199697,0.0,1.05e-08
1500.0,0.8390818116515188,0.0,0.573357874,0.0,0.0,0.0,1.0557685704869153,0.0,0.0,0.0,0.0,0.21668675883539654,0.0,139.60458546021368,0.0,0.0,0.4024067988031246,0.0,1.05e-08
1501.0,0.8611569950683001,0.016587955,0.523826386,0.0,0.0,0.01755497619163582,1.0602887777120609,0.0,0.0,0.0,0.0,0.21668675883539654,0.0,139.71076037951767,0.0,0.0,0.27191710710572914,0.0,1.05e-08
1502.0,0.872615362171142,0.321155462,0.482594572,0.0,0.0,0.3398777299084669,0.7494243910980717,0.0,0.0,0.0,0.0,0.21668675883539654,0.0,139.81693529761048,0.0,-5.551115123125783e-17,0.47791990843005994,0.0,1.05e-08
1503.0,0.872270604723271,0.663415701,0.516503722,0.0,0.0,0.7020905733233775,0.38686679023528997,0.0,0.0,0.0,0.0,0.21668675883539654,0.0,139.9231102144921,0.0,0.0,0.9267159470395976,0.0,1.05e-08
1504.0,0.8667673336609829,0.7454557,0.57638051,0.0,0.0,0.7889132244100744,0.29454086808630514,0.0,0.0,0.0,0.0,0.21668675883539654,0.0,140.02928513016255,0.0,-1.1102230246251565e-16,1.1713217303592018,0.0,1.05e-08
1505.0,0.8595488407617716,0.745604334,0.606098913,0.0,0.0,0.7890705232652537,0.2871650763319144,0.0,0.0,0.0,0.0,0.21668675883539654,0.0,140.13546004462185,0.0,0.0,1.254277967127652,0.0,1.05e-08
1506.0,0.8492339548835453,0.73081318,0.620408227,0.0,0.0,0.7734170954426668,0.292503618276275,0.0,0.0,0.0,0.0,0.21668675883539654,0.0,140.24163495786993,0.0,0.0,1.2853311626520214,0.0,1.05e-08
1507.0,0.8401567696566817,0.721790445,0.635607681,0.0,0.0,0.763868365770538,0.2929751627215404,0.0,0.0,0.0,0.0,0.21668675883539654,0.0,140.34780986990685,0.0,-1.1102230246251565e-16,1.3235151777699914,0.0,1.05e-08
1508.0,0.835394405904725,0.730700911,0.654053638,0.0,0.0,0.7732982815429391,0.2787828831971824,0.0,0.0,0.0,0.0,0.21668675883539654,0.0,140.45398478073258,0.0,-1.1102230246251565e-16,1.3846195891060828,0.0,1.05e-08
1509.0,0.8413216643873761,0.735630509,0.66828078,0.0,0.0,0.7785152582904848,0.27949316493228776,0.0,0.0,0.0,0.0,0.21668675883539654,0.0,140.56015969034715,0.0,0.0,1.42009206334337,0.0,1.05e-08
1510.0,0.8604803282762056,0.699316529,0.69279713,0.0,0.0,0.7400842971308036,0.33708278998079855,0.0,0.0,0.0,0.0,0.21668675883539654,0.0,140.66633459875052,0.0,0.0,1.4248529166540242,0.0,1.05e-08
1511.0,0.8983372656731672,0.539974362,0.750895911,0.0,0.0,0.571453025343012,0.5435709991655518,0.0,0.0,0.0,0.0,0.21668675883539654,0.0,140.7725095059427,0.0,-1.1102230246251565e-16,1.3661227051905618,0.0,1.05e-08
1512.0,0.9360443085275761,0.190030022,0.800244545,0.0,0.0,0.20110812405182138,0.9516229433111514,0.0,0.0,0.0,0.0,0.21668675883539654,0.0,140.87868441192373,0.0,0.0,1.0835752075172698,0.0,1.05e-08
1513.0,0.9483099648095941,0.000953395,0.811234508,0.0,0.0,0.0010089746762771319,1.1639877489687136,0.0,0.0,0.0,0.0,0.21668675883539654,0.0,140.98485931669356,0.0,0.0,0.8991602985694349,0.0,1.05e-08
1514.0,0.9390122204701175,0.0,0.812793031,0.0,0.0,0.0,1.155698979305514,0.0,0.0,0.0,0.0,0.21668675883539654,0.0,141.09103422025223,0.0,0.0,0.9114127355233921,0.0,1.05e-08
1515.0,0.9089326684810276,0.0,0.808275375,0.0,0.0,0.0,1.1256194273164242,0.0,0.0,0.0,0.0,0.21668675883539654,0.0,141.19720912259967,0.0,0.0,0.9300028931833035,0.0,1.05e-08
1516.0,0.8710735897334582,0.0,0.799043067,0.0,0.0,0.0,1.0877603485688547,0.0,0.0,0.0,0.0,0.21668675883539654,0.0,141.303384023736,0.0,0.0,0.9443821790514619,0.0,1.05e-08
1517.0,0.8407691959305394,0.0,0.786687716,0.0,0.0,0.0,1.0574559547659361,0.0,0.0,0.0,0.0,0.21668675883539654,0.0,141.40955892366108,0.0,0.0,0.9432641937014727,0.0,1.05e-08
1518.0,0.8167860691221244,0.0,0.78283383,0.0,0.0,0.0,1.033472827957521,0.0,0.0,0.0,0.0,0.21668675883539654,0.0,141.51573382237504,0.0,0.0,0.9574460395018387,0.0,1.05e-08
1519.0,0.8035717945208093,0.0,0.782577452,0.0,0.0,0.0,1.0202585533562059,0.0,0.0,0.0,0.0,0.21668675883539654,0.0,141.6219087198778,0.0,0.0,0.9700082883758017,0.0,1.05e-08
1520.0,0.8026510137594147,0.0,0.786273369,0.0,0.0,0.0,1.0193377725948112,0.0,0.0,0.0,0.0,0.21668675883539654,0.0,141.72808361616939,0.0,0.0,0.9803286001818166,0.0,1.05e-08
1521.0,0.8135590537560279,0.0,0.780384636,0.0,0.0,0.0,1.0302458125914244,0.0,0.0,0.0,0.0,0.21668675883539654,0.0,141.83425851124977,0.0,0.0,0.954444215032707,0.0,1.05e-08
1522.0,0.8515551789425025,0.0,0.776548898,0.0,0.0,0.0,1.068241937777899,0.0,0.0,0.0,0.0,0.21668675883539654,0.0,141.940433405119,0.0,0.0,0.9066929631997118,0.0,1.05e-08
1523.0,0.9189177863656383,0.0,0.764546228,0.0,0.0,0.0,1.1356045452010348,0.0,0.0,0.0,0.0,0.21668675883539654,0.0,142.04660829777703,0.0,0.0,0.8088049220930467,0.0,1.05e-08
1524.0,0.9732095896781878,0.0,0.743336216,0.0,0.0,0.0,1.1898963485135845,0.0,0.0,0.0,0.0,0.21668675883539654,0.0,142.1527831892239,0.0,0.0,0.7005713862549117,0.0,1.05e-08
1525.0,0.9920234961191463,0.022662401,0.705958277,0.0,0.0,0.023983541672273873,1.184726713282269,0.0,0.0,0.0,0.0,0.21668675883539654,0.0,142.2589580794596,0.0,0.0,0.6106806892291949,0.0,1.05e-08
1526.0,0.9947986865069772,0.345560987,0.704006787,0.0,0.0,0.36570601376379275,0.8457794315785809,0.0,0.0,0.0,0.0,0.21668675883539654,0.0,142.3651329684841,0.0,0.0,0.9446649020007978,0.0,1.05e-08
1527.0,0.9915523989854096,0.754460793,0.752156525,0.0,0.0,0.7984432836137837,0.40979587420702246,0.0,0.0,0.0,0.0,0.21668675883539654,0.0,142.47130785629741,0.0,-1.1102230246251565e-16,1.503103849231306,0.0,1.05e-08
1528.0,0.9790576181883469,0.802422865,0.746716868,0.0,0.0,0.849201380803071,0.34654299622067253,0.0,0.0,0.0,0.0,0.21668675883539654,0.0,142.57748274289958,0.0,-1.1102230246251565e-16,1.5525224812528293,0.0,1.05e-08
1529.0,0.9679204536766892,0.802128271,0.720801264,0.0,0.0,0.8488896129777904,0.33571759953429536,0.0,0.0,0.0,0.0,0.21668675883539654,0.0,142.68365762829052,0.0,0.0,1.4974387884390692,0.0,1.05e-08
1530.0,0.9581858738132022,0.782728018,0.695298627,0.0,0.0,0.828358391406071,0.34651424124252767,0.0,0.0,0.0,0.0,0.21668675883539654,0.0,142.78983251247033,0.0,0.0,1.421783323277503,0.0,1.05e-08
1531.0,0.9494727181896806,0.771272595,0.677571289,0.0,0.0,0.8162351563219321,0.34992432070314494,0.0,0.0,0.0,0.0,0.21668675883539654,0.0,142.89600739543891,0.0,0.0,1.3732887184150782,0.0,1.05e-08
1532.0,0.9455155022662921,0.774929155,0.660933324,0.0,0.0,0.8201048812966676,0.3420973798050211,0.0,0.0,0.0,0.0,0.21668675883539654,0.0,143.00218227719634,0.0,0.0,1.3388016494107067,0.0,1.05e-08
1533.0,0.9471921797922733,0.774525083,0.646145831,0.0,0.0,0.8196772532774388,0.3442016853502311,0.0,0.0,0.0,0.0,0.21668675883539654,0.0,143.1083571577426,0.0,0.0,1.299089491869469,0.0,1.05e-08
1534.0,0.9603315071223121,0.730268087,0.641944515,0.0,0.0,0.7728402253801893,0.40417804057751955,0.0,0.0,0.0,0.0,0.21668675883539654,0.0,143.21453203707765,0.0,-1.1102230246251565e-16,1.2284282646144113,0.0,1.05e-08
1535.0,0.9882932633601946,0.547520824,0.65385569,0.0,0.0,0.5794394203351062,0.625540601860485,0.0,0.0,0.0,0.0,0.21668675883539654,0.0,143.32070691520153,0.0,0.0,1.0373584450760254,0.0,1.05e-08
1536.0,1.0120986580681544,0.200564055,0.681253387,0.0,0.0,0.21225625524200767,1.0165291616615433,0.0,0.0,0.0,0.0,0.21668675883539654,0.0,143.42688179211424,0.0,-2.7755575615628914e-17,0.7160482637403367,0.0,1.05e-08
1537.0,1.0172978573441216,0.001141761,0.67296727,0.0,0.0,0.0012083217715226683,1.2327762944079954,0.0,0.0,0.0,0.0,0.21668675883539654,0.0,143.53305666781577,0.0,2.168404344971009e-19,0.47872771024854477,0.0,1.05e-08
1538.0,0.9969764400752056,0.0,0.645499525,0.0,0.0,0.0,1.2136631989106021,0.0,0.0,0.0,0.0,0.21668675883539654,0.0,143.63923154230613,0.0,0.0,0.4279842797868305,0.0,1.05e-08
1539.0,0.953714733743919,0.0,0.621236493,0.0,0.0,0.0,1.1704014925793156,0.0,0.0,0.0,0.0,0.21668675883539654,0.0,143.7454064155853,0.0,0.0,0.40953975123226605,0.0,1.05e-08
1540.0,0.907043997244865,0.0,0.603100649,0.0,0.0,0.0,1.1237307560802614,0.0,0.0,0.0,0.0,0.21668675883539654,0.0,143.8515812876533,0.0,0.0,0.41008704158835085,0.0,1.05e-08
1541.0,0.8668936733468486,0.0,0.58744693,0.0,0.0,0.0,1.0835804321822453,0.0,0.0,0.0,0.0,0.21668675883539654,0.0,143.95775615851008,0.0,0.0,0.4104265099654616,0.0,1.05e-08
1542.0,0.8388826660449846,0.0,0.578973055,0.0,0.0,0.0,1.0555694248803813,0.0,0.0,0.0,0.0,0.21668675883539654,0.0,144.06393102815576,0.0,0.0,0.4168865865698206,0.0,1.05e-08
1543.0,0.8222807747819809,0.0,0.572457894,0.0,0.0,0.0,1.0389675336173776,0.0,0.0,0.0,0.0,0.21668675883539654,0.0,144.1701058965902,0.0,0.0,0.41691898829066276,0.0,1.05e-08
1544.0,0.8149980413645327,0.0,0.57305888,0.0,0.0,0.0,1.0316848001999293,0.0,0.0,0.0,0.0,0.21668675883539654,0.0,144.27628076381347,0.0,0.0,0.42573016148757103,0.0,1.05e-08
1545.0,0.8202100887441472,0.0,0.57477636,0.0,0.0,0.0,1.036896847579544,0.0,0.0,0.0,0.0,0.21668675883539654,0.0,144.38245562982556,0.0,0.0,0.4248860440637736,0.0,1.05e-08
1546.0,0.8532554113251706,0.0,0.578892397,0.0,0.0,0.0,1.0699421701605671,0.0,0.0,0.0,0.0,0.21668675883539654,0.0,144.48863049462648,0.0,0.0,0.4023087102287921,0.0,1.05e-08
1547.0,0.916656520123702,0.0,0.584884057,0.0,0.0,0.0,1.1333432789590987,0.0,0.0,0.0,0.0,0.21668675883539654,0.0,144.5948053582162,0.0,0.0,0.35414571261587646,0.0,1.05e-08
1548.0,0.9705243360158885,0.0,0.582710928,0.0,0.0,0.0,1.187211094851285,0.0,0.0,0.0,0.0,0.21668675883539654,0.0,144.70098022059477,0.0,0.0,0.29475115099334404,0.0,1.05e-08
1549.0,0.9884581473570024,0.023631694,0.520635381,0.0,0.0,0.02500934114771972,1.1801355650446792,0.0,0.0,0.0,0.0,0.21668675883539654,0.0,144.80715508176215,0.0,0.0,0.14395489116336702,0.0,1.05e-08
1550.0,0.9891476622527444,0.339154267,0.453882451,0.0,0.0,0.35892580384240846,0.8469086172457325,0.0,0.0,0.0,0.0,0.21668675883539654,0.0,144.91332994171833,0.0,-5.551115123125783e-17,0.3074144340518823,0.0,1.05e-08
1551.0,0.9817771334603725,0.675973838,0.519697947,0.0,0.0,0.7153808068721363,0.48308308542363276,0.0,0.0,0.0,0.0,0.21668675883539654,0.0,145.01950480046338,0.0,0.0,0.83862326963028,0.0,1.05e-08
1552.0,0.9668048100099763,0.76587535,0.52648123,0.0,0.0,0.8105232703495246,0.3729682984958482,0.0,0.0,0.0,0.0,0.21668675883539654,0.0,145.1256796579972,0.0,0.0,0.9659894394064734,0.0,1.05e-08
1553.0,0.9534020965551665,0.788277966,0.514380811,0.0,0.0,0.8342318824424777,0.33585697294808536,0.0,0.0,0.0,0.0,0.21668675883539654,0.0,145.23185451431988,0.0,0.0,0.9723267340321649,0.0,1.05e-08
1554.0,0.9447574641510976,0.776206782,0.508822496,0.0,0.0,0.8214569895925239,0.3399872333939703,0.0,0.0,0.0,0.0,0.21668675883539654,0.0,145.33802936943135,0.0,0.0,0.9540604541902064,0.0,1.05e-08
1555.0,0.939729572923762,0.766033572,0.511620862,0.0,0.0,0.8106907161523976,0.3457256156067611,0.0,0.0,0.0,0.0,0.21668675883539654,0.0,145.44420422333167,0.0,-1.1102230246251565e-16,0.9554389331220812,0.0,1.05e-08
1556.0,0.9380207751386624,0.771142881,0.519272526,0.0,0.0,0.8160978804382127,0.3386096535358463,0.0,0.0,0.0,0.0,0.21668675883539654,0.0,145.5503790760208,0.0,0.0,0.9820147622059732,0.0,1.05e-08
1557.0,0.942160005863722,0.773521609,0.520746815,0.0,0.0,0.8186152801662913,0.34023148453282726,0.0,0.0,0.0,0.0,0.21668675883539654,0.0,145.65655392749875,0.0,-1.1102230246251565e-16,0.9841423728832078,0.0,1.05e-08
1558.0,0.9550402297702055,0.739524788,0.511768292,0.0,0.0,0.7826365604720128,0.38909042813358935,0.0,0.0,0.0,0.0,0.21668675883539654,0.0,145.7627287777655,0.0,0.0,0.9124490675602168,0.0,1.05e-08
1559.0,0.9801754032056677,0.564472956,0.512869936,0.0,0.0,0.5973798038035607,0.5994823582375034,0.0,0.0,0.0,0.0,0.21668675883539654,0.0,145.8689036268211,0.0,0.0,0.7048588608115945,0.0,1.05e-08
1560.0,1.0024368841253357,0.203206837,0.56084948,0.0,0.0,0.21505310241754458,1.0040705405431876,0.0,0.0,0.0,0.0,0.21668675883539654,0.0,145.9750784746655,0.0,0.0,0.422293227533584,0.0,1.05e-08
1561.0,1.0107346177309258,0.001587021,0.582404685,0.0,0.0,0.0016795389106508954,1.2257418376556715,0.0,0.0,0.0,0.0,0.21668675883539654,0.0,146.08125332129873,0.0,-2.168404344971009e-19,0.25544156478265334,0.0,1.05e-08
1562.0,0.9958415242530216,0.0,0.574460838,0.0,0.0,0.0,1.2125282830884183,0.0,0.0,0.0,0.0,0.21668675883539654,0.0,146.1874281667208,0.0,0.0,0.24845216660767466,0.0,1.05e-08
1563.0,0.9584321291331099,0.0,0.548339823,0.0,0.0,0.0,1.2807045953673837,0.0,0.10558570739887732,0.0,0.0,0.21668675883539654,0.0,146.29360301093166,0.0,0.0,0.11384435940891358,0.0,1.05e-08
1564.0,0.9131596945810108,0.0,0.517946342,0.0,0.0,0.0,1.3172516377062526,0.0,0.18740518428984532,0.0,0.0950271366589896,0.21668675883539654,0.0,146.39977785393134,0.0,0.0,0.0,0.0,1.050001191887853e-08
1565.0,0.8740586324808627,0.0,0.487311745,0.0,0.0,0.0,1.2393411095366744,0.0,0.14859571822041506,0.0,0.26369169465169673,0.21668675883539654,0.0,146.50595269571988,0.0,0.0,0.0,0.0,1.0500023837770588e-08
1566.0,0.8435443863183704,0.0,0.460795511,0.0,0.0,0.0,1.1719044856434946,0.0,0.11167334048972763,0.0,0.397427541725717,0.21668675883539654,0.0,146.61212753629718,0.0,0.0,0.0,0.0,1.0500035756676175e-08
1567.0,0.826933929652935,0.0,0.442267584,0.0,0.0,0.0,1.1247838860659192,0.0,0.0811631975775877,0.0,0.4979330970345464,0.21668675883539654,0.0,146.71830237566334,0.0,0.0,0.0,0.0,1.0500047675595293e-08
1568.0,0.8227347411108545,0.0,0.436521494,0.0,0.0,0.0,1.1101703134829364,0.0,0.07074881353668523,0.0,0.5709794096355788,0.21668675883539654,0.0,146.82447721381834,0.0,0.0,0.0,0.0,1.050005959452794e-08
1569.0,0.8315571056153785,0.0,0.427468814,0.0,0.0,0.0,1.0871473541748644,0.0,0.0389034897240893,0.0,0.6346526936827384,0.21668675883539654,0.0,146.93065205076212,0.0,0.0,0.0,0.0,1.0500071513474118e-08
1570.0,0.8616602124611553,0.0,0.415197351,0.0,0.0,0.0,1.0559383206842838,0.0,0.0,0.022408650612267933,0.6696651140211066,0.21668675883539654,0.0,147.03682688649474,0.0,0.0,0.0,0.0,1.1666759369370917e-08
1571.0,0.9253140006314182,0.0,0.403028103,0.0,0.0,0.0,1.0249892424539881,0.0,0.0,0.11701151701282658,0.6472557032518776,0.21668675883539654,0.0,147.1430017210162,0.0,0.0,0.0,0.0,1.1666772612674513e-08
1572.0,0.9833488848065669,0.0,0.38797489,0.0,0.0,0.0,0.9867056059668111,0.0,0.0,0.2133300376751523,0.5302434515196848,0.21668675883539654,0.0,147.24917655432648,0.0,0.0,1.1102230246251565e-16,0.0,1.1666785855993142e-08
1573.0,1.012893099143683,0.02831103,0.337247158,0.0,0.0,0.029961466474359707,0.8576938095013698,0.0,0.0,0.2932786472456189,0.31691281194928334,0.1680408240776653,0.0,147.35535138642553,0.0,-3.469446951953614e-18,0.0,0.0,0.019953800748721696
1574.0,1.0195612649366657,0.361547386,0.32635391,0.0,0.0,0.3826243652926576,0.8299898803404214,0.0,0.0,0.02363377813898317,0.023633804966424202,0.21668675883539654,0.0,147.43768970928215,0.0,0.0,0.0,0.0,1.1666812342675498e-08
1575.0,1.0177261274657003,0.637831228,0.312809714,0.0,0.0,0.6750146128212814,0.5772207698451818,0.0,0.01782249636536626,0.0,0.0,0.21668675883539654,0.0,147.5438645392308,0.0,0.0,0.21832323663594622,0.0,1.05e-08
1576.0,1.007391969432003,0.676931896,0.309156501,0.0,0.0,0.7163947163854071,0.7862530811150795,0.0,0.27856906923308694,0.0,0.016040246728829637,0.21668675883539654,0.0,147.65003936796825,0.0,0.0,0.0,0.0,1.050001191887853e-08
1577.0,0.9934924626361618,0.671045186,0.312618663,0.0,0.0,0.7101648312731635,0.7932930374440137,0.0,0.2932786472456189,0.0,0.26675239083084257,0.21668675883539654,0.0,147.75621419549452,0.0,0.0,0.001765084260587746,0.0,1.05e-08
1578.0,0.9793980929350021,0.659612313,0.324853083,0.0,0.0,0.6980654607771021,0.7912980382389154,0.0,0.2932786472456189,0.0,0.5307028705532583,0.21668675883539654,0.0,147.86238902180966,0.0,0.0,0.03487490844766472,0.0,1.05e-08
1579.0,0.9669975315646868,0.651580876,0.336927942,0.0,0.0,0.6895658183968556,0.7873971192488467,0.0,0.2932786472456189,0.0,0.7946530506575658,0.21668675883539654,0.0,147.96856384691355,0.0,-1.1102230246251565e-16,0.0694848536496071,0.0,1.05e-08
1580.0,0.9585391966635047,0.642566323,0.344117251,0.0,0.0,0.6800257477074161,0.788478855037104,0.0,0.2932786472456189,0.0,1.0586029311441054,0.21668675883539654,0.0,148.0747386708063,0.0,1.1102230246251565e-16,0.08668711426464193,0.0,1.05e-08
1581.0,0.9578261269110759,0.616281979,0.339325399,0.0,0.0,0.6522091161134213,0.8155824168786702,0.0,0.2932786472456189,0.0,1.3225525120132173,0.21668675883539654,0.0,148.18091349348788,0.0,0.0,0.04739681726770717,0.0,1.05e-08
1582.0,0.9724065832002275,0.548931411,0.31581269,0.0,0.0,0.5809322397454091,0.8031812359260123,0.0,0.19502013363579726,0.0,1.5865017932652412,0.21668675883539654,0.0,148.28708831495828,0.0,-1.1102230246251565e-16,0.0,0.0,1.0500083432433824e-08
1583.0,0.9981648896625869,0.382578266,0.296545262,0.0,0.0,0.404881273856079,0.7541799224127539,0.0,0.0,0.034019030583543435,1.7620181126516783,0.1949153371897895,0.0,148.39326313521747,0.0,0.0,1.1102230246251565e-16,0.0,0.01995380302493171
1584.0,1.0241202003808725,0.128233706,0.327543389,0.0,0.0,0.13570929362873407,0.8330149874484608,0.0,0.0,0.055395919303677564,1.7279970819485146,0.0,0.0,148.48876995765914,0.0,0.0,0.0,0.0,0.01995382567511785
1585.0,1.034409390051804,0.001307369,0.361103879,0.0,0.0,0.0013835841530003385,0.9183667060145595,0.0,0.0,0.11465909988424423,1.6725992011435096,0.0,0.0,148.4887682637884,0.0,0.0,0.0,0.0,0.0199538483253297
1586.0,1.0221415924191781,0.0,0.379283448,0.0,0.0,0.0,0.9646013544640002,0.0,0.0,0.057540237955177806,1.5579382026417339,0.0,0.0,148.4887665699176,0.0,0.0,1.1102230246251565e-16,0.0,0.01995387097556726
1587.0,0.9845844441073218,0.0,0.371995426,0.0,0.0,0.0,0.9460663091578223,0.0,0.0,0.03851813494949956,1.5003961962241643,0.0,0.0,148.48876487604682,0.0,0.0,0.0,0.0,0.019953893625830527
1588.0,0.9442820843161451,0.0,0.353504352,0.0,0.0,0.0,0.8990394348769966,0.0,0.0,0.04524264943914852,1.4618763581299303,0.0,0.0,148.4887631821761,0.0,0.0,1.1102230246251565e-16,0.0,0.019953916276119515
1589.0,0.9055900201821048,0.0,0.340440457,0.0,0.0,0.0,0.8658150722584214,0.0,0.0,0.03977494792368336,1.4166320492710716,0.0,0.0,148.48876148830539,0.0,0.0,1.1102230246251565e-16,0.0,0.019953938926434205
1590.0,0.8778616711604827,0.0,0.334269588,0.0,0.0,0.0,0.8501211931107611,0.0,0.0,0.027740478049721656,1.37685549328585,0.0,0.0,148.48875979443466,0.0,0.0,1.1102230246251565e-16,0.0,0.019953961576774613
1591.0,0.8649514683454886,0.0,0.32870648,0.0,0.0,0.0,0.8359729840599156,0.0,0.0,0.028978484285573043,1.3491134523261523,0.0,0.0,148.48875810056396,0.0,0.0,0.0,0.0,0.019953984227140727
1592.0,0.8627330291157103,0.0,0.321906001,0.0,0.0,0.0,0.8186778679956785,0.0,0.0,0.04405516112003165,1.3201334366214263,0.0,0.0,148.4887564066933,0.0,0.0,0.0,0.0,0.01995400687753255
1593.0,0.8720479042600501,0.0,0.309510687,0.0,0.0,0.0,0.7871538541309697,0.0,0.0,0.08489405012908034,1.2760767769783266,0.0,0.0,148.4887547128227,0.0,0.0,0.0,0.0,0.01995402952795009
1594.0,0.9023180364532425,0.0,0.295285445,0.0,0.0,0.0,0.7509759302770972,0.0,0.0,0.1513421061761452,1.1911812783362143,0.0,0.0,148.48875301895205,0.0,0.0,1.1102230246251565e-16,0.0,0.01995405217839334
1595.0,0.9691774264835231,0.0,0.284840719,0.0,0.0,0.0,0.7244126913597867,0.0,0.0,0.24476473512373637,1.0398378200144647,0.0,0.0,148.48875132508144,0.0,0.0,0.0,0.0,0.0199540748288623
1596.0,1.0217154636482073,0.0,0.277378874,0.0,0.0,0.0,0.7054355758759587,0.0,0.0,0.2932786472456189,0.7950719045396237,0.0,0.02300124052662961,148.48874963121088,0.0,0.0,1.1102230246251565e-16,0.0,0.040722053028581874
1597.0,1.0353087573071196,0.016008606,0.261685473,0.0,0.0,0.016941853121212252,0.6655238002881491,0.0,0.0,0.2932786472456189,0.5017923547840338,0.0,0.05956445665213942,148.46574669681365,0.0,-3.469446951953614e-18,0.0,0.0,0.04072205349311463
1598.0,1.0298675854124606,0.284324028,0.204644301,0.0,0.0,0.3008991489457258,0.5204555352173938,0.0,0.0,0.208512901249341,0.20851313793885926,0.0,0.0,148.40618054655337,0.0,-5.551115123125783e-17,0.0,0.0,0.01995414278042345
1599.0,1.0162935639090191,0.629398865,0.19559505,0.0,0.0,0.6660906718228743,0.4974412966116408,0.0,0.0,0.0,0.0,0.14723840452549594,0.0,148.40617885362468,0.0,0.0,0.0,0.0,0.019953806666868273
1600.0,1.0003726221393259,0.697636414,0.216770923,0.0,0.0,0.7383062371575151,0.4787531438172073,0.0,0.0,0.0,0.0,0.21668675883539654,0.0,148.47832397891352,0.0,1.1102230246251565e-16,0.0725430623230921,0.0,1.05e-08
1601.0,0.9847964378175034,0.709400595,0.233748251,0.0,0.0,0.7507562297798183,0.4507269668730818,0.0,0.0,0.0,0.0,0.21668675883539654,0.0,148.58449879699126,0.0,-1.1102230246251565e-16,0.1437463240314849,0.0,1.05e-08
1602.0,0.9736207289949035,0.701407688,0.248850977,0.0,0.0,0.742297363567138,0.48671869202703727,0.0,0.038708567763875275,0.0,0.0,0.21668675883539654,0.0,148.69067361385777,0.0,-1.1102230246251565e-16,0.14616415783012232,0.0,1.05e-08
1603.0,0.9639054212868875,0.692637237,0.262388557,0.0,0.0,0.7330156251916174,0.6673118977711217,0.0,0.21973534284045518,0.0,0.034837710987487745,0.21668675883539654,0.0,148.79684842951312,0.0,0.0,1.1102230246251565e-16,0.0,1.050001191887853e-08
1604.0,0.9556076876812976,0.695646699,0.26938876,0.0,0.0,0.7362005285603348,0.6851149559613197,0.0,0.2490210380049604,0.0,0.23259947999856653,0.21668675883539654,0.0,148.9030232439573,0.0,0.0,1.1102230246251565e-16,0.0,1.0500023837770588e-08
1605.0,0.9584942283007389,0.687174831,0.268738097,0.0,0.0,0.7272347795551873,0.683460176628319,0.0,0.235513969047371,0.0,0.4567181501723831,0.21668675883539654,0.0,149.00919805719028,0.0,0.0,1.1102230246251565e-16,0.0,1.0500035756676175e-08
1606.0,0.9720189987401987,0.643021187,0.261258367,0.0,0.0,0.6805071287269832,0.6644375756498946,0.0,0.15623894680128247,0.0,0.6686802038805432,0.21668675883539654,0.0,149.11537286921208,0.0,0.0,0.0,0.0,1.0500047675595293e-08
1607.0,1.0022120423115068,0.480813214,0.300815527,0.0,0.0,0.5088429842252344,0.7650401469351809,0.0,0.05498433001351195,0.0,0.8092944969627377,0.21668675883539654,0.0,149.22154768002275,0.0,-1.1102230246251565e-16,1.1102230246251565e-16,0.0,1.050005959452794e-08
1608.0,1.0347691369539302,0.167763869,0.384972833,0.0,0.0,0.17754393028626558,0.9790707137413583,0.0,0.0,0.0948412517617029,0.8587794753204361,0.21668675883539654,0.0,149.32772248962218,0.0,0.0,1.1102230246251565e-16,0.0,1.1666746126082354e-08
1609.0,1.046272472419538,0.0019193,0.438688815,0.0,0.0,0.0020311886428801278,1.1156822881899324,0.0,0.0,0.145245754422122,0.7639372487323873,0.21668675883539654,0.0,149.43389729801046,0.0,0.0,0.0,0.0,1.1666759369370917e-08
1610.0,1.0349854133653276,0.0,0.466031855,0.0,0.0,0.0,1.1852216618647977,0.0,0.0,0.06645051033592644,0.6186906271421762,0.21668675883539654,0.0,149.5400721051876,0.0,0.0,0.0,0.0,1.1666772612674513e-08
1611.0,0.9977751638519501,0.0,0.47096808,0.0,0.0,0.0,1.1977755693607532,0.0,0.0,0.016686353326593423,0.5522394145119581,0.21668675883539654,0.0,149.6462469111535,0.0,0.0,0.0,0.0,1.1666785855993142e-08
1612.0,0.9529716850829798,0.0,0.472676813,0.0,0.0,0.0,1.2021212537688355,0.0,0.0324628098504591,0.0,0.5355524343218382,0.21668675883539654,0.0,149.75242171590824,0.0,0.0,0.0,0.0,1.0500119189394123e-08
1613.0,0.9194959510297698,0.0,0.470651537,0.0,0.0,0.0,1.196970530785629,0.0,0.060787820920462705,0.0,0.5647683552656165,0.21668675883539654,0.0,149.85859651945182,0.0,0.0,0.0,0.0,1.0500131108407949e-08
1614.0,0.8964742906442992,0.0,0.466421831,0.0,0.0,0.0,1.1862134567342866,0.0,0.0730524072545908,0.0,0.6194767530085299,0.21668675883539654,0.0,149.96477132178418,0.0,0.0,0.0,0.0,1.0500143027435302e-08
1615.0,0.8840223368593944,0.0,0.46229692,0.0,0.0,0.0,1.1757228994515352,0.0,0.07501380375674419,0.0,0.685223216351015,0.21668675883539654,0.0,150.0709461229054,0.0,0.0,0.0,0.0,1.0500154946476186e-08
1616.0,0.8811593510966399,0.0,0.460847057,0.0,0.0,0.0,1.172035578475727,0.0,0.07418946854369057,0.0,0.7527348619146551,0.21668675883539654,0.0,150.17712092281545,0.0,0.0,0.0,0.0,1.0500166865530601e-08
1617.0,0.8894420952479746,0.0,0.454600867,0.0,0.0,0.0,1.156150141433825,0.0,0.050021287350453934,0.0,0.8195045291520529,0.21668675883539654,0.0,150.2832957215143,0.0,0.0,0.0,0.0,1.0500178784598546e-08
1618.0,0.9237315425321845,0.0,0.441835097,0.0,0.0,0.0,1.1236839763593716,0.0,0.0,0.01673432500820943,0.8645227575232852,0.21668675883539654,0.0,150.38947051900197,0.0,0.0,0.0,0.0,1.1666878559644462e-08
1619.0,0.9891712171094312,0.0,0.427511957,0.0,0.0,0.0,1.0872570763271363,0.0,0.0,0.11860089961769155,0.847787451169358,0.21668675883539654,0.0,150.49564531527847,0.0,0.0,0.0,0.0,1.1666891803083355e-08
1620.0,1.0349875547159355,0.0,0.409547353,0.0,0.0,0.0,1.0415691312238493,0.0,0.0,0.2101051823274828,0.7291855892026972,0.21668675883539654,0.0,150.6018201103438,0.0,0.0,0.0,0.0,1.1666905046537283e-08
1621.0,1.0433088431782125,0.031107353,0.356770598,0.0,0.0,0.032920805566437276,0.9073462179233599,0.0,0.0,0.2932786472456189,0.5190795791547764,0.19023682755720353,0.0,150.7079949041979,0.0,0.0,0.0,0.0,0.019953811674532133
1622.0,1.0289318151968108,0.309266895,0.272301379,0.0,0.0,0.32729610000666953,0.6925223876519259,0.0,0.0,0.22580008637361187,0.22580034268635485,0.21668675883539654,0.0,150.80120923051456,0.0,5.551115123125783e-17,1.1102230246251565e-16,0.0,1.1666931533490231e-08
1623.0,1.008383414763458,0.566989589,0.269730951,0.0,0.0,0.6000431479227173,0.6250270256761373,0.0,0.0,0.0,0.0,0.21668675883539654,0.0,150.9073840220942,0.0,0.0,0.06095819737388852,0.0,1.05e-08
1624.0,0.9866015963799581,0.661844795,0.308697983,0.0,0.0,0.7004280888622553,0.5028602663530994,0.0,0.0,0.0,0.0,0.21668675883539654,0.0,151.01355881246263,0.0,-1.1102230246251565e-16,0.2822267024884856,0.0,1.05e-08
1625.0,0.9617769187826407,0.680522979,0.317813385,0.0,0.0,0.7201951472743978,0.4582685303436395,0.0,0.0,0.0,0.0,0.21668675883539654,0.0,151.1197336016199,0.0,0.0,0.3500009136680296,0.0,1.05e-08
1626.0,0.9453120739585422,0.672136565,0.316668133,0.0,0.0,0.7113198339459493,0.4506789988479894,0.0,0.0,0.0,0.0,0.21668675883539654,0.0,151.225908389566,0.0,0.0,0.3546778170586889,0.0,1.05e-08
1627.0,0.9316652465344325,0.662438584,0.314168547,0.0,0.0,0.701056493735421,0.44729551163440806,0.0,0.0,0.0,0.0,0.21668675883539654,0.0,151.3320831763009,0.0,-1.1102230246251565e-16,0.3517043064810056,0.0,1.05e-08
1628.0,0.9243268380011791,0.66242909,0.311183584,0.0,0.0,0.7010464462676069,0.4399671505689686,0.0,0.0,0.0,0.0,0.21668675883539654,0.0,151.43825796182463,0.0,0.0,0.3514412491283523,0.0,1.05e-08
1629.0,0.920806457601801,0.650924076,0.302670468,0.0,0.0,0.688870729197333,0.44862248723986464,0.0,0.0,0.0,0.0,0.21668675883539654,0.0,151.54443274613718,0.0,-1.1102230246251565e-16,0.321135183253188,0.0,1.05e-08
1630.0,0.927648072794023,0.579176845,0.297987936,0.0,0.0,0.6129408793743261,0.5313939522550934,0.0,0.0,0.0,0.0,0.21668675883539654,0.0,151.65060752923856,0.0,0.0,0.2264550079229205,0.0,1.05e-08
1631.0,0.9514170645416485,0.400617234,0.361602822,0.0,0.0,0.4239718521559165,0.7441319712211286,0.0,0.0,0.0,0.0,0.21668675883539654,0.0,151.75678231112877,0.0,0.0,0.17550365674649304,0.0,1.05e-08
1632.0,0.9725736085476433,0.118618522,0.464097167,0.0,0.0,0.12553357720086833,1.0637267901821714,0.0,0.0,0.0,0.0,0.21668675883539654,0.0,151.86295709180777,0.0,0.0,0.11657453393758122,0.0,1.05e-08
1633.0,0.9789484093073443,0.001672561,0.507621691,0.0,0.0,0.0017700656008566816,1.193865102541884,0.0,0.0,0.0,0.0,0.21668675883539654,0.0,151.96913187127564,0.0,0.0,0.0971286734214325,0.0,1.05e-08
1634.0,0.9705800111316938,0.0,0.50819991,0.0,0.0,0.0,1.1872667699670902,0.0,0.0,0.0,0.0,0.21668675883539654,0.0,152.0753066495323,0.0,0.0,0.10519754427971284,0.0,1.05e-08
1635.0,0.9425989827383403,0.0,0.500570279,0.0,0.0,0.0,1.1592857415737368,0.0,0.0,0.0,0.0,0.21668675883539654,0.0,152.1814814265778,0.0,0.0,0.11377474043238145,0.0,1.05e-08
1636.0,0.9060525519134099,0.0,0.490734273,0.0,0.0,0.0,1.1451338579506274,0.0,0.02239454720182091,0.0,0.0,0.21668675883539654,0.0,152.28765620241208,0.0,0.0,0.10291149418323764,0.0,1.05e-08
1637.0,0.8702213321915163,0.0,0.484726129,0.0,0.0,0.0,1.232765318505256,0.0,0.14585722747834312,0.0,0.020155092481638822,0.21668675883539654,0.0,152.3938309770352,0.0,0.0,0.0,0.0,1.050001191887853e-08
1638.0,0.8442981417323491,0.0,0.47662776,0.0,0.0,0.0,1.2121693822798787,0.0,0.15118448171213292,0.0,0.1514265743334975,0.21668675883539654,0.0,152.5000057504472,0.0,0.0,0.0,0.0,1.0500023837770588e-08
1639.0,0.8280602800726874,0.0,0.460277346,0.0,0.0,0.0,1.1705866779103296,0.0,0.1258396390022457,0.0,0.2874924359855698,0.21668675883539654,0.0,152.60618052264797,0.0,0.0,2.220446049250313e-16,0.0,1.0500035756676175e-08
1640.0,0.8208310804204365,0.0,0.44370951,0.0,0.0,0.0,1.1284510215024144,0.0,0.0909331822465812,0.0,0.40074778474630207,0.21668675883539654,0.0,152.71235529363756,0.0,0.0,0.0,0.0,1.0500047675595293e-08
1641.0,0.8191158585835133,0.0,0.430674238,0.0,0.0,0.0,1.0952994534777356,0.0,0.05949683605882584,0.0,0.4825871938673923,0.21668675883539654,0.0,152.81853006341598,0.0,0.0,2.220446049250313e-16,0.0,1.050005959452794e-08
1642.0,0.828754077669645,0.0,0.416955195,0.0,0.0,0.0,1.0604089051832322,0.0,0.014968068678190517,0.0,0.5361337985211342,0.21668675883539654,0.0,152.9247048319832,0.0,0.0,0.0,0.0,1.0500071513474118e-08
1643.0,0.8512746620128684,0.0,0.412495388,0.0,0.0,0.0,1.0490666336036718,0.0,0.0,0.01889478724459311,0.5496044517499469,0.21668675883539654,0.0,153.03087959933927,0.0,0.0,0.0,0.0,1.1666759369370917e-08
1644.0,0.8769237595942251,0.0,0.399234674,0.0,0.0,0.0,1.015341716914031,0.0,0.0,0.07826880151559067,0.5307090406328525,0.21668675883539654,0.0,153.13705436548415,0.0,0.0,0.0,0.0,1.1666772612674513e-08
1645.0,0.8972430355125331,0.027569241,0.333218122,0.0,0.0,0.029176433706051778,0.8474470834623674,0.0,0.0,0.23730627717951058,0.4524396366935085,0.21668675883539654,0.0,153.2432291304179,0.0,0.0,0.0,0.0,1.1666785855993142e-08
1646.0,0.90997764757768,0.285847079,0.239468371,0.0,0.0,0.30251098862359127,0.6090208160570395,0.0,0.0,0.21513260173244572,0.2151328459361931,0.21668675883539654,0.0,153.3494038941404,0.0,-5.551115123125783e-17,1.1102230246251565e-16,0.0,1.16667990993268e-08
1647.0,0.9126736079930188,0.538411145,0.270990564,0.0,0.0,0.5697986781243607,0.5595616887040545,0.0,0.0,0.0,0.0,0.21668675883539654,0.0,153.45557865665174,0.0,0.0,0.12962700766469215,0.0,1.05e-08
1648.0,0.9094808542366486,0.613488195,0.309011423,0.0,0.0,0.6492524640363826,0.4769151490356625,0.0,0.0,0.0,0.0,0.21668675883539654,0.0,153.56175341795193,0.0,0.0,0.3089689667685372,0.0,1.05e-08
1649.0,0.8998469178517325,0.604957385,0.310832051,0.0,0.0,0.6402243369136981,0.476309339773431,0.0,0.0,0.0,0.0,0.21668675883539654,0.0,153.6679281780409,0.0,0.0,0.31420503407138606,0.0,1.05e-08
1650.0,0.8918189944227372,0.587338822,0.307409532,0.0,0.0,0.6215786717912742,0.48692708146685937,0.0,0.0,0.0,0.0,0.21668675883539654,0.0,153.77410293691875,0.0,1.1102230246251565e-16,0.29488307266974934,0.0,1.05e-08
1651.0,0.8830929906955683,0.569099412,0.30727448,0.0,0.0,0.6022759664065851,0.4975037831243798,0.0,0.0,0.0,0.0,0.21668675883539654,0.0,153.88027769458537,0.0,0.0,0.283962904027814,0.0,1.05e-08
1652.0,0.8767802891034963,0.541761669,0.310016271,0.0,0.0,0.5733445262442468,0.5201225216946459,0.0,0.0,0.0,0.0,0.21668675883539654,0.0,153.98645245104083,0.0,0.0,0.2683171439152243,0.0,1.05e-08
1653.0,0.8788659645955852,0.481980121,0.318776002,0.0,0.0,0.510077917922779,0.5854748055082027,0.0,0.0,0.0,0.0,0.21668675883539654,0.0,154.09262720628513,0.0,0.0,0.22524278557375466,0.0,1.05e-08
1654.0,0.8876262299324803,0.375344919,0.346465418,0.0,0.0,0.3972262474003863,0.7070867413674906,0.0,0.0,0.0,0.0,0.21668675883539654,0.0,154.1988019603182,0.0,0.0,0.17405113385488413,0.0,1.05e-08
1655.0,0.9086285966947066,0.215240462,0.414947892,0.0,0.0,0.2277882467059197,0.8975271088241835,0.0,0.0,0.0,0.0,0.21668675883539654,0.0,154.30497671314015,0.0,-2.7755575615628914e-17,0.15777678267382267,0.0,1.05e-08
1656.0,0.9260698973960049,0.049020336,0.495148589,0.0,0.0,0.05187805437053502,1.0908786018608665,0.0,0.0,0.0,0.0,0.21668675883539654,0.0,154.4111514647509,0.0,0.0,0.16839332821908415,0.0,1.05e-08
1657.0,0.9305303307122486,0.000802605,0.5163735,0.0,0.0,0.0008493941336522716,1.146367695413993,0.0,0.0,0.0,0.0,0.21668675883539654,0.0,154.51732621515046,0.0,-1.0842021724855044e-19,0.166883858630402,0.0,1.05e-08
1658.0,0.9198535565812881,0.0,0.509273059,0.0,0.0,0.0,1.1365403154166847,0.0,0.0,0.0,0.0,0.21668675883539654,0.0,154.6235009643389,0.0,0.0,0.1586532531237086,0.0,1.05e-08
1659.0,0.8937312205155867,0.0,0.480793384,0.0,0.0,0.0,1.1104179793509834,0.0,0.0,0.0,0.0,0.21668675883539654,0.0,154.7296757123161,0.0,0.0,0.11234550233865304,0.0,1.05e-08
1660.0,0.8611248748091818,0.0,0.458056729,0.0,0.0,0.0,1.0778116336445784,0.0,0.0,0.0,0.0,0.21668675883539654,0.0,154.83585045908214,0.0,0.0,0.08712752609104357,0.0,1.05e-08
1661.0,0.8300217572295184,0.0,0.444119814,0.0,0.0,0.0,1.079545337541658,0.0,0.03283682147674301,0.0,0.0,0.21668675883539654,0.0,154.94202520463696,0.0,0.0,0.04994917741197091,0.0,1.05e-08
1662.0,0.8075354344960215,0.0,0.436976749,0.0,0.0,0.0,1.1113281272286775,0.0,0.08710593389725939,0.0,0.02955313932906871,0.21668675883539654,0.0,155.04819994898065,0.0,0.0,0.0,0.0,1.050001191887853e-08
1663.0,0.791453891430736,0.0,0.432060056,0.0,0.0,0.0,1.0988238939111095,0.0,0.09068324364497699,0.0,0.10794844628994711,0.21668675883539654,0.0,155.15437469211315,0.0,0.0,0.0,0.0,1.0500023837770588e-08
1664.0,0.7895159691305917,0.0,0.428328752,0.0,0.0,0.0,1.089334365930661,0.0,0.08313163796467264,0.0,0.18956324303490654,0.21668675883539654,0.0,155.2605494340345,0.0,0.0,2.220446049250313e-16,0.0,1.0500035756676175e-08
1665.0,0.790805062196544,0.0,0.417080952,0.0,0.0,0.0,1.0607287329352022,0.0,0.05323691190326164,0.0,0.26438150202418786,0.21668675883539654,0.0,155.36672417474463,0.0,0.0,0.0,0.0,1.0500047675595293e-08
1666.0,0.8054968687173062,0.0,0.400279573,0.0,0.0,0.0,1.0179991252348868,0.0,0.0,0.004184502317815954,0.31229442262974894,0.21668675883539654,0.0,155.4728989142436,0.0,0.0,0.0,0.0,1.1666732882808823e-08
1667.0,0.826143771278622,0.0,0.388980826,0.0,0.0,0.0,0.9892639227961395,0.0,0.0,0.0535666073178791,0.30810956581716503,0.21668675883539654,0.0,155.5790736525314,0.0,0.0,1.1102230246251565e-16,0.0,1.1666746126082354e-08
1668.0,0.8447563907624385,0.0,0.375805847,0.0,0.0,0.0,0.9557570490966715,0.0,0.0,0.1056861005011635,0.2545426087548745,0.21668675883539654,0.0,155.68524838960803,0.0,0.0,1.1102230246251565e-16,0.0,1.1666759369370917e-08
1669.0,0.859073460926819,0.020645106,0.355869892,0.0,0.0,0.021848645255174482,0.9050555241634418,0.0,0.0,0.1488560503435993,0.1488562193147595,0.21668675883539654,0.0,155.79142312547347,0.0,-3.469446951953614e-18,0.0,0.0,1.1666772612674513e-08
1670.0,0.8726431997290446,0.197520352,0.367871985,0.0,0.0,0.20903511473979322,0.880294843824648,0.0,0.0,0.0,0.0,0.21668675883539654,0.0,155.89759786012772,0.0,0.0,0.05528464658422538,0.0,1.05e-08
1671.0,0.8751742761475756,0.424797968,0.365870789,0.0,0.0,0.44956224046274995,0.6422987945202222,0.0,0.0,0.0,0.0,0.21668675883539654,0.0,156.0037725935708,0.0,0.0,0.2881912136496372,0.0,1.05e-08
1672.0,0.8744226620842047,0.563477116,0.350900083,0.0,0.0,0.596325909728572,0.5878156293830893,0.0,0.09303211819205992,0.0,0.0,0.21668675883539654,0.0,156.10994732580272,0.0,-1.1102230246251565e-16,0.3046005757747221,0.0,1.05e-08
1673.0,0.8701356781672005,0.624852266,0.328237712,0.0,0.0,0.6612790216105416,0.7188220626376743,0.0,0.2932786472456189,0.0,0.08372890637285395,0.21668675883539654,0.0,156.21612205682345,0.0,0.0,0.11595874114094051,0.0,1.05e-08
1674.0,0.8630756452129733,0.646572562,0.304346891,0.0,0.0,0.6842655367750259,0.6887755145189628,0.0,0.2932786472456189,0.0,0.34767959385071745,0.21668675883539654,0.0,156.32229678663296,0.0,0.0,0.0852456689351263,0.0,1.05e-08
1675.0,0.8575252644373116,0.652581761,0.282247608,0.0,0.0,0.6906250515781347,0.6768656189401925,0.0,0.2932786472456189,0.0,0.6116299817102372,0.21668675883539654,0.0,156.42847151523134,0.0,-1.1102230246251565e-16,0.04095221995222387,0.0,1.05e-08
1676.0,0.8570862875626932,0.658826783,0.270344583,0.0,0.0,0.6972341370577035,0.6698175565860053,0.0,0.2932786472456189,0.0,0.8755800699517531,0.21668675883539654,0.0,156.53464624261855,0.0,-1.1102230246251565e-16,0.017728267807062825,0.0,1.05e-08
1677.0,0.8647501813883466,0.648370526,0.271326629,0.0,0.0,0.6861683159430076,0.6885472715263544,0.0,0.2932786472456189,0.0,1.1395298585756053,0.21668675883539654,0.0,156.64082096879457,0.0,0.0,0.0014961121637012686,0.0,1.05e-08
1678.0,0.8807632012341794,0.611559424,0.277534601,0.0,0.0,0.6472112522665099,0.7058316239395341,0.0,0.2555929161364681,0.0,1.4034793475821339,0.21668675883539654,0.0,156.7469956937594,0.0,0.0,1.1102230246251565e-16,0.0,1.0500071513474118e-08
1679.0,0.9077142399851358,0.470935821,0.302293338,0.0,0.0,0.4983897729071165,0.7687985458312008,0.0,0.14278731991778498,0.0,1.6335113789734435,0.21668675883539654,0.0,156.85317041751307,0.0,0.0,0.0,0.0,1.0500083432433824e-08
1680.0,0.9335582004718109,0.18288983,0.367380429,0.0,0.0,0.19355168321485816,0.9343293552239735,0.0,0.0,0.0,1.7620181126516783,0.19432283796702074,0.0,156.95934514005558,0.0,0.0,0.0,0.0,0.019953825104182324
1681.0,0.9373740872550784,0.003269892,0.409711079,0.0,0.0,0.0034605155493380854,1.0419855225063948,0.0,0.0,0.0,1.7620161125320581,0.10807195080065442,0.0,157.05456154016133,0.0,-4.336808689942018e-19,0.0,0.0,0.01995382533180359
1682.0,0.9174959295619965,0.0,0.416537707,0.0,0.0,0.0,1.0593471412375708,0.0,0.0,0.0,1.7620141124147082,0.14185121167557424,0.0,157.10751500446946,0.0,0.0,0.0,0.0,0.019953825559424862
1683.0,0.8852214931998151,0.0,0.402004826,0.0,0.0,0.0,1.022386823641892,0.0,0.0,0.0,1.7620121122996288,0.13716533044207682,0.0,157.17702030600222,0.0,0.0,0.0,0.0,0.019953825787046135
1684.0,0.8463602623677512,0.0,0.388068715,0.0,0.0,0.0,0.9869442236089989,0.0,0.0,0.0,1.76201011218682,0.14058396124124764,0.0,157.24422952493768,0.0,0.0,0.0,0.0,0.019953826014667407
1685.0,0.8194606160313842,0.0,0.375153416,0.0,0.0,0.0,0.9540977733502268,0.0,0.0,0.0,1.7620081120762812,0.1346371573188427,0.0,157.3131138721981,0.0,0.0,1.1102230246251565e-16,0.0,0.01995382624228869
1686.0,0.8032441678778015,0.0,0.361373269,0.0,0.0,0.0,0.9190518241241139,0.0,0.0,0.0,1.762006111968013,0.11580765624631241,0.0,157.3790842847507,0.0,0.0,0.0,0.0,0.01995382646990997
1687.0,0.7993383443690024,0.0,0.346131349,0.0,0.0,0.0,0.8802882641687321,0.0,0.0,0.0,1.762004111862015,0.08094991979972962,0.0,157.4358282410252,0.0,0.0,0.0,0.0,0.01995382669753125
1688.0,0.8079444324621292,0.0,0.331285371,0.0,0.0,0.0,0.8425316719349926,0.0,0.0,0.0,1.7620021117582876,0.03458723947286332,0.0,157.47549190579363,0.0,0.0,1.1102230246251565e-16,0.0,0.01995382692515254
1689.0,0.8397820333003002,0.0,0.312606156,0.0,0.0,0.0,0.7950263136486372,0.0,0.0,0.04475571965166297,1.7620001116568302,0.0,0.0,157.49243785674938,0.0,0.0,0.0,0.0,0.022170445698126175
1690.0,0.9056307058436548,0.0,0.29557713,0.0,0.0,0.0,0.7517177494826558,0.0,0.0,0.153912956360999,1.7172423919059807,0.0,0.0,157.49243606017015,0.0,0.0,0.0,0.0,0.02217047086449277
1691.0,0.9727984503614722,0.0,0.280932608,0.0,0.0,0.0,0.7144735042323913,0.0,0.0,0.2583249461290808,1.5633274862516255,0.0,0.0,157.49243426359095,0.0,0.0,1.1102230246251565e-16,0.0,0.022170496030887932
1692.0,1.0064176549054111,0.0,0.254565575,0.0,0.0,0.0,0.6474163313472805,0.0,0.0,0.2932786472456189,1.3050007655426152,0.0,0.06572267631251175,157.49243246701172,0.0,0.0,0.0,0.0,0.040722097623750425
1693.0,1.023220833125557,0.044540482,0.19895552,0.0,0.0,0.047137040164021655,0.5059877120450811,0.0,0.0,0.2932786472456189,1.0117206369514773,0.0,0.17681743367083536,157.42670799412002,0.0,-6.938893903907228e-18,0.0,0.0,0.04072209808828369
1694.0,1.0295421001200606,0.386332154,0.195419015,0.0,0.0,0.40885400072120903,0.4969936008307454,0.0,0.0,0.12369449856810624,0.7184408412714117,0.0,0.0,157.24988876461978,0.0,-5.551115123125783e-17,5.551115123125783e-17,0.0,0.022170571530244813
1695.0,1.022771149497899,0.695676141,0.180203486,0.0,0.0,0.7362316869285022,0.458297159001609,0.0,0.0,0.0,0.5947455271795533,0.1717576964322122,0.0,157.24988697080738,0.0,0.0,0.0,0.0,0.01995382851850161
1696.0,1.0088052608332132,0.772536975,0.176570153,0.0,0.0,0.8175732453628766,0.4490567928546035,0.0,0.041138018548870246,0.0,0.5947448520660631,0.21668675883539654,0.0,157.33404644824682,0.0,0.0,0.0,0.0,0.019953559676963013
1697.0,0.9943918298914772,0.780587615,0.185804019,0.0,0.0,0.8260932102125178,0.4725405480712009,0.0,0.08755516955684502,0.0,0.6317683936473224,0.21668675883539654,0.0,157.44022116530374,0.0,0.0,0.0,0.0,0.01995358232687292
1698.0,0.979622934748831,0.7626225,0.198843827,0.0,0.0,0.8070807902906529,0.5057036521430415,0.0,0.11647474884946674,0.0,0.7105673291092262,0.21668675883539654,0.0,157.5463958811495,0.0,0.0,0.0,0.0,0.019953604976808537
1699.0,0.9682780592282075,0.752002874,0.216107886,0.0,0.0,0.7958420763205416,0.5496099569996309,0.0,0.16048721525656853,0.0,0.815393796487454,0.21668675883539654,0.0,157.65257059578408,0.0,0.0,1.1102230246251565e-16,0.0,0.019953627626769863
1700.0,0.9656527633829293,0.759501491,0.230105748,0.0,0.0,0.8037778371123449,0.5852096034276505,0.0,0.20664791832166948,0.0,0.9598313646404055,0.21668675883539654,0.0,157.7587453092075,0.0,0.0,1.1102230246251565e-16,0.0,0.019953650276756902
1701.0,0.9686677850388442,0.76916656,0.231795353,0.0,0.0,0.8140063466655428,0.5895066411183361,0.0,0.21815844390963812,0.0,1.1458134015965311,0.21668675883539654,0.0,157.86492002141972,0.0,0.0,0.0,0.0,0.019953672926769653
1702.0,0.9765029869131291,0.738548707,0.220866558,0.0,0.0,0.7816035772793222,0.5617123081063154,0.0,0.15012613963711186,0.0,1.3421547004680388,0.21668675883539654,0.0,157.9710947324208,0.0,0.0,0.0,0.0,0.019953695576808112
1703.0,0.9953318828083428,0.570714243,0.2668026,0.0,0.0,0.6039849365453703,0.6785377814180725,0.0,0.07050407631970342,0.0,1.4772667026213742,0.21668675883539654,0.0,158.07726944221065,0.0,0.0,0.0,0.0,0.01995371822687228
1704.0,1.0203300098048997,0.195646992,0.351389569,0.0,0.0,0.20705254424220246,0.8936610758767445,0.0,0.0,0.0,1.5407186944193552,0.0803836103140472,0.0,158.18344415078934,0.0,0.0,1.1102230246251565e-16,0.0,0.019953830567093465
1705.0,1.0173685219141821,0.004306577,0.429025561,0.0,0.0,0.004557635748496207,1.0911065047064157,0.0,0.0,0.0,1.5407169455033438,0.07829561854072974,0.0,158.2228303153814,0.0,8.673617379884035e-19,0.0,0.0,0.01995383079471479
1706.0,0.9897515231241706,0.0,0.449971912,0.0,0.0,0.0,1.1443776892313948,0.0,0.0,0.0,1.5407151965893173,0.1546261661072243,0.0,158.26119336355524,0.0,0.0,0.0,0.0,0.019953831022336124
1707.0,0.9473870426975917,0.0,0.435292578,0.0,0.0,0.0,1.1070449093969597,0.0,0.0,0.0,1.5407134476772764,0.159657866699368,0.0,158.33695837959905,0.0,0.0,0.0,0.0,0.019953831249957463
1708.0,0.9076392927138596,0.0,0.404169875,0.0,0.0,0.0,1.0278930201524261,0.0,0.11008995007093791,0.0,1.5407116987672205,0.010163777367628628,0.0,158.41518892806872,0.0,0.0,0.0,0.0,0.019953831477578798
1709.0,0.8805661969782531,0.0,0.368648557,0.0,0.0,0.0,0.9375544840633255,0.0,0.056988287085072434,0.0,1.639790904922994,0.0,0.0,158.42016737187345,0.0,0.0,1.1102230246251565e-16,0.0,0.019953854127797235
1710.0,0.8639942846237599,0.0,0.337756092,0.0,0.0,0.0,0.8589881407681874,0.0,0.0,0.005006143855572494,1.6910785019237091,0.0,0.0,158.4201655647112,0.0,0.0,0.0,0.0,0.022170974197823757
1711.0,0.857940686455243,0.0,0.314928122,0.0,0.0,0.0,0.8009315846548725,0.0,0.0,0.05700910180037065,1.6860704384741967,0.0,0.0,158.420163757549,0.0,0.0,0.0,0.0,0.022170999364790264
1712.0,0.8643004977606888,0.0,0.296978771,0.0,0.0,0.0,0.7552824312904214,0.0,0.0,0.1090180664702674,1.6290594227646895,0.0,0.0,158.4201619503868,0.0,0.0,1.1102230246251565e-16,0.0,0.02217102453178534
1713.0,0.8937098070095078,0.0,0.27778051,0.0,0.0,0.0,0.70645702469384,0.0,0.0,0.18725278231566778,1.5200395071001995,0.0,0.0,158.42016014322465,0.0,0.0,0.0,0.0,0.022171049698808988
1714.0,0.9600809691011886,0.0,0.264528413,0.0,0.0,0.0,0.6727540229332983,0.0,0.0,0.2873269461678903,1.332784999342086,0.0,0.0,158.42015833606254,0.0,0.0,0.0,0.0,0.022171074865861198
1715.0,1.0255977323003194,0.0,0.257118485,0.0,0.0,0.0,0.6539089438164244,0.0,0.0,0.2932786472456189,1.0454565402899594,0.0,0.078410141238276,158.4201565289004,0.0,0.0,1.1102230246251565e-16,0.0,0.040722108308016806
1716.0,1.0525915980634337,0.0,0.242706875,0.0,0.0,0.0,0.6172570450865675,0.0,0.0,0.2932786472456189,0.7521767063152579,0.0,0.1420559057312473,158.34174458050003,0.0,0.0,0.0,0.0,0.04072210877255019
1717.0,1.0516708173020393,0.043487662,0.196803634,0.0,0.0,0.04602284434940328,0.5005149919430109,0.0,0.0,0.2932786472456189,0.45889720525129435,0.0,0.21185433376400628,158.19968686850115,0.0,-6.938893903907228e-18,0.0,0.0,0.04072210923708359
1718.0,1.0341524279788568,0.381222787,0.182873583,0.0,0.0,0.40344677505419163,0.4650878038249767,0.0,0.0,0.1656178490996884,0.16561803709769085,0.0,0.0,157.98783073009002,0.0,0.0,5.551115123125783e-17,0.0,0.022171175534355728
1719.0,1.0134712638078147,0.679344353,0.181167179,0.0,0.0,0.718947811399129,0.460748042576912,0.0,0.0,0.0,0.0,0.16622459016822633,0.0,157.98782892785965,0.0,0.0,5.551115123125783e-17,0.0,0.019953833981413684
1720.0,0.9922205003750726,0.729578119,0.186444404,0.0,0.0,0.7721100345994093,0.4367972246110598,0.0,0.0,0.0,0.0,0.21668675883539654,0.0,158.06927717481173,0.0,0.0,0.03737196357516781,0.0,1.05e-08
1721.0,0.9754473010634372,0.73338864,0.201977475,0.0,0.0,0.7761426959752528,0.41599136392358105,0.0,0.0,0.0,0.0,0.21668675883539654,0.0,158.1754518834816,0.0,0.0,0.09768184534396063,0.0,1.05e-08
1722.0,0.9621687859438853,0.722054046,0.218288997,0.0,0.0,0.7641473338096417,0.4147082109696403,0.0,0.0,0.0,0.0,0.21668675883539654,0.0,158.28162659094028,0.0,-1.1102230246251565e-16,0.14044879174456226,0.0,1.05e-08
1723.0,0.9503121276279751,0.710974067,0.234665573,0.0,0.0,0.7524214298299874,0.5819280921821598,0.0,0.16735063554877566,0.0,0.0,0.21668675883539654,0.0,158.38780129718782,0.0,1.1102230246251565e-16,0.014878150630394216,0.0,1.05e-08
1724.0,0.9457274959764737,0.714510639,0.245066357,0.0,0.0,0.7561641719136262,0.6232577275445941,0.0,0.2170076446463502,0.0,0.1506155719938981,0.21668675883539654,0.0,158.49397600222412,0.0,0.0,1.1102230246251565e-16,0.0,1.050001191887853e-08
1725.0,0.9454641098517027,0.713435305,0.246348337,0.0,0.0,0.7550261496096077,0.6265180850711787,0.0,0.219393365993687,0.0,0.3459222812073591,0.21668675883539654,0.0,158.60015070604928,0.0,-1.1102230246251565e-16,1.1102230246251565e-16,0.0,1.0500023837770588e-08
1726.0,0.9542607781489321,0.667449352,0.236974071,0.0,0.0,0.7063593724170795,0.6026772617281421,0.0,0.13808909716089302,0.0,0.5433759179349182,0.21668675883539654,0.0,158.70632540866328,0.0,0.0,0.0,0.0,1.0500035756676175e-08
1727.0,0.9794323545447284,0.50284948,0.269470932,0.0,0.0,0.5321638893628812,0.685323937457657,0.0,0.021368713440413224,0.0,0.6676554885774163,0.21668675883539654,0.0,158.81250011006608,0.0,0.0,1.1102230246251565e-16,0.0,1.0500047675595293e-08
1728.0,1.010284934103268,0.166131364,0.382068377,0.0,0.0,0.1758162558135698,0.971684042357847,0.0,0.0,0.07947139476724774,0.6868865727980135,0.21668675883539654,0.0,158.91867481025773,0.0,0.0,1.1102230246251565e-16,0.0,1.1666732882808823e-08
1729.0,1.0115718858186125,0.004312601,0.491057428,0.0,0.0,0.004564010927147127,1.2488672064814395,0.0,0.025172572754577568,0.0,0.6074143983252104,0.21668675883539654,0.0,159.02484950923815,0.0,8.673617379884035e-19,0.0,0.0,1.0500071513474118e-08
1730.0,0.9862504148802635,0.0,0.519360683,0.0,0.0,0.0,1.3208486184114956,0.0,0.11791144469583542,0.0,0.6300690243100242,0.21668675883539654,0.0,159.13102420700744,0.0,0.0,0.0,0.0,1.0500083432433824e-08
1731.0,0.9458516943117316,0.0,0.516542283,0.0,0.0,0.0,1.313680806391865,0.0,0.15114235324473682,0.0,0.7361886093260244,0.21668675883539654,0.0,159.23719890356554,0.0,0.0,0.0,0.0,1.050009535140706e-08
1732.0,0.9096864238950064,0.0,0.500779934,0.0,0.0,0.0,1.2735936808526183,0.0,0.14722049812221522,0.0,0.8722158915765115,0.21668675883539654,0.0,159.34337359891245,0.0,0.0,0.0,0.0,1.0500107270393827e-08
1733.0,0.8841593832982996,0.0,0.482027445,0.0,0.0,0.0,1.2259019706439216,0.0,0.12505582851022554,0.0,1.0047133498080802,0.21668675883539654,0.0,159.4495482930482,0.0,0.0,0.0,0.0,1.0500119189394123e-08
1734.0,0.8677116692790643,0.0,0.46638434,0.0,0.0,0.0,1.1861181088630022,0.0,0.10171968074854126,0.0,1.1172624549870183,0.21668675883539654,0.0,159.55572298597275,0.0,0.0,0.0,0.0,1.0500131108407949e-08
1735.0,0.8639000651970126,0.0,0.453107367,0.0,0.0,0.0,1.1523518419549297,0.0,0.07176501792252064,0.0,1.208808899422575,0.21668675883539654,0.0,159.6618976776861,0.0,0.0,2.220446049250313e-16,0.0,1.0500143027435302e-08
1736.0,0.8712770180412082,0.0,0.439655054,0.0,0.0,0.0,1.1181396468040523,0.0,0.03017586992744766,0.0,1.2733960433975977,0.21668675883539654,0.0,159.76807236818834,0.0,0.0,0.0,0.0,1.0500154946476186e-08
1737.0,0.8995085844556853,0.0,0.424167741,0.0,0.0,0.0,1.078751998396026,0.0,0.0,0.037443344895055804,1.3005528808622497,0.21668675883539654,0.0,159.87424705747938,0.0,0.0,0.0,0.0,1.1666852072811778e-08
1738.0,0.9706314035462832,0.0,0.409166036,0.0,0.0,0.0,1.0405993580987112,0.0,0.0,0.1467188042829686,1.2631080596706024,0.21668675883539654,0.0,159.98042174555923,0.0,0.0,0.0,0.0,1.1666865316220604e-08
1739.0,1.0354479450966327,0.0,0.398652146,0.0,0.0,0.0,1.0138602198943845,0.0,0.0,0.2382744840376447,1.116387821595782,0.21668675883539654,0.0,160.0865964324279,0.0,0.0,2.220446049250313e-16,0.0,1.1666878559644462e-08
1740.0,1.0596559137188768,0.0,0.387221627,0.0,0.0,0.0,0.9847898922337205,0.0,0.0,0.291552780320553,0.8781120703128293,0.21668675883539654,0.0,160.1927711180854,0.0,0.0,0.0,0.0,1.1666891803083355e-08
1741.0,1.0558978434020223,0.050671929,0.299072614,0.0,0.0,0.05362592960851779,0.7606075352581406,0.0,0.0,0.2932786472456189,0.5865582932209219,0.05161426871025494,0.0,160.2989458025317,0.0,-6.938893903907228e-18,0.0,0.0,0.0199538389890844
1742.0,1.0399040957116605,0.378195026,0.217035253,0.0,0.0,0.4002425059161958,0.5519684555552684,0.0,0.0,0.2932786472456189,0.2932789801553876,0.20558551300542266,0.0,160.32423496560557,0.0,-5.551115123125783e-17,1.1102230246251565e-16,0.0,0.019953839216705824
1743.0,1.0172378995271005,0.628971204,0.268963859,0.0,0.0,0.6656380796454123,0.5682865787170849,0.0,0.0,0.0,0.0,0.21668675883539654,0.0,160.42497003809552,0.0,0.0,0.11574776040668411,0.0,1.05e-08
1744.0,0.9962333914142663,0.702892881,0.302131431,0.0,0.0,0.7438691382527449,0.46905101199691795,0.0,0.0,0.0,0.0,0.21668675883539654,0.0,160.53114471989306,0.0,-1.1102230246251565e-16,0.2993357686694154,0.0,1.05e-08
1745.0,0.9784580400181365,0.700105199,0.317391308,0.0,0.0,0.740918943901491,0.454225854952042,0.0,0.0,0.0,0.0,0.21668675883539654,0.0,160.63731940047944,0.0,0.0,0.3529701542761294,0.0,1.05e-08
1746.0,0.9655842401634767,0.680666821,0.335969067,0.0,0.0,0.7203473747723236,0.46192362422654965,0.0,0.0,0.0,0.0,0.21668675883539654,0.0,160.7434940798546,0.0,0.0,0.3925197183318804,0.0,1.05e-08
1747.0,0.9532222231041034,0.664617728,0.354760614,0.0,0.0,0.7033626743971207,0.46654630754237925,0.0,0.0,0.0,0.0,0.21668675883539654,0.0,160.84966875801862,0.0,-1.1102230246251565e-16,0.4356880783222007,0.0,1.05e-08
1748.0,0.9484791315076178,0.65228136,0.372222079,0.0,0.0,0.6903071382245631,0.4748587521184512,0.0,0.0,0.0,0.0,0.21668675883539654,0.0,160.95584343497143,0.0,0.0,0.47178398554408474,0.0,1.05e-08
1749.0,0.9496418848877043,0.627214948,0.390278475,0.0,0.0,0.6637794399115563,0.5025492038115447,0.0,0.0,0.0,0.0,0.21668675883539654,0.0,161.0620181107131,0.0,-1.1102230246251565e-16,0.4900149262296495,0.0,1.05e-08
1750.0,0.9563593017446684,0.56002346,0.412245948,0.0,0.0,0.5926709173648901,0.5803751432151749,0.0,0.0,0.0,0.0,0.21668675883539654,0.0,161.16819278524358,0.0,0.0,0.4680571095234043,0.0,1.05e-08
1751.0,0.977982660183184,0.427362357,0.523244377,0.0,0.0,0.45227612459380123,0.7423932944247794,0.0,0.0,0.0,0.0,0.21668675883539654,0.0,161.27436745856286,0.0,0.0,0.5883324133046864,0.0,1.05e-08
1752.0,1.008728172211329,0.176976239,0.668481864,0.0,0.0,0.18729335003201122,1.0381215810147144,0.0,0.0,0.0,0.0,0.21668675883539654,0.0,161.380542130671,0.0,0.0,0.6619750481664768,0.0,1.05e-08
1753.0,1.0118181411385203,0.004957065,0.749658638,0.0,0.0,0.005246044979950284,1.2232588549939665,0.0,0.0,0.0,0.0,0.21668675883539654,0.0,161.48671680156795,0.0,0.0,0.6832881915843425,0.0,1.05e-08
1754.0,0.9881562169212894,0.0,0.766963313,0.0,0.0,0.0,1.204842975756686,0.0,0.0,0.0,0.0,0.21668675883539654,0.0,161.5928914712537,0.0,0.0,0.7457136711128525,0.0,1.05e-08
1755.0,0.9495048384487991,0.0,0.764972728,0.0,0.0,0.0,1.1661915972841956,0.0,0.0,0.0,0.0,0.21668675883539654,0.0,161.69906613972827,0.0,0.0,0.7793025534566542,0.0,1.05e-08
1756.0,0.9125729645144478,0.0,0.752021289,0.0,0.0,0.0,1.1292597233498443,0.0,0.0,0.0,0.0,0.21668675883539654,0.0,161.8052408069917,0.0,0.0,0.783296065151539,0.0,1.05e-08
1757.0,0.8875213037526936,0.0,0.728520146,0.0,0.0,0.0,1.1042080625880901,0.0,0.0,0.0,0.0,0.21668675883539654,0.0,161.91141547304395,0.0,0.0,0.7485791425786148,0.0,1.05e-08
1758.0,0.8716132100866475,0.0,0.699203146,0.0,0.0,0.0,1.088299968922044,0.0,0.0,0.0,0.0,0.21668675883539654,0.0,162.017590137885,0.0,0.0,0.6899276474781584,0.0,1.05e-08
1759.0,0.8657780296801358,0.0,0.667435591,0.0,0.0,0.0,1.0824647885155325,0.0,0.0,0.0,0.0,0.21668675883539654,0.0,162.12376480151488,0.0,0.0,0.6149709379601469,0.0,1.05e-08
1760.0,0.8733327146247866,0.0,0.637264677,0.0,0.0,0.0,1.0900194734601831,0.0,0.0,0.0,0.0,0.21668675883539654,0.0,162.2299394639336,0.0,0.0,0.5306849728521263,0.0,1.05e-08
1761.0,0.9046606740182787,0.0,0.600428715,0.0,0.0,0.0,1.1213474328536752,0.0,0.0,0.0,0.0,0.21668675883539654,0.0,162.33611412514114,0.0,0.0,0.40567504809592614,0.0,1.05e-08
1762.0,0.9713466146493199,0.0,0.561048294,0.0,0.0,0.0,1.3531717377576322,0.0,0.1651383642729159,0.0,0.0,0.21668675883539654,0.0,162.44228878513746,0.0,0.0,0.07369765811465134,0.0,1.05e-08
1763.0,1.032955412989044,0.0,0.529394829,0.0,0.0,0.0,1.346367661948796,0.0,0.09672549012435565,0.0,0.1486245278456243,0.21668675883539654,0.0,162.54846344392266,0.0,0.0,2.220446049250313e-16,0.0,1.050001191887853e-08
1764.0,1.0493945616058478,0.0,0.493026031,0.0,0.0,0.0,1.2538737975420697,0.0,0.0,0.012207522899174568,0.2356773002493841,0.21668675883539654,0.0,162.65463810149666,0.0,0.0,0.0,0.0,1.166669315307843e-08
1765.0,1.0355014788618302,0.042133722,0.390637009,0.0,0.0,0.04458997426596602,0.9934759609788346,0.0,0.0,0.21412230245242617,0.2234695098258357,0.21668675883539654,0.0,162.76081275785947,0.0,0.0,0.0,0.0,1.166670639630686e-08
1766.0,1.012940208857057,0.36341336,0.328591634,0.0,0.0,0.38459911921164347,0.8356809053843527,0.0,0.0,0.009346943096457278,0.009346953706464838,0.21668675883539654,0.0,162.8669874130111,0.0,0.0,0.0,0.0,1.1666719639550327e-08
1767.0,0.9857857417983505,0.601992353,0.438125115,0.0,0.0,0.637086453662421,0.565386046971326,0.0,0.0,0.0,0.0,0.21668675883539654,0.0,162.97316206695157,0.0,0.0,0.5488626279502747,0.0,1.05e-08
1768.0,0.9583743126666968,0.67150757,0.491852331,0.0,0.0,0.7106541706830785,0.46440690081901487,0.0,0.0,0.0,0.0,0.21668675883539654,0.0,163.07933671968087,0.0,0.0,0.7864819190877157,0.0,1.05e-08
1769.0,0.9399501320363751,0.666701951,0.51655135,0.0,0.0,0.7055684004883152,0.4510684903834565,0.0,0.0,0.0,0.0,0.21668675883539654,0.0,163.18551137119897,0.0,0.0,0.8626353753866307,0.0,1.05e-08
1770.0,0.9299221871396066,0.651819925,0.540215294,0.0,0.0,0.6898188031381111,0.45679014283689207,0.0,0.0,0.0,0.0,0.21668675883539654,0.0,163.2916860215059,0.0,0.0,0.9170963450716658,0.0,1.05e-08
1771.0,0.9215859092230745,0.637242817,0.56476683,0.0,0.0,0.67439189946717,0.46388076859130095,0.0,0.0,0.0,0.0,0.21668675883539654,0.0,163.3978606706017,0.0,0.0,0.9724456834249755,0.0,1.05e-08
1772.0,0.9153246000455918,0.626033927,0.58671636,0.0,0.0,0.6625295694159574,0.46948178946503094,0.0,0.0,0.0,0.0,0.21668675883539654,0.0,163.50403531848627,0.0,0.0,1.0226671522472581,0.0,1.05e-08
1773.0,0.9119091458260006,0.598701095,0.604254121,0.0,0.0,0.6336033265481668,0.4949925781132304,0.0,0.0,0.0,0.0,0.21668675883539654,0.0,163.6102099651597,0.0,0.0,1.041758752931023,0.0,1.05e-08
1774.0,0.9128877430538083,0.543629294,0.630698864,0.0,0.0,0.5753210274109009,0.554253474478304,0.0,0.0,0.0,0.0,0.21668675883539654,0.0,163.7163846106219,0.0,0.0,1.0497526630985363,0.0,1.05e-08
1775.0,0.9334618396944557,0.417579242,0.693389482,0.0,0.0,0.44192268736148205,0.7082259111683702,0.0,0.0,0.0,0.0,0.21668675883539654,0.0,163.82255925487297,0.0,-5.551115123125783e-17,1.0552162770820686,0.0,1.05e-08
1776.0,0.9606826886220068,0.18636387,0.756919954,0.0,0.0,0.1972282478962062,0.9801411995611973,0.0,0.0,0.0,0.0,0.21668675883539654,0.0,163.92873389791285,0.0,-2.7755575615628914e-17,0.9448729730826582,0.0,1.05e-08
1777.0,0.9618433006514855,0.006108173,0.76848355,0.0,0.0,0.006464258649688448,1.1720658008371936,0.0,0.0,0.0,0.0,0.21668675883539654,0.0,164.03490853974154,0.0,0.0,0.7823571435917005,0.0,1.05e-08
1778.0,0.9387531170465623,0.0,0.74588508,0.0,0.0,0.0,1.1554398758819588,0.0,0.0,0.0,0.0,0.21668675883539654,0.0,164.14108318035906,0.0,0.0,0.7415101814864533,0.0,1.05e-08
1779.0,0.9008662007410901,0.0,0.71993236,0.0,0.0,0.0,1.1175529595764866,0.0,0.0,0.0,0.0,0.21668675883539654,0.0,164.2472578197654,0.0,0.0,0.7133936141281068,0.0,1.05e-08
1780.0,0.8641206243096257,0.0,0.696958918,0.0,0.0,0.0,1.0808073831450222,0.0,0.0,0.0,0.0,0.21668675883539654,0.0,164.3534324579606,0.0,0.0,0.6917126671065883,0.0,1.05e-08
1781.0,0.8349575703807146,0.0,0.677097353,0.0,0.0,0.0,1.0516443292161113,0.0,0.0,0.0,0.0,0.21668675883539654,0.0,164.45960709494457,0.0,0.0,0.6703633862584362,0.0,1.05e-08
1782.0,0.8159166807753193,0.0,0.659602121,0.0,0.0,0.0,1.032603439610716,0.0,0.0,0.0,0.0,0.21668675883539654,0.0,164.56578173071742,0.0,0.0,0.6449100471468907,0.0,1.05e-08
1783.0,0.80881810351015,0.0,0.643660355,0.0,0.0,0.0,1.0255048623455467,0.0,0.0,0.0,0.0,0.21668675883539654,0.0,164.67195636527904,0.0,0.0,0.6114652019209519,0.0,1.05e-08
1784.0,0.814627587709367,0.0,0.62496093,0.0,0.0,0.0,1.0313143465447636,0.0,0.0,0.0,0.0,0.21668675883539654,0.0,164.7781309986295,0.0,0.0,0.5580989609536464,0.0,1.05e-08
1785.0,0.8419983311794708,0.0,0.600725331,0.0,0.0,0.0,1.0586850900148672,0.0,0.0,0.0,0.0,0.21668675883539654,0.0,164.88430563076878,0.0,0.0,0.46909175075946297,0.0,1.05e-08
1786.0,0.9059968767976047,0.0,0.578176317,0.0,0.0,0.0,1.1226836356330012,0.0,0.0,0.0,0.0,0.21668675883539654,0.0,164.99048026169692,0.0,0.0,0.3477460955827074,0.0,1.05e-08
1787.0,0.9662202212940212,0.0,0.562123257,0.0,0.0,0.0,1.1829069801294176,0.0,0.0,0.0,0.0,0.21668675883539654,0.0,165.09665489141383,0.0,0.0,0.24669628343803263,0.0,1.05e-08
1788.0,0.9895480948164206,0.0,0.531450864,0.0,0.0,0.0,1.206234853651817,0.0,0.0,0.0,0.0,0.21668675883539654,0.0,165.2028295199196,0.0,0.0,0.145361758192587,0.0,1.05e-08
1789.0,0.9939014606022695,0.05613135,0.495004413,0.0,0.0,0.05940361622963032,1.151184603208036,0.0,0.0,0.0,0.0,0.21668675883539654,0.0,165.30900414721418,0.0,-6.938893903907228e-18,0.10772065554572174,0.0,1.05e-08
1790.0,0.9898864282124679,0.426470483,0.472893276,0.0,0.0,0.4513322573819635,0.7552409296659008,0.0,0.0,0.0,0.0,0.21668675883539654,0.0,165.41517877329758,0.0,5.551115123125783e-17,0.44743083719305865,0.0,1.05e-08
1791.0,0.9764922801600897,0.669049486,0.50123807,0.0,0.0,0.7080527887708993,0.485126250224587,0.0,0.0,0.0,0.0,0.21668675883539654,0.0,165.52135339816982,0.0,0.0,0.7896325713913812,0.0,1.05e-08
1792.0,0.9604085957441963,0.731975951,0.499126037,0.0,0.0,0.7746476520255201,0.4024477025540727,0.0,0.0,0.0,0.0,0.21668675883539654,0.0,165.62752802183087,0.0,0.0,0.8669397539173964,0.0,1.05e-08
1793.0,0.9498410304942384,0.736066086,0.495855741,0.0,0.0,0.7789762279437438,0.38755156138589125,0.0,0.0,0.0,0.0,0.21668675883539654,0.0,165.73370264428075,0.0,0.0,0.8735188119971058,0.0,1.05e-08
1794.0,0.9400357860606909,0.721965645,0.50130685,0.0,0.0,0.7640537793328954,0.5795074205014614,0.0,0.18683865493826934,0.0,0.0,0.21668675883539654,0.0,165.83987726551945,0.0,0.0,0.6954263238049376,0.0,1.05e-08
1795.0,0.9301877146149855,0.706209226,0.508735297,0.0,0.0,0.7473788148535223,0.6927743058424787,0.0,0.2932786472456189,0.0,0.16815478944444245,0.21668675883539654,0.0,165.94605188554698,0.0,0.0,0.6010516154770444,0.0,1.05e-08
1796.0,0.9269093068342994,0.700139306,0.513853712,0.0,0.0,0.7409550392232451,0.6959196736920699,0.0,0.2932786472456189,0.0,0.4321053810879533,0.21668675883539654,0.0,166.05222650436332,0.0,0.0,0.6109235044250894,0.0,1.05e-08
1797.0,0.9273996761235073,0.683113761,0.509469076,0.0,0.0,0.7229369630273171,0.7144281191772056,0.0,0.2932786472456189,0.0,0.6960556731132291,0.21668675883539654,0.0,166.1584011219685,0.0,0.0,0.5812639637715941,0.0,1.05e-08
1798.0,0.9277679884280651,0.627134408,0.485455959,0.0,0.0,0.6636942047042944,0.7740391898047861,0.0,0.2932786472456189,0.0,0.9600056655206098,0.21668675883539654,0.0,166.2645757383625,0.0,0.0,0.4605822471528852,0.0,1.05e-08
1799.0,0.9388773153818202,0.470460062,0.482848971,0.0,0.0,0.49788627878032654,0.9509564426825091,0.0,0.2932786472456189,0.0,1.223955358310436,0.21668675883539654,0.0,166.3707503535453,0.0,0.0,0.27703484954005264,0.0,1.05e-08
1800.0,0.9548517909167109,0.164140313,0.488477104,0.0,0.0,0.17370913333214683,1.24230487417171,0.0,0.2444754577517493,0.0,1.4879047514830468,0.21668675883539654,0.0,166.47692496751694,0.0,0.0,0.0,0.0,1.0500071513474118e-08
1801.0,0.9510872965480328,0.005813847,0.478021926,0.0,0.0,0.0061527744478938684,1.2157150535160977,0.0,0.05409377258056223,0.0,1.7079309744943008,0.21668675883539654,0.0,166.5830995802774,0.0,-8.673617379884035e-19,2.220446049250313e-16,0.0,1.0500083432433824e-08
1802.0,0.9298386744658987,0.0,0.45317854,0.0,0.0,0.0,1.1525328505714758,0.0,0.006007417270180605,0.0,1.7566134310931196,0.21668675883539654,0.0,166.6892741918267,0.0,0.0,0.0,0.0,1.050009535140706e-08
1803.0,0.8936755453997814,0.0,0.432251276,0.0,0.0,0.0,1.0993102084918622,0.0,0.0,0.011052095743315744,1.7620181126516783,0.21668675883539654,0.0,166.7954488021648,0.0,0.0,2.220446049250313e-16,0.0,0.019953696143975252
1804.0,0.8549941880187806,0.0,0.415548817,0.0,0.0,0.0,1.0568321761410293,0.0,0.0,0.01484877071314763,1.7509640167887421,0.21668675883539654,0.0,166.90162341129175,0.0,0.0,2.220446049250313e-16,0.0,0.01995371879404007
1805.0,0.8247497520328829,0.0,0.397750189,0.0,0.0,0.0,1.0115663445659038,0.0,0.0,0.029870166302375666,1.7361132585038104,0.21668675883539654,0.0,167.00779801920754,0.0,0.0,0.0,0.0,0.019953741444130594
1806.0,0.8023255284670149,0.0,0.375277737,0.0,0.0,0.0,0.9544139490378838,0.0,0.0,0.06459833826452763,1.7062411214871913,0.21668675883539654,0.0,167.11397262591208,0.0,0.0,1.1102230246251565e-16,0.0,0.019953764094246824
1807.0,0.7899356738497391,0.0,0.354942708,0.0,0.0,0.0,0.9026974910171143,0.0,0.0,0.1039249416680213,1.6416408464171797,0.21668675883539654,0.0,167.2201472314055,0.0,0.0,0.0,0.0,0.019953786744388774
1808.0,0.7870277197242187,0.0,0.338740841,0.0,0.0,0.0,0.8614925743895752,0.0,0.0,0.14222190417004016,1.5377140412733843,0.21668675883539654,0.0,167.32632183568774,0.0,0.0,0.0,0.0,0.019953809394556436
1809.0,0.7939357167852854,0.0,0.31448791,0.0,0.0,0.0,0.7998120285717097,0.0,0.0,0.2108104470489722,1.3954903915980046,0.21668675883539654,0.0,167.43249643875882,0.0,0.0,0.0,0.0,0.019953832044749806
1810.0,0.8161243917842851,0.0,0.291968664,0.0,0.0,0.0,0.7425406255941982,0.0,0.0,0.27381043224411955,1.1846783604860243,0.20022666605403283,0.0,167.53867104061868,0.0,0.0,1.1102230246251565e-16,0.0,0.019953854694968885
1811.0,0.8487500096461611,0.0,0.271512421,0.0,0.0,0.0,0.6905158936711625,0.0,0.0,0.1582341159749987,0.9108665834779572,0.0,0.0,167.63678019580453,0.0,0.0,0.0,0.0,0.019953877345213675
1812.0,0.8780115657030354,0.0,0.246245123,0.0,0.0,0.0,0.6262555891338405,0.0,0.0,0.2517559765691949,0.7526314335509736,0.0,0.0,167.63677828350473,0.0,0.0,0.0,0.0,0.01995389999548418
1813.0,0.8983672445816776,0.035301758,0.179977863,0.0,0.0,0.03735973006997483,0.45772335001377723,0.0,0.0,0.2932786472456189,0.5008746026472595,0.0,0.11000551725230667,167.63677637120492,0.0,0.0,0.0,0.0,0.04072215383231368
1814.0,0.9093052634868012,0.370110452,0.143493368,0.0,0.0,0.39168662883011024,0.36493524265103505,0.0,0.0,0.1526833920056558,0.20759538684385292,0.0,0.0,167.52676894165285,0.0,0.0,0.0,0.0,0.01995394529610231
1815.0,0.909754947114459,0.662947188,0.163978609,0.0,0.0,0.70159474761367,0.41703372287557006,0.0,0.0,0.0,0.05491175919044562,0.2088735233747811,0.0,167.52676703060797,0.0,-1.1102230246251565e-16,5.551115123125783e-17,0.0,0.019953855833076933
1816.0,0.9002323609611534,0.72199222,0.180438148,0.0,0.0,0.7640819035647427,0.4588939561574955,0.0,0.10605673992568813,0.0,0.05491169685846042,0.21668675883539654,0.0,167.62911314601678,0.0,-1.1102230246251565e-16,0.0,0.0,0.017958591537140963
1817.0,0.8902065574149929,0.731112763,0.187509442,0.0,0.0,0.7737341431096287,0.4768778144201771,0.0,0.14371864127941641,0.0,0.1503627004596653,0.21668675883539654,0.0,167.73528774563377,0.0,0.0,0.0,0.0,0.017958611922500114
1818.0,0.8807674839353952,0.721558903,0.192185289,0.0,0.0,0.7636233256617745,0.4887695233076855,0.0,0.15493860619866834,0.0,0.2797093069299279,0.21668675883539654,0.0,167.8414623440396,0.0,0.0,5.551115123125783e-17,0.0,0.01795863230788241
1819.0,0.8754911960375439,0.717144092,0.198347538,0.0,0.0,0.7589511462402863,0.5044414798965858,0.0,0.17121467126393164,0.0,0.41915373500230385,0.21668675883539654,0.0,167.9476369412342,0.0,-1.1102230246251565e-16,0.0,0.0,0.01795865269328784
1820.0,0.8747631368308598,0.723440318,0.206097019,0.0,0.0,0.7656144207383879,0.5241501170870836,0.0,0.19831464215921513,0.0,0.573246463345863,0.21668675883539654,0.0,168.05381153721768,0.0,0.0,0.0,0.0,0.017958673078716413
1821.0,0.8761614387778148,0.716542191,0.211064372,0.0,0.0,0.7583141564651922,0.5367831899437215,0.0,0.20224914879570227,0.0,0.7517289905798988,0.21668675883539654,0.0,168.15998613199,0.0,0.0,0.0,0.0,0.017958693464168122
1822.0,0.8783242028917879,0.665656113,0.216919951,0.0,0.0,0.7044615937004799,0.5516752171712608,0.0,0.16112584914455605,0.0,0.9337523711859017,0.21668675883539654,0.0,168.2661607255511,0.0,0.0,-1.1102230246251565e-16,0.0,0.017958713849642975
1823.0,0.8857289932938861,0.492690072,0.239105823,0.0,0.0,0.5214122225322735,0.60809877663322,0.0,0.027095247036210704,0.0,1.0787645754856732,0.21668675883539654,0.0,168.37233531790102,0.0,-1.1102230246251565e-16,0.0,0.0,0.01795873423514097
1824.0,0.9031488804891054,0.162448696,0.33311144,0.0,0.0,0.171918900831494,0.8471757676371197,0.0,0.0,0.0,1.1031490732802303,0.11594578797950823,0.0,168.47850990903981,0.0,0.0,0.0,0.0,0.01995385788167159
1825.0,0.9014914751185953,0.006835732,0.393290781,0.0,0.0,0.00723423185753778,1.0002250877312329,0.0,0.0,0.0,1.1031478210626227,0.10596784447017524,0.0,168.535321423248,0.0,-8.673617379884035e-19,0.0,0.0,0.019953858109293232
1826.0,0.8852536134589336,0.0,0.392720979,0.0,0.0,0.0,0.9987759557327907,0.0,0.0,0.0,1.1031465688464366,0.1135223422738571,0.0,168.58724374448857,0.0,0.0,1.1102230246251565e-16,0.0,0.019953858336914876
1827.0,0.8527329217768443,0.0,0.379739922,0.0,0.0,0.0,0.9657622683952551,0.0,0.0,0.0,1.1031453166316718,0.11302934661841081,0.0,168.64286776906062,0.0,0.0,1.1102230246251565e-16,0.0,0.019953858564536523
1828.0,0.8167518075123981,0.0,0.363138618,0.0,0.0,0.0,0.9235414954912169,0.0,0.0,0.0,1.1031440644183286,0.10678968797881883,0.0,168.698250225127,0.0,0.0,0.0,0.0,0.019953858792158174
1829.0,0.788862857195184,0.0,0.346261272,0.0,0.0,0.0,0.8806186869763629,0.0,0.0,0.0,1.1031428122064066,0.09175582978117892,0.0,168.75057524782818,0.0,0.0,0.0,0.0,0.019953859019779824
1830.0,0.7688776319717074,0.0,0.330012494,0.0,0.0,0.0,0.8392944653425601,0.0,0.0,0.0,1.1031415599959062,0.07041683337085283,0.0,168.79553367941566,0.0,0.0,1.1102230246251565e-16,0.0,0.01995385924740148
1831.0,0.7568496656071657,0.0,0.314623272,0.0,0.0,0.0,0.8001562839544096,0.0,0.0,0.0,1.1031403077868274,0.04330661834724389,0.0,168.8300360022492,0.0,0.0,1.1102230246251565e-16,0.0,0.019953859475023136
1832.0,0.7526825973242036,0.0,0.300040553,0.0,0.0,0.0,0.763069217346726,0.0,0.0,0.0,1.1031390555791696,0.01038662002252236,0.0,168.85125431932758,0.0,0.0,1.1102230246251565e-16,0.0,0.019953859702644794
1833.0,0.7573271867927261,0.0,0.279285296,0.0,0.0,0.0,0.7102840269567451,0.0,0.0,0.047043159835981056,1.1031378033729335,0.0,0.0,168.85634183698483,0.0,0.0,1.1102230246251565e-16,0.0,0.019954375657104007
1834.0,0.7725757444715408,0.0,0.254649495,0.0,0.0,0.0,0.6476297583926564,0.0,0.0,0.12494598607888437,1.0560933913321378,0.0,0.0,168.85633991077296,0.0,0.0,1.1102230246251565e-16,0.0,0.019954398307940158
1835.0,0.7956552213234245,0.0,0.234650789,0.0,0.0,0.0,0.5967686438440265,0.0,0.0,0.19888657747939797,0.9311462064499622,0.0,0.0,168.85633798456115,0.0,0.0,0.0,0.0,0.01995442095880202
1836.0,0.8220752051236231,0.0,0.213469558,0.0,0.0,0.0,0.5429001077411411,0.0,0.0,0.279175097382482,0.7322585719985708,0.0,0.0,168.85633605834937,0.0,0.0,0.0,0.0,0.019954443609689593
1837.0,0.8429298186939047,0.039365673,0.158331254,0.0,0.0,0.04166055745164012,0.4026712551463191,0.0,0.0,0.2932786472456189,0.45308264340741594,0.0,0.10531935885032652,168.8563341321376,0.0,-6.938893903907228e-18,5.551115123125783e-17,0.0,0.040722164981128836
1838.0,0.852698660167118,0.328508705,0.13574747,0.0,0.0,0.3476596418919701,0.34523571781877826,0.0,0.0,0.1598033004563697,0.15980348185409604,0.0,0.0,168.75101284707554,0.0,5.551115123125783e-17,0.0,0.0,0.019954488911541883
1839.0,0.8528078690481207,0.636763528,0.173542794,0.0,0.0,0.6738846695534216,0.3956099583300956,0.0,0.0,0.0,0.0,0.21668675883539654,0.0,168.7510109220652,0.0,0.0,0.045747593739687786,0.0,1.05e-08
1840.0,0.8527436285298838,0.710616945,0.196069583,0.0,0.0,0.7520434888356028,0.31738689852967755,0.0,0.0,0.0,0.0,0.21668675883539654,0.0,168.85718550888427,0.0,0.0,0.18126124002814242,0.0,1.05e-08
1841.0,0.8518592507288235,0.729865899,0.213869978,0.0,0.0,0.7724145911917336,0.29613141837248647,0.0,0.0,0.0,0.0,0.21668675883539654,0.0,168.96336009449215,0.0,0.0,0.24778704563068288,0.0,1.05e-08
1842.0,0.8492767818957031,0.720150916,0.228059463,0.0,0.0,0.7621332578226024,0.3038302829084972,0.0,0.0,0.0,0.0,0.21668675883539654,0.0,169.06953467888886,0.0,0.0,0.27617516702121486,0.0,1.05e-08
1843.0,0.8473045979858326,0.709780554,0.242739325,0.0,0.0,0.7511583390934012,0.31283301772782773,0.0,0.0,0.0,0.0,0.21668675883539654,0.0,169.17570926207438,0.0,0.0,0.3045065548566241,0.0,1.05e-08
1844.0,0.8524866664569365,0.708241756,0.255982564,0.0,0.0,0.749529834419152,0.3196435908731811,0.0,0.0,0.0,0.0,0.21668675883539654,0.0,169.28188384404876,0.0,0.0,0.33137645562662726,0.0,1.05e-08
1845.0,0.8635424596454943,0.692442971,0.267924049,0.0,0.0,0.7328100341464979,0.3474191843343929,0.0,0.0,0.0,0.0,0.21668675883539654,0.0,169.3880584248119,0.0,0.0,0.3339706889164935,0.0,1.05e-08
1846.0,0.8756560800343518,0.638806817,0.282881676,0.0,0.0,0.6760470753320503,0.4162957635376981,0.0,0.0,0.0,0.0,0.21668675883539654,0.0,169.49423300436393,0.0,-1.1102230246251565e-16,0.3031346499472755,0.0,1.05e-08
1847.0,0.896840461598249,0.488599854,0.315816105,0.0,0.0,0.517083558775433,0.6296453862601753,0.0,0.033201724601962655,0.0,0.0,0.21668675883539654,0.0,169.60040758270475,0.0,0.0,0.17354453476307208,0.0,1.05e-08
1848.0,0.9235495277305135,0.199314194,0.380784112,0.0,0.0,0.2109335316092359,0.9684178735729368,0.0,0.039115118616262795,0.0,0.029881552141766392,0.21668675883539654,0.0,169.7065821598344,0.0,2.7755575615628914e-17,1.1102230246251565e-16,0.0,1.050001191887853e-08
1849.0,0.922082702564106,0.004000873,0.42339123,0.0,0.0,0.0042341102481142845,1.0767771598780105,0.0,0.0,0.05775819127337779,0.06508512497695662,0.21668675883539654,0.0,169.81275673575288,0.0,0.0,0.0,0.0,1.166669315307843e-08
1850.0,0.8982751665055382,0.0,0.435524632,0.0,0.0,0.0,1.1076350738343723,0.0,0.0,0.007326851506562529,0.00732685982350092,0.21668675883539654,0.0,169.91893131046018,0.0,0.0,0.0,0.0,1.166670639630686e-08
1851.0,0.8573603804405037,0.0,0.431004761,0.0,0.0,0.0,1.0740471392759003,0.0,0.0,0.0,0.0,0.21668675883539654,0.0,170.0251058839563,0.0,0.0,0.022092906996387107,0.0,1.05e-08
1852.0,0.816914550158598,0.0,0.435100713,0.0,0.0,0.0,1.0336013089939946,0.0,0.0,0.0,0.0,0.21668675883539654,0.0,170.13128045624126,0.0,0.0,0.07295564544513566,0.0,1.05e-08
1853.0,0.7879399350831816,0.0,0.442710713,0.0,0.0,0.0,1.0046266939185782,0.0,0.0,0.0,0.0,0.21668675883539654,0.0,170.237455027315,0.0,0.0,0.1212841668040423,0.0,1.05e-08
1854.0,0.7703615879429782,0.0,0.453155964,0.0,0.0,0.0,0.9870483467783747,0.0,0.0,0.0,0.0,0.21668675883539654,0.0,170.34362959717762,0.0,0.0,0.1654270880522003,0.0,1.05e-08
1855.0,0.7612073140942304,0.0,0.464511616,0.0,0.0,0.0,0.9778940729296269,0.0,0.0,0.0,0.0,0.21668675883539654,0.0,170.44980416582902,0.0,0.0,0.20346128628937488,0.0,1.05e-08
1856.0,0.7653187072613873,0.0,0.476603684,0.0,0.0,0.0,0.982005466096784,0.0,0.0,0.0,0.0,0.21668675883539654,0.0,170.55597873326928,0.0,0.0,0.23010268561178304,0.0,1.05e-08
1857.0,0.7973533123554846,0.0,0.487484278,0.0,0.0,0.0,1.0140400711908812,0.0,0.0,0.0,0.0,0.21668675883539654,0.0,170.66215329949836,0.0,0.0,0.2257398277692897,0.0,1.05e-08
1858.0,0.8627051915578077,0.0,0.493614043,0.0,0.0,0.0,1.0793919503932041,0.0,0.0,0.0,0.0,0.21668675883539654,0.0,170.76832786451624,0.0,0.0,0.1759772911884936,0.0,1.05e-08
1859.0,0.9255880935092288,0.0,0.502044407,0.0,0.0,0.0,1.1422748523446253,0.0,0.0,0.0,0.0,0.21668675883539654,0.0,170.87450242832293,0.0,0.0,0.1345346618772445,0.0,1.05e-08
1860.0,0.9516483304073011,0.0,0.486921521,0.0,0.0,0.0,1.215055572975803,0.0,0.04672048373310525,0.0,0.0,0.21668675883539654,0.0,170.9806769909185,0.0,0.0,0.02329311097275455,0.0,1.05e-08
1861.0,0.9644450416400769,0.067453644,0.419821068,0.0,0.0,0.07138596134719911,1.0676974514989201,0.0,0.0,0.04204838762935429,0.042048435359794724,0.21668675883539654,0.0,171.08685155230285,0.0,0.0,0.0,0.0,1.1666679909865032e-08
1862.0,0.9687984074259258,0.441154797,0.461902338,0.0,0.0,0.46687261679700315,0.7186125494643192,0.0,0.0,0.0,0.0,0.21668675883539654,0.0,171.19302611247608,0.0,0.0,0.4561068410451461,0.0,1.05e-08
1863.0,0.9625092606905405,0.764086246,0.512243489,0.0,0.0,0.8086298676893197,0.3705661518366174,0.0,0.0,0.0,0.0,0.21668675883539654,0.0,171.29920067143806,0.0,0.0,0.9321818745016299,0.0,1.05e-08
1864.0,0.9529609783299403,0.821911941,0.502167463,0.0,0.0,0.8698266034526971,0.2998211337126398,0.0,0.0,0.0,0.0,0.21668675883539654,0.0,171.4053752291889,0.0,-1.1102230246251565e-16,0.9773013390232408,0.0,1.05e-08
1865.0,0.9460636880219131,0.818079063,0.4864811,0.0,0.0,0.8657702817400179,0.2969801651172917,0.0,0.0,0.0,0.0,0.21668675883539654,0.0,171.51154978572856,0.0,0.0,0.9402484312150661,0.0,1.05e-08
1866.0,0.9399736868930619,0.801579822,0.475704229,0.0,0.0,0.8483091912719608,0.3083512544564977,0.0,0.0,0.0,0.0,0.21668675883539654,0.0,171.61772434105706,0.0,-1.1102230246251565e-16,0.9014693850607136,0.0,1.05e-08
1867.0,0.936412620832134,0.786427388,0.472862819,0.0,0.0,0.832273422057773,0.3208259576097575,0.0,0.0,0.0,0.0,0.21668675883539654,0.0,171.7238988951744,0.0,-1.1102230246251565e-16,0.8817683503893233,0.0,1.05e-08
1868.0,0.937564667459181,0.789832483,0.474978744,0.0,0.0,0.8358770224808063,0.3183744038137713,0.0,0.0,0.0,0.0,0.21668675883539654,0.0,171.8300734480805,0.0,-1.1102230246251565e-16,0.8896011675431146,0.0,1.05e-08
1869.0,0.9436054175240506,0.781639934,0.47937759,0.0,0.0,0.8272068758205453,0.3330853005389018,0.0,0.0,0.0,0.0,0.21668675883539654,0.0,171.93624799977547,0.0,-1.1102230246251565e-16,0.886077505146434,0.0,1.05e-08
1870.0,0.9515840898890643,0.734554282,0.482775453,0.0,0.0,0.7773762909276124,0.39089455779684845,0.0,0.0,0.0,0.0,0.21668675883539654,0.0,172.04242255025926,0.0,0.0,0.8369097619576252,0.0,1.05e-08
1871.0,0.9649910860450899,0.572678459,0.49506353,0.0,0.0,0.606063659637833,0.8124969082153294,0.0,0.23688272297267599,0.0,0.0,0.21668675883539654,0.0,172.14859709953186,0.0,0.0,0.4465586980913535,0.0,1.05e-08
1872.0,0.9802760466842387,0.252057824,0.511597925,0.0,0.0,0.2667519353190632,1.2234895174461908,0.0,0.2932786472456189,0.0,0.21319445067540838,0.21668675883539654,0.0,172.2547716475933,0.0,0.0,0.07761669743923183,0.0,1.05e-08
1873.0,0.9702994942020596,0.009447172,0.510682737,0.0,0.0,0.009997909901388602,1.2987786902094995,0.0,0.12179034707343184,0.0,0.47714499119304865,0.21668675883539654,0.0,172.36094619444353,0.0,-1.734723475976807e-18,0.0,0.0,1.0500023837770588e-08
1874.0,0.9383141401719439,0.0,0.4906449,0.0,0.0,0.0,1.2478180569083361,0.0,0.09281715790099561,0.0,0.5867557619375434,0.21668675883539654,0.0,172.46712074008263,0.0,0.0,0.0,0.0,1.0500035756676175e-08
1875.0,0.8917140682429504,0.0,0.469260695,0.0,0.0,0.0,1.1934333132136,0.0,0.08503248613525285,0.0,0.6702905380043714,0.21668675883539654,0.0,172.57329528451052,0.0,0.0,0.0,0.0,1.0500047675595293e-08
1876.0,0.8454180681002778,0.0,0.448581971,0.0,0.0,0.0,1.1408427631008324,0.0,0.07873793616515817,0.0,0.7468190146592005,0.21668675883539654,0.0,172.67946982772725,0.0,0.0,0.0,0.0,1.050005959452794e-08
1877.0,0.810985150325339,0.0,0.428879571,0.0,0.0,0.0,1.0907352199786462,0.0,0.06306331081791053,0.0,0.8176823094711748,0.21668675883539654,0.0,172.7856443697328,0.0,0.0,0.0,0.0,1.0500071513474118e-08
1878.0,0.7884560005796841,0.0,0.412409117,0.0,0.0,0.0,1.0488472274474323,0.0,0.043704468032351604,0.0,0.8744383610315744,0.21668675883539654,0.0,172.89181891052718,0.0,0.0,0.0,0.0,1.0500083432433824e-08
1879.0,0.7793659672491733,0.0,0.399279978,0.0,0.0,0.0,1.0154569349653144,0.0,0.01940420888074448,0.0,0.913771389659474,0.21668675883539654,0.0,172.9979934501104,0.0,0.0,0.0,0.0,1.050009535140706e-08
1880.0,0.7822589319204383,0.0,0.394731071,0.0,0.0,0.0,1.00388806245936,0.0,0.004942371703525246,0.0,0.9312341404028266,0.21668675883539654,0.0,173.10416798848243,0.0,0.0,0.0,0.0,1.0500107270393827e-08
1881.0,0.8083020380136475,0.0,0.390440931,0.0,0.0,0.0,0.9929772914339917,0.0,0.0,0.032011505415052405,0.9356812178641895,0.21668675883539654,0.0,173.21034252564328,0.0,0.0,1.1102230246251565e-16,0.0,1.16667990993268e-08
1882.0,0.8694632940763217,0.0,0.382768111,0.0,0.0,0.0,0.9734636200529024,0.0,0.0,0.11268643285881581,0.9036686503293163,0.21668675883539654,0.0,173.31651706159298,0.0,0.0,1.1102230246251565e-16,0.0,1.1666812342675498e-08
1883.0,0.9356845616254499,0.0,0.370272844,0.0,0.0,0.0,0.9416854036921681,0.0,0.0,0.2106859167686783,0.7909811916891053,0.21668675883539654,0.0,173.42269159633148,0.0,0.0,0.0,0.0,1.1666825586039226e-08
1884.0,0.9646377631947873,0.0,0.352224619,0.0,0.0,0.0,0.8957847919663672,0.0,0.0,0.2855397300638167,0.580294377053947,0.21668675883539654,0.0,173.5288661298588,0.0,0.0,1.1102230246251565e-16,0.0,1.1666838829417986e-08
1885.0,0.9835009206997274,0.082006055,0.307045797,0.0,0.0,0.08678672826728656,0.7808850959103242,0.0,0.0,0.2932786472456189,0.29475398828057403,0.1774495507235023,0.0,173.63504066217493,0.0,0.0,1.1102230246251565e-16,0.0,0.019953871766596475
1886.0,0.9940149521844879,0.465834782,0.281625368,0.0,0.0,0.4929913607340906,0.7162353455092575,0.0,0.0,0.0014750047765363502,0.0014750064508604226,0.21668675883539654,0.0,173.7219889613051,0.0,0.0,0.0,0.0,1.1666865316220604e-08
1887.0,0.9923661122164094,0.714198197,0.289371851,0.0,0.0,0.755833515610829,0.4778146768682574,0.0,0.024595321427280513,0.0,0.0,0.21668675883539654,0.0,173.82816349141822,0.0,-1.1102230246251565e-16,0.2581216812571172,0.0,1.05e-08
1888.0,0.9863146553985004,0.766408626,0.287432866,0.0,0.0,0.8110876345212127,0.6851924269583032,0.0,0.2932786472456189,0.0,0.022135789284552464,0.21668675883539654,0.0,173.93433802032015,0.0,-1.1102230246251565e-16,0.045812665204509884,0.0,1.05e-08
1889.0,0.9806015319766387,0.757369926,0.286322782,0.0,0.0,0.8015220091440435,0.6890449289136106,0.0,0.2932786472456189,0.0,0.286086546678611,0.21668675883539654,0.0,174.04051254801092,0.0,0.0,0.03913697511480008,0.0,1.05e-08
1890.0,0.9760789994927661,0.732743716,0.293690242,0.0,0.0,0.7754601751060187,0.7105842304677629,0.0,0.2932786472456189,0.0,0.5500370044542463,0.21668675883539654,0.0,174.14668707449053,0.0,0.0,0.03633474719893459,0.0,1.05e-08
1891.0,0.9699740089096597,0.712030335,0.304820236,0.0,0.0,0.753539274651244,0.726400140339431,0.0,0.2932786472456189,0.0,0.8139871626117985,0.21668675883539654,0.0,174.25286159975897,0.0,0.0,0.048824863715152045,0.0,1.05e-08
1892.0,0.9717063615514461,0.699211157,0.312866021,0.0,0.0,0.7399727823026488,0.7416989853298126,0.0,0.2932786472456189,0.0,1.0779370211516075,0.21668675883539654,0.0,174.35903612381622,0.0,0.0,0.05398822225527122,0.0,1.05e-08
1893.0,0.9788242109720865,0.674256031,0.310237287,0.0,0.0,0.7135628575838229,0.7752267594692792,0.0,0.2932786472456189,0.0,1.3418865800740136,0.21668675883539654,0.0,174.46521064666229,0.0,0.0,0.013774998512621317,0.0,1.05e-08
1894.0,0.9833317540017037,0.604656072,0.288473219,0.0,0.0,0.6399054583936377,0.7336509390043042,0.0,0.17353788456084157,0.0,1.6058358393793573,0.21668675883539654,0.0,174.57138516829718,0.0,0.0,0.0,0.0,1.0500083432433824e-08
1895.0,0.9945609965895009,0.452679336,0.262378068,0.0,0.0,0.47906899710817347,0.6672852219336699,0.0,2.2223551335639654e-06,0.0,1.7620181126516783,0.1517910000972089,0.0,174.67755968872092,0.0,-5.551115123125783e-17,1.1102230246251565e-16,0.0,0.019953874042814585
1896.0,1.009618974064213,0.156534654,0.285285966,0.0,0.0,0.1656600903568855,0.7255450525570278,0.0,0.0,0.1184138311502997,1.7620181126516783,0.0,0.0,174.7519352861517,0.0,0.0,0.0,0.0,0.04072164326665843
1897.0,1.0007666306511782,0.001295595,0.290151442,0.0,0.0,0.0013711237689638302,0.7379190297618333,0.0,0.0,0.261476477120381,1.6436022813817583,0.0,0.0,174.7519332926865,0.0,-2.168404344971009e-19,1.1102230246251565e-16,0.0,0.04072168949106982
1898.0,0.9693894201937046,0.0,0.290833532,0.0,0.0,0.0,0.7396537348783783,0.0,0.0,0.22973568531532634,1.3821239385591195,0.0,0.0,174.75193129922127,0.0,0.0,0.0,0.0,0.04072173571553368
1899.0,0.9229456668590873,0.0,0.287352339,0.0,0.0,0.0,0.7308002942638261,0.0,0.0,0.1921453725952612,1.152386684353447,0.0,0.0,174.7519293057561,0.0,0.0,0.0,0.0,0.04072178194005002
1900.0,0.8811465029929925,0.0,0.285962,0.0,0.0,0.0,0.7272643559315946,0.0,0.0,0.15388214706139788,0.9602400036494888,0.0,0.0,174.75192731229095,0.0,0.0,0.0,0.0,0.04072182816461883
1901.0,0.8499834275963082,0.0,0.290729169,0.0,0.0,0.0,0.7393883167809454,0.0,0.0,0.1105951108153628,0.8063567665908554,0.0,0.0,174.7519253188258,0.0,0.0,0.0,0.0,0.0407218743892401
1902.0,0.8299403859064185,0.0,0.299848426,0.0,0.0,0.0,0.7625805960651848,0.0,0.0,0.0673597898412336,0.6957607404557362,0.0,0.0,174.75192332536068,0.0,0.0,1.1102230246251565e-16,0.0,0.04072192061391385
1903.0,0.8228482326930728,0.0,0.308290959,0.0,0.0,0.0,0.7840518171528685,0.0,0.0,0.038796415540204285,0.6284001608356135,0.0,0.0,174.7519213318956,0.0,0.0,1.1102230246251565e-16,0.0,0.04072196683864006
1904.0,0.8293408077362081,0.0,0.310624805,0.0,0.0,0.0,0.7899873016159565,0.0,0.0,0.03935350612025162,0.5896030319795346,0.0,0.0,174.75191933843053,0.0,0.0,0.0,0.0,0.040722013063418744
1905.0,0.8551526479637648,0.0,0.303278104,0.0,0.0,0.0,0.7713030226873331,0.0,0.0,0.08384962527643167,0.5502488565831932,0.0,0.0,174.75191734496548,0.0,0.0,0.0,0.0,0.040722059288249915
1906.0,0.9144038192841973,0.0,0.292924039,0.0,0.0,0.0,0.744970354663264,0.0,0.0,0.1694334646209334,0.466398606702777,0.0,0.0,174.75191535150043,0.0,0.0,0.0,0.0,0.040722105513133544
1907.0,0.9782481876585629,0.0,0.281263053,0.0,0.0,0.0,0.7153138986557617,0.0,0.0,0.26293428900280114,0.29696461265879315,0.0,0.0,174.75191335803544,0.0,0.0,1.1102230246251565e-16,0.0,0.04072215173806965
1908.0,1.0094819276253078,0.0,0.258950246,0.0,0.0,0.0,0.6585675155283498,0.0,0.0,0.03402994793409259,0.03402998656255124,0.0,0.31688446416286536,174.75191136457047,0.0,0.0,0.0,0.0,0.04072219796305822
1909.0,1.0253900212913538,0.086626698,0.208915147,0.0,0.0,0.09167673899224023,0.5313172373507997,0.0,0.0,0.0,0.0,0.0,0.40239604494831377,174.43502490694263,0.0,0.0,0.0,0.0,0.04072219842759262
1910.0,1.028781920654258,0.400967163,0.162881937,0.0,0.0,0.42434218082293806,0.41424464441147973,0.0,0.0,0.0,0.0,0.0,0.1901950954198403,174.03262687214422,0.0,-5.551115123125783e-17,0.0,0.0,0.04072219889212704
1911.0,1.0187325622514107,0.607269773,0.177873237,0.0,0.0,0.6426715292460757,0.45237082250184596,0.0,0.0,0.0,0.0,0.07630978949651089,0.0,173.84242979146458,0.0,0.0,0.0,0.0,0.019953877684764115
1912.0,1.0054711779367218,0.665486792,0.18545545,0.0,0.0,0.7042824018637679,0.4716540603235886,0.0,0.0,0.0,0.0,0.17046528425063476,0.0,173.87981960522774,0.0,1.1102230246251565e-16,0.0,0.0,0.01995387791238598
1913.0,0.9919935172106358,0.676475289,0.186239766,0.0,0.0,0.7159114907548857,0.4736487486758411,0.0,0.0,0.0,0.0,0.19756672222009108,0.0,173.96334561099388,0.0,0.0,5.551115123125783e-17,0.0,0.01995387814000785
1914.0,0.9822996230086988,0.669805346,0.188126175,0.0,0.0,0.7088527128305082,0.47844630228928825,0.0,0.0,0.0,0.0,0.2049993921110977,0.0,174.06015132041225,0.0,-1.1102230246251565e-16,5.551115123125783e-17,0.0,0.019953878367629723
1915.0,0.9736635560070614,0.663866818,0.191794795,0.0,0.0,0.7025679889056264,0.4877764110500948,0.0,0.0,0.0,0.0,0.21668084394865983,0.0,174.16059903697294,0.0,0.0,0.0,0.0,0.0199538785952516
1916.0,0.9706528170523622,0.658596656,0.194984928,0.0,0.0,0.6969905944386131,0.4958896219717596,0.0,0.005540640522614076,0.0,0.0,0.21668675883539654,0.0,174.26677066378815,0.0,0.0,5.551115123125783e-17,0.0,0.01995383397764898
1917.0,0.9742973957869981,0.64011802,0.193005175,0.0,0.0,0.677434716994172,0.49085467400507654,0.0,0.0,0.0,0.004986576470352668,0.19399199521225038,0.0,174.37294518768672,0.0,0.0,0.0,0.0,0.01995387905049536
1918.0,0.9782267741524839,0.579430258,0.188847031,0.0,0.0,0.6132090654877832,0.4802795978829665,0.0,0.027688170526226918,0.0,0.004986570809940119,0.08757371869203892,0.0,174.46799927619878,0.0,0.0,5.551115123125783e-17,0.0,0.019953879278117242
1919.0,0.9907151308977229,0.439180003,0.220030493,0.0,0.0,0.4647826990432243,0.5595860106481149,0.0,0.03365357879361625,0.0,0.02990591862313822,0.0,0.0,174.51090840813163,0.0,0.0,0.0,0.0,0.019953901928389937
1920.0,1.011379164263902,0.154115704,0.311327279,0.0,0.0,0.1631001238234124,0.7917738477345622,0.0,0.0,0.05650519270592756,0.06019410559028744,0.0,0.0,174.51090641741587,0.0,0.0,0.0,0.0,0.022171027309653712
1921.0,1.0076639209592055,0.005421851,0.392509121,0.0,0.0,0.005737926418271382,0.9982371541720275,0.0,0.0,0.003688840368906682,0.003688844556224803,0.0,0.0,174.51090442670017,0.0,0.0,0.0,0.0,0.02217105247668051
1922.0,0.9791539789657021,0.0,0.46710758,0.0,0.0,0.0,1.1879574674938131,0.0,0.0,0.0,0.0,0.20880348852811098,0.0,174.51090243598446,0.0,0.0,0.0,0.0,0.0199538801886048
1923.0,0.9323697508844296,0.0,0.514321643,0.0,0.0,0.0,1.308033229723091,0.0,0.15897672000326474,0.0,0.0,0.21668675883539654,0.0,174.61321415464755,0.0,0.0,0.0,0.0,0.0179583309323272
1924.0,0.8924249966447713,0.0,0.526710514,0.0,0.0,0.0,1.3395408576195758,0.0,0.23042910213940798,0.0,0.14307904800293827,0.21668675883539654,0.0,174.71938867459411,0.0,0.0,0.0,0.0,0.017958351317390528
1925.0,0.8626259615853156,0.0,0.519631595,0.0,0.0,0.0,1.3215376073023066,0.0,0.24222488688159446,0.0,0.3504650775150857,0.21668675883539654,0.0,174.82556319332954,0.0,0.0,0.0,0.0,0.017958371702477
1926.0,0.843469439047094,0.0,0.503933532,0.0,0.0,0.0,1.2816139752215805,0.0,0.22145777733908997,0.0,0.5684670778850973,0.21668675883539654,0.0,174.93173771085375,0.0,0.0,0.0,0.0,0.01795839208758661
1927.0,0.8377434675215849,0.0,0.475757741,0.0,0.0,0.0,1.209956732320502,0.0,0.15552650596352044,0.0,0.7677784322062441,0.21668675883539654,0.0,175.03791222716677,0.0,0.0,0.0,0.0,0.01795841247271936
1928.0,0.8448570342410094,0.0,0.444567711,0.0,0.0,0.0,1.1306336156845953,0.0,0.06908982260818936,0.0,0.9077514160450808,0.21668675883539654,0.0,175.14408674226863,0.0,0.0,0.0,0.0,0.017958432857875253
1929.0,0.8740008160144496,0.0,0.412940434,0.0,0.0,0.0,1.050198483613638,0.0,0.0,0.040489091236208155,0.9699312259765864,0.21668675883539654,0.0,175.25026125615932,0.0,0.0,0.0,0.0,0.01995383693672698
1930.0,0.9386032225040096,0.0,0.380459426,0.0,0.0,0.0,0.9675921255551233,0.0,0.0,0.18769785578428297,0.9294410337423457,0.21668675883539654,0.0,175.35643576883882,0.0,0.0,0.0,0.0,0.01995385958695161
1931.0,1.0024582976314147,0.0,0.356673711,0.0,0.0,0.0,0.9070998129406939,0.0,0.0,0.10872691946050317,0.7417421229216621,0.013368434769782358,0.0,175.46261028030716,0.0,0.0,0.0,0.0,0.019953882237201955
1932.0,1.0248611076912038,0.0,0.331727275,0.0,0.0,0.0,0.8436555311468585,0.0,0.0,0.18120557654434527,0.633014361487423,0.0,0.0,175.46915881177216,0.0,0.0,0.0,0.0,0.01995390488747801
1933.0,1.0187304209008028,0.081484039,0.241673588,0.0,0.0,0.08623428051518855,0.6146291686395309,0.0,0.0,0.2932786472456189,0.4518080663894855,0.0,0.024588324500464373,175.46915681012527,0.0,-1.3877787807814457e-17,0.0,0.0,0.04072220957641999
1934.0,1.0027409559116567,0.354557011,0.184406266,0.0,0.0,0.37522647527573827,0.4689857543038597,0.0,0.0,0.1585287263320588,0.1585289062829762,0.0,0.0,175.44456648397798,0.0,0.0,0.0,0.0,0.019953950188107254
1935.0,0.982556585081646,0.517658437,0.223467427,0.0,0.0,0.5478361580396385,0.5683268908765697,0.0,0.0,0.0,0.0,0.13360646383456218,0.0,175.44456448261158,0.0,0.0,0.0,0.0,0.019953883147689647
1936.0,0.9690039770842837,0.559259595,0.26834712,0.0,0.0,0.5918625216410878,0.5938282142785924,0.0,0.0,0.0,0.0,0.21668675883539654,0.0,175.5100296485242,0.0,0.0,0.08863762171674372,0.0,1.05e-08
1937.0,0.9572629517011998,0.578512873,0.291555586,0.0,0.0,0.6122382000716687,0.5617115104649277,0.0,0.0,0.0,0.0,0.21668675883539654,0.0,175.61620415824044,0.0,-1.1102230246251565e-16,0.1797785667850167,0.0,1.05e-08
1938.0,0.9436525272374242,0.58519278,0.299523907,0.0,0.0,0.619307522863257,0.5410317632095638,0.0,0.0,0.0,0.0,0.21668675883539654,0.0,175.7223786667455,0.0,0.0,0.22072350955559317,0.0,1.05e-08
1939.0,0.9315646030558614,0.579007908,0.301527816,0.0,0.0,0.6127620939235044,0.5354892679677536,0.0,0.0,0.0,0.0,0.21668675883539654,0.0,175.82855317403937,0.0,-1.1102230246251565e-16,0.23136238679302001,0.0,1.05e-08
1940.0,0.9274660579923519,0.571684774,0.307784105,0.0,0.0,0.6050120461919931,0.5391407706357554,0.0,0.0,0.0,0.0,0.21668675883539654,0.0,175.93472768012205,0.0,0.0,0.2436220051484651,0.0,1.05e-08
1941.0,0.9284510792719832,0.550064581,0.320884842,0.0,0.0,0.5821314696909374,0.5630063684164425,0.0,0.0,0.0,0.0,0.21668675883539654,0.0,176.0409021849936,0.0,-1.1102230246251565e-16,0.2530744673076799,0.0,1.05e-08
1942.0,0.9344083166631449,0.490074928,0.344404729,0.0,0.0,0.5186446245578578,0.6324504509406838,0.0,0.0,0.0,0.0,0.21668675883539654,0.0,176.14707668865393,0.0,0.0,0.24344663823892887,0.0,1.05e-08
1943.0,0.9525177187541062,0.372479869,0.429980099,0.0,0.0,0.39419417475865043,0.7750103028308523,0.0,0.0,0.0,0.0,0.21668675883539654,0.0,176.25325119110312,0.0,0.0,0.3185238022692599,0.0,1.05e-08
1944.0,0.978428061109626,0.149875889,0.583784964,0.0,0.0,0.15861314207177757,1.036501677873245,0.0,0.0,0.0,0.0,0.21668675883539654,0.0,176.35942569234112,0.0,0.0,0.4481920781013571,0.0,1.05e-08
1945.0,0.98158655325627,0.014933034,0.647934008,0.0,0.0,0.015803578942605534,1.182469733149061,0.0,0.0,0.0,0.0,0.21668675883539654,0.0,176.46560019236796,0.0,0.0,0.46536917207015227,0.0,1.05e-08
1946.0,0.9544278034963478,0.0,0.648443951,0.0,0.0,0.0,1.1711145623317445,0.0,0.0,0.0,0.0,0.21668675883539654,0.0,176.5717746911836,0.0,0.0,0.4780212402635424,0.0,1.05e-08
1947.0,0.9168942100411783,0.0,0.638392773,0.0,0.0,0.0,1.133580968876575,0.0,0.0,0.0,0.0,0.21668675883539654,0.0,176.6779491887881,0.0,0.0,0.48999247405370827,0.0,1.05e-08
1948.0,0.8771807216671724,0.0,0.629102405,0.0,0.0,0.0,1.093867480502569,0.0,0.0,0.0,0.0,0.21668675883539654,0.0,176.78412368518138,0.0,0.0,0.5060785101792076,0.0,1.05e-08
1949.0,0.8486493661675901,0.0,0.61214547,0.0,0.0,0.0,1.0653361250029867,0.0,0.0,0.0,0.0,0.21668675883539654,0.0,176.8902981803635,0.0,0.0,0.49148464480556564,0.0,1.05e-08
1950.0,0.8317862301304233,0.0,0.599770205,0.0,0.0,0.0,1.04847298896582,0.0,0.0,0.0,0.0,0.21668675883539654,0.0,176.99647267433446,0.0,0.0,0.4768747560012927,0.0,1.05e-08
1951.0,0.8243621675728541,0.0,0.592701156,0.0,0.0,0.0,1.0410489264082508,0.0,0.0,0.0,0.0,0.21668675883539654,0.0,177.10264716709426,0.0,0.0,0.46632066982569476,0.0,1.05e-08
1952.0,0.831083867131034,0.0,0.588506588,0.0,0.0,0.0,1.0477706259664306,0.0,0.0,0.0,0.0,0.21668675883539654,0.0,177.20882165864285,0.0,0.0,0.4489312598901527,0.0,1.05e-08
1953.0,0.8592661824815295,0.0,0.576137306,0.0,0.0,0.0,1.0759529413169262,0.0,0.0,0.0,0.0,0.21668675883539654,0.0,177.31499614898027,0.0,0.0,0.3892911357851154,0.0,1.05e-08
1954.0,0.9247850870312684,0.0,0.561481526,0.0,0.0,0.0,1.141471845866665,0.0,0.0,0.0,0.0,0.21668675883539654,0.0,177.42117063810653,0.0,0.0,0.28649935441127017,0.0,1.05e-08
1955.0,0.9853317754694769,0.0,0.551397722,0.0,0.0,0.0,1.2020185343048735,0.0,0.0,0.0,0.0,0.21668675883539654,0.0,177.5273451260216,0.0,0.0,0.20030733120340538,0.0,1.05e-08
1956.0,1.0017687827356727,0.0,0.518902179,0.0,0.0,0.0,1.2184555415710694,0.0,0.0,0.0,0.0,0.21668675883539654,0.0,177.6335196127255,0.0,0.0,0.10122700017201547,0.0,1.05e-08
1957.0,0.9985117884610657,0.064871654,0.458983932,0.0,0.0,0.0686534501378884,1.1465450971585738,0.0,0.0,0.0,0.0,0.21668675883539654,0.0,177.73969409821825,0.0,0.0,0.020752144044560827,0.0,1.05e-08
1958.0,0.9866508474439397,0.338119032,0.446567003,0.0,0.0,0.357830218173304,0.8455073881060322,0.0,0.0,0.0,0.0,0.21668675883539654,0.0,177.84586858249978,0.0,0.0,0.29021086752617586,0.0,1.05e-08
1959.0,0.9690039770842837,0.633903739,0.536236365,0.0,0.0,0.6708581646100394,0.5148325713096409,0.0,0.0,0.0,0.0,0.21668675883539654,0.0,177.95204306557017,0.0,-1.1102230246251565e-16,0.8489346236981732,0.0,1.05e-08
1960.0,0.9526312103363246,0.716639741,0.597939897,0.0,0.0,0.7584173932974294,0.4109005758742917,0.0,0.0,0.0,0.0,0.21668675883539654,0.0,178.05821754742936,0.0,0.0,1.1097922926799535,0.0,1.05e-08
1961.0,0.9379758067758966,0.740024125,0.626929428,0.0,0.0,0.7831650071157734,0.37149755849551963,0.0,0.0,0.0,0.0,0.21668675883539654,0.0,178.1643920280774,0.0,0.0,1.2229220730253922,0.0,1.05e-08
1962.0,0.9267101612277653,0.73824424,0.643782831,0.0,0.0,0.7812813608918205,0.3621155591713412,0.0,0.0,0.0,0.0,0.21668675883539654,0.0,178.27056650751425,0.0,0.0,1.2751659885414095,0.0,1.05e-08
1963.0,0.9183995795185279,0.732625206,0.657344883,0.0,0.0,0.7753347563772802,0.35975158197664425,0.0,0.0,0.0,0.0,0.21668675883539654,0.0,178.37674098573993,0.0,0.0,1.3120212513366085,0.0,1.05e-08
1964.0,0.9160590833040996,0.740279172,0.670548425,0.0,0.0,0.7834349224858567,0.3493109196536395,0.0,0.0,0.0,0.0,0.21668675883539654,0.0,178.48291546275445,0.0,0.0,1.3560414293597616,0.0,1.05e-08
1965.0,0.9163460242855573,0.746534301,0.678672559,0.0,0.0,0.7900547041690484,0.3429780789519055,0.0,0.0,0.0,0.0,0.21668675883539654,0.0,178.58908993855778,0.0,0.0,1.383035732357227,0.0,1.05e-08
1966.0,0.9195259299382802,0.73183246,0.688357029,0.0,0.0,0.774495795989697,0.3617168927839797,0.0,0.0,0.0,0.0,0.21668675883539654,0.0,178.69526441314994,0.0,0.0,1.3889266589699978,0.0,1.05e-08
1967.0,0.93078301008398,0.629241872,0.706167395,0.0,0.0,0.6659245266665091,0.4815452422528674,0.0,0.0,0.0,0.0,0.21668675883539654,0.0,178.80143888653092,0.0,0.0,1.3143939933958095,0.0,1.05e-08
1968.0,0.9479245217001732,0.333260742,0.718645824,0.0,0.0,0.3526887064389123,0.8119225740966575,0.0,0.0,0.0,0.0,0.21668675883539654,0.0,178.90761335870073,0.0,-5.551115123125783e-17,1.0157520551697838,0.0,1.05e-08
1969.0,0.9475733402004785,0.024376006,0.720077456,0.0,0.0,0.02579704399832118,1.1384630550375536,0.0,0.0,0.0,0.0,0.21668675883539654,0.0,179.01378782965935,0.0,0.0,0.6928525297558843,0.0,1.05e-08
1970.0,0.928699475942499,0.0,0.698046937,0.0,0.0,0.0,1.1453862347778956,0.0,0.0,0.0,0.0,0.21668675883539654,0.0,179.1199622994068,0.0,0.0,0.6299008874527763,0.0,1.05e-08
1971.0,0.8932151550190842,0.0,0.673050463,0.0,0.0,0.0,1.1099019138544808,0.0,0.0,0.0,0.0,0.21668675883539654,0.0,179.2261367679431,0.0,0.0,0.6018136689262963,0.0,1.05e-08
1972.0,0.8549149580462885,0.0,0.651694711,0.0,0.0,0.0,1.0716017168816852,0.0,0.0,0.0,0.0,0.21668675883539654,0.0,179.33231123526818,0.0,0.0,0.5858014844508055,0.0,1.05e-08
1973.0,0.822846091342465,0.0,0.645057264,0.0,0.0,0.0,1.0395328501778616,0.0,0.0,0.0,0.0,0.21668675883539654,0.0,179.43848570138212,0.0,0.0,0.6009898613780673,0.0,1.05e-08
1974.0,0.8011049586205151,0.0,0.638134198,0.0,0.0,0.0,1.0177917174559117,0.0,0.0,0.0,0.0,0.21668675883539654,0.0,179.54466016628487,0.0,0.0,0.6051241122920783,0.0,1.05e-08
1975.0,0.7886551461862182,0.0,0.63200807,0.0,0.0,0.0,1.0053419050216148,0.0,0.0,0.0,0.0,0.21668675883539654,0.0,179.65083462997646,0.0,0.0,0.6019938317969842,0.0,1.05e-08
1976.0,0.7858264220331901,0.0,0.62079522,0.0,0.0,0.0,1.0025131808685868,0.0,0.0,0.0,0.0,0.21668675883539654,0.0,179.75700909245688,0.0,0.0,0.5763058085031219,0.0,1.05e-08
1977.0,0.7945181641506326,0.0,0.601955038,0.0,0.0,0.0,1.0112049229860292,0.0,0.0,0.0,0.0,0.21668675883539654,0.0,179.8631835537261,0.0,0.0,0.5196993335615141,0.0,1.05e-08
1978.0,0.8190516180652765,0.0,0.579661249,0.0,0.0,0.0,1.0357383769006732,0.0,0.0,0.0,0.0,0.21668675883539654,0.0,179.96935801378416,0.0,0.0,0.4384678634826251,0.0,1.05e-08
1979.0,0.848570136195098,0.0,0.553261371,0.0,0.0,0.0,1.0652568950304946,0.0,0.0,0.0,0.0,0.21668675883539654,0.0,180.07553247263107,0.0,0.0,0.3418086403978,0.0,1.05e-08
1980.0,0.8751592866933203,1.76e-06,0.513390424,0.0,0.0,1.8626019962845959e-06,1.0918441829267205,0.0,0.0,0.0,0.0,0.21668675883539654,0.0,180.18170693026676,0.0,0.0,0.21382075175623827,0.0,1.05e-08
1981.0,0.8960888475348782,0.109616678,0.461245945,0.0,0.0,0.11600695640277599,0.9967686499674988,0.0,0.0,0.0,0.0,0.21668675883539654,0.0,180.2878813866913,0.0,-1.3877787807814457e-17,0.1762813885567971,0.0,1.05e-08
1982.0,0.9053587543164522,0.423298816,0.437310354,0.0,0.0,0.44797569301506013,0.6740698201367886,0.0,0.0,0.0,0.0,0.21668675883539654,0.0,180.39405584190465,0.0,0.0,0.4381067380913243,0.0,1.05e-08
1983.0,0.9060204316542915,0.700134524,0.463036864,0.0,0.0,0.7409499784489575,0.38175721204073054,0.0,0.0,0.0,0.0,0.21668675883539654,0.0,180.50023029590685,0.0,0.0,0.7958475279930689,0.0,1.05e-08
1984.0,0.898988236257967,0.76168089,0.478584543,0.0,0.0,0.8060842876396748,0.3095907074536886,0.0,0.0,0.0,0.0,0.21668675883539654,0.0,180.60640474869788,0.0,0.0,0.9075552050231843,0.0,1.05e-08
1985.0,0.8903114835947796,0.765443465,0.483641603,0.0,0.0,0.8100662079272717,0.2969320345029045,0.0,0.0,0.0,0.0,0.21668675883539654,0.0,180.71257920027767,0.0,0.0,0.9330750954917064,0.0,1.05e-08
1986.0,0.8823006909706474,0.748820182,0.496179111,0.0,0.0,0.7924738442337468,0.30651360557229723,0.0,0.0,0.0,0.0,0.21668675883539654,0.0,180.81875365064639,0.0,0.0,0.955379168950633,0.0,1.05e-08
1987.0,0.8803028108534822,0.73309977,0.513800958,0.0,0.0,0.7758369858396466,0.32115258384923207,0.0,0.0,0.0,0.0,0.21668675883539654,0.0,180.92492809980385,0.0,1.1102230246251565e-16,0.9855564292256042,0.0,1.05e-08
1988.0,0.8828467353756605,0.724215194,0.530480853,0.0,0.0,0.7664344693659294,0.3330990248451276,0.0,0.0,0.0,0.0,0.21668675883539654,0.0,181.03110254775015,0.0,0.0,1.0160306353582838,0.0,1.05e-08
1989.0,0.8906840786005532,0.700042775,0.542595447,0.0,0.0,0.7408528807952319,0.3665179566407179,0.0,0.0,0.0,0.0,0.21668675883539654,0.0,181.13727699448532,0.0,0.0,1.0134217846321456,0.0,1.05e-08
1990.0,0.8974657359757542,0.638642709,0.557352526,0.0,0.0,0.6758734003954558,0.43827909441569496,0.0,0.0,0.0,0.0,0.21668675883539654,0.0,181.2434514400093,0.0,-1.1102230246251565e-16,0.9791911493517893,0.0,1.05e-08
1991.0,0.9114894411068533,0.508989189,0.57995931,0.0,0.0,0.5386615224537941,0.5895146774884558,0.0,0.0,0.0,0.0,0.21668675883539654,0.0,181.34962588432205,0.0,-1.1102230246251565e-16,0.8854495976728664,0.0,1.05e-08
1992.0,0.9262840324567944,0.251708444,0.644387313,0.0,0.0,0.26638218765686894,0.8765886036353219,0.0,0.0,0.0,0.0,0.21668675883539654,0.0,181.45580032742367,0.0,0.0,0.7622302749549656,0.0,1.05e-08
1993.0,0.9253225660338499,0.023341273,0.693307862,0.0,0.0,0.024701989594104398,1.1173073352751421,0.0,0.0,0.0,0.0,0.21668675883539654,0.0,181.56197476931413,0.0,-3.469446951953614e-18,0.6459272753365506,0.0,1.05e-08
1994.0,0.9075172357292096,0.0,0.686908479,0.0,0.0,0.0,1.1242039945646063,0.0,0.0,0.0,0.0,0.21668675883539654,0.0,181.6681492099934,0.0,0.0,0.6227555754617826,0.0,1.05e-08
1995.0,0.8770972089934645,0.0,0.674324724,0.0,0.0,0.0,1.0937839678288612,0.0,0.0,0.0,0.0,0.21668675883539654,0.0,181.7743236494615,0.0,0.0,0.6211723413612069,0.0,1.05e-08
1996.0,0.8390561154442241,0.0,0.65445357,0.0,0.0,0.0,1.0557428742796207,0.0,0.0,0.0,0.0,0.21668675883539654,0.0,181.8804980877184,0.0,0.0,0.6086767131941793,0.0,1.05e-08
1997.0,0.8142207310938672,0.0,0.624251844,0.0,0.0,0.0,1.0309074899292638,0.0,0.0,0.0,0.0,0.21668675883539654,0.0,181.98667252476415,0.0,0.0,0.5567024556780904,0.0,1.05e-08
1998.0,0.7931883854231303,0.0,0.588842547,0.0,0.0,0.0,1.0098751442585268,0.0,0.0,0.0,0.0,0.21668675883539654,0.0,182.0928469605987,0.0,0.0,0.4876811593380166,0.0,1.05e-08
1999.0,0.7806679084187729,0.0,0.553934076,0.0,0.0,0.0,0.9973546672541694,0.0,0.0,0.0,0.0,0.21668675883539654,0.0,182.19902139522213,0.0,0.0,0.4114217051684005,0.0,1.05e-08
2000.0,0.7757470847218321,0.0,0.52184136,0.0,0.0,0.0,0.9924338435572286,0.0,0.0,0.0,0.0,0.21668675883539654,0.0,182.30519582863434,0.0,0.0,0.3347236828933746,0.0,1.05e-08
2001.0,0.779006220347047,0.0,0.487456826,0.0,0.0,0.0,0.9956929791824436,0.0,0.0,0.0,0.0,0.21668675883539654,0.0,182.4113702608354,0.0,0.0,0.24401710329477155,0.0,1.05e-08
2002.0,0.7959807066158243,0.0,0.461926367,0.0,0.0,0.0,1.0126674654512209,0.0,0.0,0.0,0.0,0.21668675883539654,0.0,182.5175446918253,0.0,0.0,0.16211303609820304,0.0,1.05e-08
2003.0,0.8198610485950605,0.0,0.441439908,0.0,0.0,0.0,1.048839990808362,0.0,0.012292183377905089,0.0,0.0,0.21668675883539654,0.0,182.62371912160395,0.0,0.0,0.07383893287423327,0.0,1.05e-08
2004.0,0.8480347985431245,3.88e-06,0.414299347,0.0,0.0,4.106190764536495e-06,1.0536544987055454,0.0,0.0,0.011062952482211072,0.011062965040114578,0.21668675883539654,0.0,182.7298935501715,0.0,0.0,2.220446049250313e-16,0.0,1.1666679909865032e-08
2005.0,0.8731913854846656,0.129027715,0.389635684,0.0,0.0,0.136549590644909,0.9533285536751531,0.0,0.0,0.0,0.0,0.21668675883539654,0.0,182.83606797752785,0.0,0.0,0.037600817263035546,0.0,1.05e-08
2006.0,0.8854206388063494,0.423753189,0.362443377,0.0,0.0,0.448456554411002,0.6536508432307438,0.0,0.0,0.0,0.0,0.21668675883539654,0.0,182.94224240367302,0.0,0.0,0.26812250125410775,0.0,1.05e-08
2007.0,0.8876412193867356,0.64806981,0.384493821,0.0,0.0,0.6858500692260107,0.41847790899612153,0.0,0.0,0.0,0.0,0.21668675883539654,0.0,183.04841682860703,0.0,-1.1102230246251565e-16,0.5593745717154515,0.0,1.05e-08
2008.0,0.885568391998294,0.741373672,0.378481061,0.0,0.0,0.7845932281022961,0.3176619227313944,0.0,0.0,0.0,0.0,0.21668675883539654,0.0,183.15459125232988,0.0,0.0,0.6448987848467859,0.0,1.05e-08
2009.0,0.8804698362008979,0.753417991,0.36711103,0.0,0.0,0.7973396898143918,0.2998169052219027,0.0,0.0,0.0,0.0,0.21668675883539654,0.0,183.26076567484154,0.0,-1.1102230246251565e-16,0.633827309003534,0.0,1.05e-08
2010.0,0.8746496452486415,0.737372561,0.365802782,0.0,0.0,0.7803588659795937,0.3109775381044443,0.0,0.0,0.0,0.0,0.21668675883539654,0.0,183.366940096142,0.0,0.0,0.619339513284256,0.0,1.05e-08
2011.0,0.8709215538402977,0.721032107,0.372083494,0.0,0.0,0.7630658192519819,0.32454249342371233,0.0,0.0,0.0,0.0,0.21668675883539654,0.0,183.4731145162313,0.0,0.0,0.6217477920571814,0.0,1.05e-08
2012.0,0.8709044230354345,0.71448114,0.386113595,0.0,0.0,0.7561329532225533,0.3314582286482778,0.0,0.0,0.0,0.0,0.21668675883539654,0.0,183.57928893510945,0.0,0.0,0.650513694139042,0.0,1.05e-08
2013.0,0.878504076342851,0.699971197,0.403075371,0.0,0.0,0.7407771300419989,0.3544137051362486,0.0,0.0,0.0,0.0,0.21668675883539654,0.0,183.6854633527764,0.0,0.0,0.6706957502536408,0.0,1.05e-08
2014.0,0.8922579712973555,0.645850132,0.416646722,0.0,0.0,0.6835009915703805,0.4254437385623715,0.0,0.0,0.0,0.0,0.21668675883539654,0.0,183.79163776923218,0.0,0.0,0.6341806518333459,0.0,1.05e-08
2015.0,0.9114616035489507,0.503999075,0.461699264,0.0,0.0,0.5333805018298805,0.5947678605544668,0.0,0.0,0.0,0.0,0.21668675883539654,0.0,183.8978121844768,0.0,0.0,0.5794350680411202,0.0,1.05e-08
2016.0,0.941207104843209,0.264544919,0.565541768,0.0,0.0,0.2799669853615606,0.877926878317045,0.0,0.0,0.0,0.0,0.21668675883539654,0.0,184.00398659851024,0.0,0.0,0.5603704117317562,0.0,1.05e-08
2017.0,0.9441664513833188,0.034638554,0.610049909,0.0,0.0,0.036657863539097606,1.1241953466796177,0.0,0.0,0.0,0.0,0.21668675883539654,0.0,184.1101610113325,0.0,-6.938893903907228e-18,0.42729594990878517,0.0,1.05e-08
2018.0,0.9230398862858347,0.0,0.598285441,0.0,0.0,0.0,1.1397266451212311,0.0,0.0,0.0,0.0,0.21668675883539654,0.0,184.2163354229436,0.0,0.0,0.38184501793929804,0.0,1.05e-08
2019.0,0.884009488755747,0.0,0.575279911,0.0,0.0,0.0,1.1006962475911435,0.0,0.0,0.0,0.0,0.21668675883539654,0.0,184.3225098333435,0.0,0.0,0.36236728516425765,0.0,1.05e-08
2020.0,0.8440797239703439,0.0,0.548747021,0.0,0.0,0.0,1.2791924158485937,0.0,0.21842593304285324,0.0,0.0,0.21668675883539654,0.0,184.42868424253226,0.0,0.0,0.11639213313674768,0.0,1.05e-08
2021.0,0.8164070500645271,0.0,0.522647332,0.0,0.0,0.0,1.3263724561455426,0.0,0.2932786472456189,0.0,0.1965833397385679,0.21668675883539654,0.0,184.53485865050982,0.0,0.0,0.0028348346355622223,0.0,1.05e-08
2022.0,0.7974004220688582,0.0,0.496123876,0.0,0.0,0.0,1.261752299751108,0.0,0.2476651188468531,0.0,0.4605338991119785,0.21668675883539654,0.0,184.64103305727622,0.0,0.0,0.0,0.0,1.0500023837770588e-08
2023.0,0.7912376150193386,0.0,0.465474511,0.0,0.0,0.0,1.1838042133045261,0.0,0.175879839449791,0.0,0.6834319833083013,0.21668675883539654,0.0,184.74720746283143,0.0,0.0,0.0,0.0,1.0500035756676175e-08
2024.0,0.7978586710989476,0.0,0.4347096,0.0,0.0,0.0,1.10556226792819,0.0,0.09101683799384584,0.0,0.841723063028966,0.21668675883539654,0.0,184.85338186717547,0.0,0.0,0.0,0.0,1.0500047675595293e-08
2025.0,0.8286577168922898,0.0,0.40707367,0.0,0.0,0.0,1.0352780104673365,0.0,0.0,0.010066465260349907,0.9236372617583268,0.21668675883539654,0.0,184.95955627030835,0.0,0.0,0.0,0.0,1.1666732882808823e-08
2026.0,0.8949239528041838,0.0,0.391503162,0.0,0.0,0.0,0.9956787788486328,0.0,0.0,0.11593193279094759,0.9135697480496119,0.21668675883539654,0.0,185.06573067223002,0.0,0.0,1.1102230246251565e-16,0.0,1.1666746126082354e-08
2027.0,0.9554470863857054,0.0,0.377889511,0.0,0.0,0.0,0.9610562656252237,0.0,0.0,0.2110775795958783,0.7976367782382363,0.21668675883539654,0.0,185.17190507294058,0.0,0.0,0.0,0.0,1.1666759369370917e-08
2028.0,0.9768156241018817,3e-06,0.346059298,0.0,0.0,3.1748897663941975e-06,0.8801050226047857,0.0,0.0,0.2932786472456189,0.5865582932209219,0.19657122063828938,0.0,185.2780794724399,0.0,0.0,1.1102230246251565e-16,0.0,0.01995390431654022
2029.0,0.9844109947080825,0.076226206,0.308874259,0.0,0.0,0.08066993378681867,0.7855352775385664,0.0,0.0,0.2932786472456189,0.2932789801553876,0.17507286386292142,0.0,185.3743972570115,0.0,0.0,0.0,0.0,0.019953904544162387
2030.0,0.9875116703883132,0.391751513,0.31408523,0.0,0.0,0.4145892898643811,0.7896091393593286,0.0,0.0,0.0,0.0,0.21668675883539654,0.0,185.46018084566444,0.0,0.0,0.009178785272534129,0.0,1.05e-08
2031.0,0.982436669447604,0.647594998,0.336026098,0.0,0.0,0.6853475773060902,0.5137758509769104,0.0,0.0,0.0,0.0,0.21668675883539654,0.0,185.5663552418753,0.0,0.0,0.34081253397695377,0.0,1.05e-08
2032.0,0.9755500858926162,0.697590653,0.34525952,0.0,0.0,0.7382578084473151,0.4539790362806976,0.0,0.0,0.0,0.0,0.21668675883539654,0.0,185.672529636875,0.0,0.0,0.4240919746999624,0.0,1.05e-08
2033.0,0.9683979748622495,0.710439203,0.346815607,0.0,0.0,0.7518553850833165,0.43322934861432955,0.0,0.0,0.0,0.0,0.21668675883539654,0.0,185.77870403066353,0.0,0.0,0.448799134372501,0.0,1.05e-08
2034.0,0.9615178153590855,0.704347051,0.345990168,0.0,0.0,0.7454080814032772,0.4327964927912049,0.0,0.0,0.0,0.0,0.21668675883539654,0.0,185.88487842324088,0.0,0.0,0.4471327169960543,0.0,1.05e-08
2035.0,0.9571494601189814,0.690182784,0.343600724,0.0,0.0,0.7304180859543523,0.44341813300002575,0.0,0.0,0.0,0.0,0.21668675883539654,0.0,185.99105281460706,0.0,-1.1102230246251565e-16,0.43043419436336383,0.0,1.05e-08
2036.0,0.9573357576218682,0.682708957,0.34243918,0.0,0.0,0.7225085603349853,0.4515139561222793,0.0,0.0,0.0,0.0,0.21668675883539654,0.0,186.09722720476205,0.0,0.0,0.419384308991419,0.0,1.05e-08
2037.0,0.9649139974232057,0.669096358,0.347629095,0.0,0.0,0.7081023932486094,0.4734983630099928,0.0,0.0,0.0,0.0,0.21668675883539654,0.0,186.2034015937059,0.0,0.0,0.410598999150917,0.0,1.05e-08
2038.0,0.9717470472129961,0.636356073,0.372694859,0.0,0.0,0.6734534613168329,0.5149803447315597,0.0,0.0,0.0,0.0,0.21668675883539654,0.0,186.30957598143857,0.0,0.0,0.4328647766120155,0.0,1.05e-08
2039.0,0.9900877151696099,0.53608215,0.417203939,0.0,0.0,0.5673339106605331,0.6394405633444734,0.0,0.0,0.0,0.0,0.21668675883539654,0.0,186.41575036796004,0.0,0.0,0.4216009526225407,0.0,1.05e-08
2040.0,1.0086660730437,0.333494666,0.456631534,0.0,0.0,0.3529362674101503,0.8724165644689463,0.0,0.0,0.0,0.0,0.21668675883539654,0.0,186.52192475327035,0.0,0.0,0.2888980104485812,0.0,1.05e-08
2041.0,0.9970021362825003,0.03889842,0.485071388,0.0,0.0,0.04116606519563446,1.1725228299222625,0.0,0.0,0.0,0.0,0.21668675883539654,0.0,186.62809913736947,0.0,0.0,0.06112055827149954,0.0,1.05e-08
2042.0,0.9633872144397772,0.0,0.483558247,0.0,0.0,0.0,1.1800739732751735,0.0,0.0,0.0,0.0,0.21668675883539654,0.0,186.73427352025743,0.0,0.0,0.04972116405029614,0.0,1.05e-08
2043.0,0.9141832601715842,0.0,0.48079878,0.0,0.0,0.0,1.1308700190069807,0.0,0.0,0.0,0.0,0.21668675883539654,0.0,186.84044790193423,0.0,0.0,0.09190718589925306,0.0,1.05e-08
2044.0,0.8661163630761831,0.0,0.479719107,0.0,0.0,0.0,1.0828031219115797,0.0,0.0,0.0,0.0,0.21668675883539654,0.0,186.94662228239986,0.0,0.0,0.1372282367319977,0.0,1.05e-08
2045.0,0.8292680018155397,0.0,0.484676634,0.0,0.0,0.0,1.0459547606509363,0.0,0.0,0.0,0.0,0.21668675883539654,0.0,187.05279666165427,0.0,0.0,0.18668468116686876,0.0,1.05e-08
2046.0,0.8057067210768798,0.0,0.481876396,0.0,0.0,0.0,1.0223934799122765,0.0,0.0,0.0,0.0,0.21668675883539654,0.0,187.15897103969752,0.0,0.0,0.20312433985251044,0.0,1.05e-08
2047.0,0.7947472886656772,0.0,0.479667751,0.0,0.0,0.0,1.011434047501074,0.0,0.0,0.0,0.0,0.21668675883539654,0.0,187.26514541652963,0.0,0.0,0.2084667015221231,0.0,1.05e-08
2048.0,0.7989678907138368,0.0,0.470658904,0.0,0.0,0.0,1.154339256112234,0.0,0.1386846065630007,0.0,0.0,0.21668675883539654,0.0,187.37131979215056,0.0,0.0,0.0426500105771519,0.0,1.05e-08
2049.0,0.8248032857980803,0.0,0.458301891,0.0,0.0,0.0,1.1655626607043832,0.0,0.12407261607090644,0.0,0.12481614590670063,0.21668675883539654,0.0,187.47749416656032,0.0,0.0,2.220446049250313e-16,0.0,1.050001191887853e-08
2050.0,0.8857761030072597,0.0,0.451387245,0.0,0.0,0.0,1.147977192811149,0.0,0.04551433096849296,0.0,0.23648135868796472,0.21668675883539654,0.0,187.58366853975886,0.0,0.0,2.220446049250313e-16,0.0,1.0500023837770588e-08
2051.0,0.9404811869871329,0.0,0.450830956,0.0,0.0,0.0,1.1465624273482669,0.0,0.0,0.010605518474262767,0.2774439881225237,0.21668675883539654,0.0,187.68984291174627,0.0,0.0,0.0,0.0,1.166670639630686e-08
2052.0,0.9636227630066455,0.0,0.43061853,0.0,0.0,0.0,1.0951577757627238,0.0,0.0,0.08515174607931825,0.2668381547132667,0.21668675883539654,0.0,187.7960172825225,0.0,0.0,0.0,0.0,1.1666719639550327e-08
2053.0,0.9768199068030975,0.064043684,0.371200074,0.0,0.0,0.06777721231126127,0.9440435538266282,0.0,0.0,0.1816858995006047,0.18168610573795388,0.21668675883539654,0.0,187.90219165208757,0.0,0.0,0.0,0.0,1.1666732882808823e-08
2054.0,0.9815929773080937,0.384100297,0.344474504,0.0,0.0,0.4064920340714239,0.7917877020720664,0.0,0.0,0.0,0.0,0.21668675883539654,0.0,188.00836602044143,0.0,0.0,0.0842868403021495,0.0,1.05e-08
2055.0,0.978327417631055,0.669656435,0.358548698,0.0,0.0,0.7086951208271737,0.4863190556392779,0.0,0.0,0.0,0.0,0.21668675883539654,0.0,188.11454038758413,0.0,0.0,0.4255492622528959,0.0,1.05e-08
2056.0,0.970575728430478,0.725171868,0.364579092,0.0,0.0,0.7674469141967213,0.41981557306915335,0.0,0.0,0.0,0.0,0.21668675883539654,0.0,188.22071475351567,0.0,-1.1102230246251565e-16,0.507389365102721,0.0,1.05e-08
2057.0,0.9653486915966082,0.735697804,0.358965556,0.0,0.0,0.778586476359428,0.40344897407257674,0.0,0.0,0.0,0.0,0.21668675883539654,0.0,188.32688911823604,0.0,-1.1102230246251565e-16,0.5094795055364859,0.0,1.05e-08
2058.0,0.9594021609584861,0.726726497,0.353830676,0.0,0.0,0.7690921727642678,0.4069967470296148,0.0,0.0,0.0,0.0,0.21668675883539654,0.0,188.43306348174522,0.0,0.0,0.49287260166000385,0.0,1.05e-08
2059.0,0.9544749132097214,0.714639209,0.345987869,0.0,0.0,0.756300237106048,0.41486143493907,0.0,0.0,0.0,0.0,0.21668675883539654,0.0,188.5392378440432,0.0,0.0,0.46506192798477974,0.0,1.05e-08
2060.0,0.9529609783299403,0.711211183,0.33915732,0.0,0.0,0.7526723688839368,0.41697536828139997,0.0,0.0,0.0,0.0,0.21668675883539654,0.0,188.64541220513007,0.0,0.0,0.44557640394458015,0.0,1.05e-08
2061.0,0.9567790064638156,0.701035565,0.327675685,0.0,0.0,0.7419035470656248,0.43156221823358754,0.0,0.0,0.0,0.0,0.21668675883539654,0.0,188.7515865650057,0.0,-1.1102230246251565e-16,0.4017892270842137,0.0,1.05e-08
2062.0,0.9588304203461783,0.667861683,0.313613894,0.0,0.0,0.7067957409078353,0.597410344948563,0.0,0.12868890667482344,0.0,0.0,0.21668675883539654,0.0,188.8577609236702,0.0,-1.1102230246251565e-16,0.2001788684123359,0.0,1.05e-08
2063.0,0.9690832070567758,0.556135896,0.311473104,0.0,0.0,0.588556721644956,0.7921447128309865,0.0,0.1949314685837701,0.0,0.11582001600734108,0.21668675883539654,0.0,188.96393528112353,0.0,-1.1102230246251565e-16,0.0,0.0,1.050001191887853e-08
2064.0,0.9834452455839221,0.353641437,0.352316073,0.0,0.0,0.3742575264347461,0.8960173796332858,0.0,0.07014290164871316,0.0,0.2912582062619594,0.21668675883539654,0.0,189.07010963736568,0.0,0.0,0.0,0.0,1.0500023837770588e-08
2065.0,0.9735479230742351,0.039757197,0.414867468,0.0,0.0,0.0420749059652727,1.0550993555507076,0.0,0.0,0.09306042039365142,0.3543864871298736,0.21668675883539654,0.0,189.17628399239666,0.0,0.0,0.0,0.0,1.166670639630686e-08
2066.0,0.9380443299953493,0.0,0.45674747,0.0,0.0,0.0,1.161609425703189,0.0,0.006878336872443082,0.0,0.261325664461489,0.21668675883539654,0.0,189.28245834621643,0.0,0.0,0.0,0.0,1.0500047675595293e-08
2067.0,0.8916605344777531,0.0,0.476956285,0.0,0.0,0.0,1.2130048937203233,0.0,0.1046576004071735,0.0,0.2675158710080863,0.21668675883539654,0.0,189.38863269882506,0.0,0.0,0.0,0.0,1.050005959452794e-08
2068.0,0.845552973188575,0.0,0.483448941,0.0,0.0,0.0,1.2295171480902234,0.0,0.1672774160662518,0.0,0.3617074077092518,0.21668675883539654,0.0,189.49480705022253,0.0,0.0,0.0,0.0,1.0500071513474118e-08
2069.0,0.8119059310867335,0.0,0.475682134,0.0,0.0,0.0,1.209764447065262,0.0,0.18117175714313188,0.0,0.5122566715839487,0.21668675883539654,0.0,189.6009814004088,0.0,0.0,0.0,0.0,1.0500083432433824e-08
2070.0,0.7880962536775579,0.0,0.461637306,0.0,0.0,0.0,1.174045355753864,0.0,0.16926234324090955,0.0,0.6753106715348518,0.21668675883539654,0.0,189.7071557493839,0.0,0.0,0.0,0.0,1.050009535140706e-08
2071.0,0.7743809030339955,0.0,0.446818923,0.0,0.0,0.0,1.1363589436835793,0.0,0.14529128181418735,0.0,0.8276460138862678,0.21668675883539654,0.0,189.81333009714785,0.0,0.0,2.220446049250313e-16,0.0,1.0500107270393827e-08
2072.0,0.7754772745452374,0.0,0.429852187,0.0,0.0,0.0,1.093208796708452,0.0,0.10104476332781798,0.0,0.9584072280332167,0.21668675883539654,0.0,189.9195044437006,0.0,0.0,0.0,0.0,1.0500119189394123e-08
2073.0,0.7976531014405898,0.0,0.401941305,0.0,0.0,0.0,1.022225275746881,0.0,0.007885415470894868,0.0,1.049346427111456,0.21668675883539654,0.0,190.0256787890422,0.0,0.0,2.220446049250313e-16,0.0,1.0500131108407949e-08
2074.0,0.8520969406462998,0.0,0.374896929,0.0,0.0,0.0,0.953445470411865,0.0,0.0,0.1153382290698314,1.0564421098906518,0.21668675883539654,0.0,190.1318531331726,0.0,0.0,0.0,0.0,1.1666825586039226e-08
2075.0,0.9071703369307307,0.0,0.35272902,0.0,0.0,0.0,0.8970675948156838,0.0,0.0,0.22678950095044356,0.9411026816216881,0.21668675883539654,0.0,190.23802747609184,0.0,0.0,0.0,0.0,1.1666838829417986e-08
2076.0,0.9323911643905086,8.43e-06,0.317076722,0.0,0.0,8.921440243567695e-06,0.806395947735123,0.0,0.0,0.2932786472456189,0.7143121123973576,0.1672923520304768,0.0,190.3442018177999,0.0,0.0,0.0,0.0,0.019953915242407364
2077.0,0.9451107870014002,0.100846696,0.22850148,0.0,0.0,0.10672571436835554,0.5811295965254689,0.0,0.0,0.2932786472456189,0.4210326543146305,0.03602317113804322,0.0,190.42617289896236,0.0,0.0,0.0,0.0,0.01995391547002966
2078.0,0.9471536354813312,0.485685377,0.205286124,0.0,0.0,0.5139991777082025,0.5220878324831741,0.0,0.0,0.12775338412535117,0.12775352914221472,0.21668675883539654,0.0,190.4438220805525,0.0,0.0,0.0,0.0,1.1666878559644462e-08
2079.0,0.9414362293582537,0.756651062,0.246986527,0.0,0.0,0.8007612378250338,0.35736175036861645,0.0,0.0,0.0,0.0,0.21668675883539654,0.0,190.54999641991296,0.0,-1.1102230246251565e-16,0.27077939244908805,0.0,1.05e-08
2080.0,0.9334232953835137,0.80625257,0.258056928,0.0,0.0,0.8532543445406737,0.2968557096782365,0.0,0.0,0.0,0.0,0.21668675883539654,0.0,190.65617075806227,0.0,0.0,0.3594399014015779,0.0,1.05e-08
2081.0,0.9284018282080017,0.807952268,0.25058477,0.0,0.0,0.8550531291360607,0.5414886310958884,0.0,0.2514531731885508,0.0,0.0,0.21668675883539654,0.0,190.7623450950004,0.0,-1.1102230246251565e-16,0.09580363626941457,0.0,1.05e-08
2082.0,0.9260142222801997,0.796825036,0.244756856,0.0,0.0,0.8432772174676959,0.5927024108935192,0.0,0.2932786472456189,0.0,0.22630785586969573,0.21668675883539654,0.0,190.8685194307274,0.0,0.0,0.02976818743311882,0.0,1.05e-08
2083.0,0.9248257726928184,0.788403104,0.245341698,0.0,0.0,0.8343643155610068,0.6004268632128271,0.0,0.2932786472456189,0.0,0.4902583815019163,0.21668675883539654,0.0,190.9746937652432,0.0,-1.1102230246251565e-16,0.023531117145170755,0.0,1.05e-08
2084.0,0.9262925978592259,0.794128044,0.25090506,0.0,0.0,0.8404230000340803,0.5958350039061611,0.0,0.2932786472456189,0.0,0.7542086075159768,0.21668675883539654,0.0,191.08086809854777,0.0,0.0,0.04227183148063196,0.0,1.05e-08
2085.0,0.9308001408888432,0.791147862,0.255624794,0.0,0.0,0.8372690835894829,0.6034964633803759,0.0,0.2932786472456189,0.0,1.0181585339122172,0.21668675883539654,0.0,191.18704243064124,0.0,-1.1102230246251565e-16,0.04661369520208103,0.0,1.05e-08
2086.0,0.9326288543079848,0.755110487,0.263495454,0.0,0.0,0.7991308525577462,0.643463407831254,0.0,0.2932786472456189,0.0,1.2821081606909774,0.21668675883539654,0.0,191.2932167615235,0.0,0.0,0.02666357283125753,0.0,1.05e-08
2087.0,0.9392563344394174,0.63834721,0.27950786,0.0,0.0,0.6755606748117625,0.7108500562337594,0.0,0.23046763777070806,0.0,1.5460574878525981,0.21668675883539654,0.0,191.3993910911946,0.0,1.1102230246251565e-16,0.0,0.0,1.0500071513474118e-08
2088.0,0.954061632542398,0.365851981,0.311833493,0.0,0.0,0.38717990349731474,0.793061261442235,0.0,0.009492773561755296,0.0,1.7534766068699992,0.21668675883539654,0.0,191.50556541965454,0.0,0.0,1.1102230246251565e-16,0.0,1.0500083432433824e-08
2089.0,0.9438366833897031,0.036796041,0.371865329,0.0,0.0,0.03894112467157377,0.9457354438298639,0.0,0.0,0.17584687372366192,1.7620181126516783,0.21668675883539654,0.0,191.61173974690328,0.0,0.0,0.0,0.0,0.019953716398382625
2090.0,0.9096842825443985,0.0,0.373919556,0.0,0.0,0.0,0.9509597955832166,0.0,0.0,0.17541124579657838,1.5861692388083959,0.21668675883539654,0.0,191.71791407294089,0.0,0.0,0.0,0.0,0.01995373904847043
2091.0,0.8657073651100753,0.0,0.364114592,0.0,0.0,0.0,0.9260236123547021,0.0,0.0,0.1563705115907697,1.4107561925035297,0.21668675883539654,0.0,191.82408839776727,0.0,0.0,1.1102230246251565e-16,0.0,0.01995376169858395
2092.0,0.8195098670953658,0.0,0.348964508,0.0,0.0,0.0,0.8874936115763835,0.0,0.0,0.14870301435437877,1.2543840795210832,0.21668675883539654,0.0,191.9302627213825,0.0,0.0,0.0,0.0,0.019953784348723174
2093.0,0.7821775605973383,0.0,0.335453334,0.0,0.0,0.0,0.8531317199369708,0.0,0.0,0.14573259949576406,1.1056796412777044,0.21668675883539654,0.0,192.03643704378655,0.0,0.0,1.1102230246251565e-16,0.0,0.019953806998888116
2094.0,0.7572993492348234,0.0,0.336464415,0.0,0.0,0.0,0.8557031216346079,0.0,0.0,0.11828298643561211,0.959945786691809,0.21668675883539654,0.0,192.14261136497947,0.0,0.0,0.0,0.0,0.019953829649078762
2095.0,0.7444341147825951,0.0,0.341900256,0.0,0.0,0.0,0.86952766267087,0.0,0.0,0.09159321094712172,0.841661710592936,0.21668675883539654,0.0,192.24878568496115,0.0,0.0,0.0,0.0,0.019953852299295128
2096.0,0.7424148211593509,0.0,0.336624283,0.0,0.0,0.0,0.8561097011733372,0.0,0.0,0.10299187882141027,0.7500675442503568,0.21668675883539654,0.0,192.35496000373172,0.0,0.0,0.0,0.0,0.0199538749495372
2097.0,0.7626484430533432,0.0,0.323050564,0.0,0.0,0.0,0.8215887438219006,0.0,0.0,0.15774645806683918,0.6470748140047751,0.21668675883539654,0.0,192.4611343212911,0.0,0.0,1.1102230246251565e-16,0.0,0.019953897599804978
2098.0,0.8160151829032825,0.0,0.315276398,0.0,0.0,0.0,0.8018173272389446,0.0,0.0,0.03745286952262814,0.48932762142390224,0.023255013858290277,0.0,192.5673086376393,0.0,0.0,0.0,0.0,0.019953920250098473
2099.0,0.8702748659567137,0.0,0.304332209,0.0,0.0,0.0,0.7739838438940294,0.0,0.0,0.09629102206268421,0.4518741964508112,0.0,0.0,192.57870139773752,0.0,0.0,0.0,0.0,0.01995394290041768
2100.0,0.9001145866777193,3.36e-05,0.278838577,0.0,0.0,3.555876538361501e-05,0.7091479221392608,0.0,0.0,0.19093110577307473,0.3555826614521703,0.0,0.0,192.57869920091522,0.0,0.0,1.1102230246251565e-16,0.0,0.019953965550762592
2101.0,0.9186501175396515,0.13559537,0.24004961,0.0,0.0,0.14350011752781158,0.6104990348657531,0.0,0.0,0.1646509651460869,0.16465115204654912,0.0,0.0,192.57869700409296,0.0,0.0,0.0,0.0,0.019953988201133217
2102.0,0.9292904887102778,0.537748964,0.229210712,0.0,0.0,0.569097894230894,0.5768793533147802,0.0,0.0,0.0,0.0,0.21668675883539654,0.0,192.57869480727075,0.0,0.0,0.006053976411904527,0.0,1.05e-08
2103.0,0.9289757101709174,0.822159444,0.237195187,0.0,0.0,0.8700885350333143,0.27557393397299956,0.0,0.0,0.0,0.0,0.21668675883539654,0.0,192.6848691222779,0.0,0.0,0.32766567444920036,0.0,1.05e-08
2104.0,0.9269863954561837,0.848593692,0.235885292,0.0,0.0,0.8980638095191565,0.24560934477242377,0.0,0.0,0.0,0.0,0.21668675883539654,0.0,192.79104343607383,0.0,-1.1102230246251565e-16,0.3542989121292489,0.0,1.05e-08
2105.0,0.929609549950854,0.840823714,0.235031814,0.0,0.0,0.8898408683067205,0.37239481233480626,0.0,0.11593937185527617,0.0,0.0,0.21668675883539654,0.0,192.89721774865862,0.0,0.0,0.22534286201403847,0.0,1.05e-08
2106.0,0.9270784735323231,0.822683901,0.239521401,0.0,0.0,0.8706435660873856,0.5664003135259529,0.0,0.2932786472456189,0.0,0.10434543466974856,0.21668675883539654,0.0,193.00339206003224,0.0,1.1102230246251565e-16,0.042755369502205376,0.0,1.05e-08
2107.0,0.929511047822891,0.810044217,0.248637451,0.0,0.0,0.8572670316267001,0.5822094222772063,0.0,0.2932786472456189,0.0,0.36829609874517233,0.21668675883539654,0.0,193.1095663701947,0.0,0.0,0.05013038392777347,0.0,1.05e-08
2108.0,0.932930784743698,0.811605026,0.263922461,0.0,0.0,0.8589188304671654,0.583977360357548,0.0,0.2932786472456189,0.0,0.6322464632022788,0.21668675883539654,0.0,193.21574067914597,0.0,0.0,0.08723559316441087,0.0,1.05e-08
2109.0,0.936369793819976,0.809890774,0.275432918,0.0,0.0,0.8571046434232252,0.5892305564777662,0.0,0.2932786472456189,0.0,0.896196528041408,0.21668675883539654,0.0,193.32191498688607,0.0,0.0,0.1112560246471026,0.0,1.05e-08
2110.0,0.9376546041847126,0.779432523,0.281672004,0.0,0.0,0.8248707802891699,0.622749229976558,0.0,0.2932786472456189,0.0,1.1601462932629,0.21668675883539654,0.0,193.428089293415,0.0,0.0,0.09360472115338758,0.0,1.05e-08
2111.0,0.9409073157581038,0.655355883,0.289188411,0.0,0.0,0.6935608954276444,0.7354698297983517,0.0,0.27143665063249556,0.0,1.4240957588670953,0.21668675883539654,0.0,193.53426359873276,0.0,-1.1102230246251565e-16,0.0,0.0,1.0500071513474118e-08
2112.0,0.949485566293328,0.381841153,0.340555506,0.0,0.0,0.4041011896826203,0.8661076672076999,0.0,0.1040365317615957,0.0,1.6683871279025226,0.21668675883539654,0.0,193.64043790283935,0.0,0.0,0.0,0.0,1.0500083432433824e-08
2113.0,0.9394105116831858,0.034820917,0.389866892,0.0,0.0,0.03685085767992058,0.9915173838112497,0.0,0.0,0.1277290290274122,1.7620181126516783,0.21668675883539654,0.0,193.74661220573475,0.0,0.0,0.0,0.0,0.019953744283737664
2114.0,0.9085643561764698,4.2e-08,0.391862319,0.0,0.0,4.444845672951877e-08,0.996592194212504,0.0,0.0,0.12865887635090573,1.6342870835046457,0.21668675883539654,0.0,193.85278650741895,0.0,-6.617444900424222e-24,0.0,0.0,0.019953766933857125
2115.0,0.863870086288502,0.0,0.380628701,0.0,0.0,0.0,0.968022629166968,0.0,0.0,0.11253421595693068,1.5056263520254431,0.21668675883539654,0.0,193.95896080789203,0.0,0.0,0.0,0.0,0.019953789584002297
2116.0,0.8201886752380683,0.0,0.359636542,0.0,0.0,0.0,0.9146349448076873,0.0,0.0,0.12224048926577756,1.3930904269868714,0.21668675883539654,0.0,194.06513510715394,0.0,0.0,0.0,0.0,0.019953812234173175
2117.0,0.7777963572535868,0.0,0.336157302,0.0,0.0,0.0,0.8549220656266655,0.0,0.0,0.13956105046231787,1.2708483563823574,0.21668675883539654,0.0,194.17130940520465,0.0,0.0,0.0,0.0,0.019953834884369765
2118.0,0.7511750864962461,0.0,0.322007213,0.0,0.0,0.0,0.8189352724060288,0.0,0.0,0.1489265729256139,1.131285863341945,0.21668675883539654,0.0,194.27748370204418,0.0,0.0,0.0,0.0,0.01995385753459207
2119.0,0.7364554424175813,0.0,0.318001538,0.0,0.0,0.0,0.808747958535842,0.0,0.0,0.14439424271713577,0.9823580062598088,0.21668675883539654,0.0,194.38365799767257,0.0,0.0,1.1102230246251565e-16,0.0,0.019953880184840088
2120.0,0.733851560078382,0.0,0.318547522,0.0,0.0,0.0,0.8101365161138034,0.0,0.0,0.14040180279997516,0.8379626484386294,0.21668675883539654,0.0,194.48983229208974,0.0,0.0,1.1102230246251565e-16,0.0,0.01995390283511381
2121.0,0.7453741676994607,0.0,0.307563853,0.0,0.0,0.0,0.7822026264324793,0.0,0.0,0.03419925141173466,0.6975598944421132,0.0710277101447532,0.0,194.59600658529578,0.0,0.0,0.0,0.0,0.019953925485413245
2122.0,0.7823531513471856,0.0,0.294043798,0.0,0.0,0.0,0.7478181484538152,0.0,0.0,0.03453500289337044,0.6633598512092156,0.0,0.0,194.63080794343222,0.0,0.0,0.0,0.0,0.019953948135738392
2123.0,0.8255720306663143,0.0,0.281831507,0.0,0.0,0.0,0.7167596023932749,0.0,0.0,0.10881242827303945,0.6288240953161771,0.0,0.0,194.63080572320075,0.0,0.0,0.0,0.0,0.019953970786089254
2124.0,0.8607201595442897,6.63e-05,0.2462104,0.0,0.0,7.016506383731176e-05,0.6261672808962738,0.0,0.0,0.2344827135841785,0.5200109532460424,0.0,0.0,194.6308035029693,0.0,0.0,1.1102230246251565e-16,0.0,0.01995399343646582
2125.0,0.8894570847022298,0.133543771,0.181895704,0.0,0.0,0.14132891730453007,0.46260084212686986,0.0,0.0,0.2855273252708299,0.28552764938183056,0.0,0.0,194.63080128273785,0.0,0.0,5.551115123125783e-17,0.0,0.019954016086868104
2126.0,0.9060247143555074,0.525994712,0.158557202,0.0,0.0,0.5566584094354211,0.40324589068073985,0.0,0.0,0.0,0.0,0.05387958576065366,0.0,194.63079906250644,0.0,0.0,5.551115123125783e-17,0.0,0.019953926623525332
2127.0,0.9068833959492729,0.825125613,0.190766461,0.0,0.0,0.873227621567813,0.2503425332168565,0.0,0.0,0.0,0.0,0.21668675883539654,0.0,194.6571978392978,0.0,0.0,0.23481859795621773,0.0,1.05e-08
2128.0,0.9009047450520323,0.847635419,0.224917728,0.0,0.0,0.8970496724721191,0.22054183141530975,0.0,0.0,0.0,0.0,0.21668675883539654,0.0,194.7633721305946,0.0,0.0,0.3514734943675481,0.0,1.05e-08
2129.0,0.894474269176526,0.841892374,0.256415557,0.0,0.0,0.8909718275393056,0.22018920047261706,0.0,0.0,0.0,0.0,0.21668675883539654,0.0,194.86954642068025,0.0,-1.1102230246251565e-16,0.4319320426031975,0.0,1.05e-08
2130.0,0.8883307342824776,0.824668153,0.286610091,0.0,0.0,0.8727434932103014,0.23227399990757272,0.0,0.0,0.0,0.0,0.21668675883539654,0.0,194.9757207095547,0.0,-1.1102230246251565e-16,0.4966385941944783,0.0,1.05e-08
2131.0,0.8835469570244419,0.810424118,0.314495894,0.0,0.0,0.8576690795590812,0.24256463630075725,0.0,0.0,0.0,0.0,0.21668675883539654,0.0,195.08189499721803,0.0,-1.1102230246251565e-16,0.5572676973416184,0.0,1.05e-08
2132.0,0.882493412525358,0.807653642,0.337816442,0.0,0.0,0.8547370942589342,0.24444307710182023,0.0,0.0,0.0,0.0,0.21668675883539654,0.0,195.18806928367016,0.0,0.0,0.61469854700989,0.0,1.05e-08
2133.0,0.8835833599847761,0.80304979,0.352088587,0.0,0.0,0.849864853392003,0.2504052654281696,0.0,0.0,0.0,0.0,0.21668675883539654,0.0,195.29424356891113,0.0,0.0,0.6450335671979144,0.0,1.05e-08
2134.0,0.8810051738528715,0.776944232,0.361599278,0.0,0.0,0.822237430411933,0.275454502276335,0.0,0.0,0.0,0.0,0.21668675883539654,0.0,195.4004178529409,0.0,0.0,0.6441721125186366,0.0,1.05e-08
2135.0,0.8819794883794634,0.653590997,0.394186923,0.0,0.0,0.6916931225942269,0.40697312462063306,0.0,0.0,0.0,0.0,0.21668675883539654,0.0,195.50659213575952,0.0,0.0,0.5955310496131886,0.0,1.05e-08
2136.0,0.8955813474408073,0.367499139,0.497652998,0.0,0.0,0.3889230851899262,0.7233450210862776,0.0,0.0,0.0,0.0,0.21668675883539654,0.0,195.61276641736697,0.0,0.0,0.5422961727363181,0.0,1.05e-08
2137.0,0.8944528556704471,0.036854967,0.586782508,0.0,0.0,0.03900348585636529,1.0721361286494784,0.0,0.0,0.0,0.0,0.21668675883539654,0.0,195.71894069776323,0.0,0.0,0.42018104199748074,0.0,1.05e-08
2138.0,0.875975141274928,2.37e-07,0.619511808,0.0,0.0,2.508162915451416e-07,1.0926616492940329,0.0,0.0,0.0,0.0,0.21668675883539654,0.0,195.8251149769483,0.0,0.0,0.4828933406596594,0.0,1.05e-08
2139.0,0.8443388273938991,0.0,0.632975441,0.0,0.0,0.0,1.0610255862292957,0.0,0.0,0.0,0.0,0.21668675883539654,0.0,195.93128925492226,0.0,0.0,0.5487703881287731,0.0,1.05e-08
2140.0,0.8056039362477009,0.0,0.635781716,0.0,0.0,0.0,1.0222906950830974,0.0,0.0,0.0,0.0,0.21668675883539654,0.0,196.037463531685,0.0,0.0,0.5946422547487822,0.0,1.05e-08
2141.0,0.7741196582598324,0.0,0.636661455,0.0,0.0,0.0,0.990806417095229,0.0,0.0,0.0,0.0,0.21668675883539654,0.0,196.14363780723656,0.0,0.0,0.6283639027970885,0.0,1.05e-08
2142.0,0.7528903083331694,0.0,0.640438222,0.0,0.0,0.0,0.9695770671685661,0.0,0.0,0.0,0.0,0.21668675883539654,0.0,196.24981208157698,0.0,0.0,0.6591984031275068,0.0,1.05e-08
2143.0,0.7408644833192355,0.0,0.650322496,0.0,0.0,0.0,0.957551242154632,0.0,0.0,0.0,0.0,0.21668675883539654,0.0,196.35598635470623,0.0,0.0,0.6963621141698692,0.0,1.05e-08
2144.0,0.73753468312396,0.0,0.657412617,0.0,0.0,0.0,0.9542214419593565,0.0,0.0,0.0,0.0,0.21668675883539654,0.0,196.46216062662427,0.0,0.0,0.7177236538359207,0.0,1.05e-08
2145.0,0.7440251168164873,0.0,0.653117412,0.0,0.0,0.0,0.9607118756518839,0.0,0.0,0.0,0.0,0.21668675883539654,0.0,196.56833489733117,0.0,0.0,0.7003095677073382,0.0,1.05e-08
2146.0,0.7645499623931533,0.0,0.646748745,0.0,0.0,0.0,0.9812367212285499,0.0,0.0,0.0,0.0,0.21668675883539654,0.0,196.67450916682688,0.0,0.0,0.6635877990992983,0.0,1.05e-08
2147.0,0.7934474888466855,0.0,0.640685134,0.0,0.0,0.0,1.010134247682082,0.0,0.0,0.0,0.0,0.21668675883539654,0.0,196.7806834351114,0.0,0.0,0.6192691742182312,0.0,1.05e-08
2148.0,0.8218567873616178,7.01e-05,0.598673012,0.0,0.0,7.418659087474442e-05,1.0384693596061396,0.0,0.0,0.0,0.0,0.21668675883539654,0.0,196.88685770218478,0.0,-1.3552527156068805e-20,0.48408798187911994,0.0,1.05e-08
2149.0,0.8428334579165494,0.157075814,0.517989242,0.0,0.0,0.16623279813887948,0.8932874186130665,0.0,0.0,0.0,0.0,0.21668675883539654,0.0,196.993031968047,0.0,0.0,0.42407332324293134,0.0,1.05e-08
2150.0,0.8487971193595348,0.494544769,0.538649508,0.0,0.0,0.5233750420406275,0.5421088361543039,0.0,0.0,0.0,0.0,0.21668675883539654,0.0,197.099206232698,0.0,0.0,0.827795513054648,0.0,1.05e-08
2151.0,0.8473367182449509,0.719982538,0.593894413,0.0,0.0,0.7619550639595738,0.3020684131207737,0.0,0.0,0.0,0.0,0.21668675883539654,0.0,197.20538049613788,0.0,0.0,1.2083358985074057,0.0,1.05e-08
2152.0,0.8401931726170159,0.774467862,0.601494387,0.0,0.0,0.8196166964883311,0.2372632349640813,0.0,0.0,0.0,0.0,0.21668675883539654,0.0,197.31155475836655,0.0,0.0,1.2924694846211235,0.0,1.05e-08
2153.0,0.8314179178258655,0.780583485,0.583898765,0.0,0.0,0.826088839447606,0.22201583721365592,0.0,0.0,0.0,0.0,0.21668675883539654,0.0,197.41772901938407,0.0,1.1102230246251565e-16,1.2629673397713228,0.0,1.05e-08
2154.0,0.8245142034660146,0.770366415,0.563573806,0.0,0.0,0.8152761491190951,0.22592481318231594,0.0,0.0,0.0,0.0,0.21668675883539654,0.0,197.5239032791904,0.0,0.0,1.20736751601005,0.0,1.05e-08
2155.0,0.823981007164649,0.758071795,0.547407876,0.0,0.0,0.8022647947125267,0.23840297128751886,0.0,0.0,0.0,0.0,0.21668675883539654,0.0,197.63007753778555,0.0,0.0,1.153775836984287,0.0,1.05e-08
2156.0,0.829261577763716,0.751589171,0.538536404,0.0,0.0,0.7954042558468662,0.25054408075224643,0.0,0.0,0.0,0.0,0.21668675883539654,0.0,197.73625179516955,0.0,-1.1102230246251565e-16,1.1190726200708596,0.0,1.05e-08
2157.0,0.8385272018440743,0.738227399,0.539362255,0.0,0.0,0.7812635381189686,0.2739504225605021,0.0,0.0,0.0,0.0,0.21668675883539654,0.0,197.8424260513424,0.0,0.0,1.097766599268928,0.0,1.05e-08
2158.0,0.8448484688385779,0.682608462,0.542858009,0.0,0.0,0.7224022068192942,0.3391330208546803,0.0,0.0,0.0,0.0,0.21668675883539654,0.0,197.94860030630403,0.0,-1.1102230246251565e-16,1.0414744734197086,0.0,1.05e-08
2159.0,0.8551440825613332,0.545991002,0.561454722,0.0,0.0,0.5778204149310379,0.49401042646569193,0.0,0.0,0.0,0.0,0.21668675883539654,0.0,198.0547745600545,0.0,0.0,0.9338926053360248,0.0,1.05e-08
2160.0,0.8738980311852707,0.262770871,0.592169276,0.0,0.0,0.2780895164147966,1.0156287114220588,0.0,0.2031334378161882,0.0,0.0,0.21668675883539654,0.0,198.1609488125938,0.0,0.0,0.4903881968126671,0.0,1.05e-08
2161.0,0.8765340337835884,0.032515654,0.581483551,0.0,0.0,0.034411205710738184,1.3520882341538658,0.0,0.2932786472456189,0.0,0.18282009403456936,0.21668675883539654,0.0,198.26712306392193,0.0,-6.938893903907228e-18,0.1267525216207881,0.0,1.05e-08
2162.0,0.8602362143069057,8.47e-07,0.551788579,0.0,0.0,8.963772107119617e-07,1.3702007240107104,0.0,0.2932786472456189,0.0,0.44677066903105306,0.21668675883539654,0.0,198.3732973140389,0.0,0.0,0.03311917694411859,0.0,1.05e-08
2163.0,0.8284028961699504,0.0,0.524656783,0.0,0.0,0.0,1.3343177673034785,0.0,0.2892281122981316,0.0,0.7107209444093205,0.21668675883539654,0.0,198.4794715629447,0.0,0.0,2.220446049250313e-16,0.0,1.0500035756676175e-08
2164.0,0.7920663177045938,0.0,0.492850923,0.0,0.0,0.0,1.2534284593263683,0.0,0.24467538278637788,0.0,0.9710254387169734,0.21668675883539654,0.0,198.5856458106393,0.0,0.0,0.0,0.0,1.0500047675595293e-08
2165.0,0.7583721658893785,0.0,0.467556786,0.0,0.0,0.0,1.1890998973001181,0.0,0.21404097257534305,0.0,1.1912321809846071,0.21668675883539654,0.0,198.69182005712275,0.0,0.0,0.0,0.0,1.050005959452794e-08
2166.0,0.7353312333484369,0.0,0.434266898,0.0,0.0,0.0,1.1044363792265457,0.0,0.15241838704271232,0.0,1.3838677040990304,0.21668675883539654,0.0,198.79799430239504,0.0,0.0,2.220446049250313e-16,0.0,1.0500071513474118e-08
2167.0,0.7213482138788878,0.0,0.402950919,0.0,0.0,0.0,1.0247929465403764,0.0,0.08675797382609211,0.0,1.5210426815677247,0.21668675883539654,0.0,198.90416854645613,0.0,0.0,0.0,0.0,1.0500083432433824e-08
2168.0,0.7154637824083945,0.0,0.37615129,0.0,0.0,0.0,0.956635586737708,0.0,0.024485045493916942,0.0,1.5991231314300283,0.21668675883539654,0.0,199.01034278930604,0.0,0.0,1.1102230246251565e-16,0.0,1.050009535140706e-08
2169.0,0.7196908085083776,0.0,0.349342909,0.0,0.0,0.0,0.8884559686712032,0.0,0.0,0.04792159867257096,1.6211578571619134,0.21668675883539654,0.0,199.1165170309448,0.0,0.0,1.1102230246251565e-16,0.0,1.1666785855993142e-08
2170.0,0.732354756003464,0.0,0.316542104,0.0,0.0,0.0,0.8050362963987936,0.0,0.0,0.14400521844006695,1.573234418264424,0.21668675883539654,0.0,199.22269127137238,0.0,0.0,0.0,0.0,1.16667990993268e-08
2171.0,0.7560123975194791,0.0,0.28737783,0.0,0.0,0.0,0.7308651234918251,0.0,0.0,0.24183403286305064,1.4292274139987717,0.21668675883539654,0.0,199.32886551058877,0.0,0.0,0.0,0.0,1.1666812342675498e-08
2172.0,0.7865287850325794,3.66e-05,0.249464994,0.0,0.0,3.8733655150009205e-05,0.6344444303400071,0.0,0.0,0.2932786472456189,1.1873917587768066,0.14123302620819664,0.0,199.43503974859402,0.0,6.776263578034403e-21,0.0,0.0,0.0199539370941596
2173.0,0.8128117223938728,0.086300337,0.217703758,0.0,0.0,0.09133135225922351,0.5536686110243939,0.0,0.0,0.2932786472456189,0.8941117636871807,0.1254668881353635,0.0,199.50424165640078,0.0,0.0,0.0,0.0,0.019953937321782148
2174.0,0.8218782008676968,0.345551266,0.190158307,0.0,0.0,0.3656957260626531,0.4836144615906919,0.0,0.0,0.1892547720497484,0.6008321015084754,0.21668675883539654,0.0,199.5657181557624,0.0,-5.551115123125783e-17,0.0,0.0,1.1666852072811778e-08
2175.0,0.8259917353854616,0.589950263,0.174834719,0.0,0.0,0.6243423508934217,0.44464320192199075,0.0,0.02630705859455439,0.0,0.4115766474361837,0.21668675883539654,0.0,199.67189239106577,0.0,0.0,0.0,0.0,1.0500178784598546e-08
2176.0,0.8262572628608404,0.675842574,0.180225516,0.0,0.0,0.7152418906287044,0.4583531861442405,0.0,0.13065105507670785,0.0,0.4352525329782829,0.21668675883539654,0.0,199.77806662515798,0.0,0.0,0.0,0.0,1.0500190703680018e-08
2177.0,0.819848200491413,0.70517338,0.185721839,0.0,0.0,0.7462825825652022,0.47233154622910145,0.0,0.18207916946749392,0.0,0.5528379884791121,0.21668675883539654,0.0,199.884240858039,0.0,-1.1102230246251565e-16,0.0,0.0,1.0500202622775022e-08
2178.0,0.8138438533868778,0.711271376,0.194527997,0.0,0.0,0.7527360709305064,0.49472754578883965,0.0,0.21693300449707176,0.0,0.7167086134568709,0.21668675883539654,0.0,199.99041508970885,0.0,0.0,0.0,0.0,1.0500214541883553e-08
2179.0,0.8115547495870389,0.706400318,0.20650895,0.0,0.0,0.7475810468652689,0.5251977483576834,0.0,0.24453728680051684,0.0,0.9119475039467871,0.21668675883539654,0.0,200.09658932016754,0.0,0.0,0.0,0.0,1.0500226461005616e-08
2180.0,0.8152935477484221,0.704970044,0.21329595,0.0,0.0,0.7460673927700223,0.5424585843558501,0.0,0.25654567054205374,0.0,1.132030026888282,0.21668675883539654,0.0,200.20276354941504,0.0,0.0,0.0,0.0,1.050023838014121e-08
2181.0,0.8229702896777229,0.687901857,0.212872288,0.0,0.0,0.7280041886909548,0.5413811185682185,0.0,0.22972825874605388,0.0,1.362919845374886,0.21668675883539654,0.0,200.30893777745135,0.0,-1.1102230246251565e-16,1.1102230246251565e-16,0.0,1.0500250299290332e-08
2182.0,0.8331995215316335,0.634497592,0.212982078,0.0,0.0,0.6714866372141869,0.5416603387220772,0.0,0.1632606955692341,0.0,1.5696737311551303,0.21668675883539654,0.0,200.41511200427652,0.0,0.0,0.0,0.0,1.0500262218452982e-08
2183.0,0.8510969299124131,0.515554927,0.225160637,0.0,0.0,0.5456100205821358,0.5726330968763421,0.0,0.05045942871066828,0.0,1.7166065753836988,0.21668675883539654,0.0,200.5212862298905,0.0,0.0,1.1102230246251565e-16,0.0,1.0500274137629165e-08
2184.0,0.8785126417452827,0.320479885,0.280036492,0.0,0.0,0.3391627690738964,0.71219448385353,0.0,0.0,0.04384214765325269,1.7620181126516783,0.21668675883539654,0.0,200.62746045429336,0.0,0.0,0.0,0.0,0.019953715599830207
2185.0,0.8840223368593944,0.047916893,0.35817871,0.0,0.0,0.05071028440770192,0.9109273569095173,0.0,0.0,0.1390714543775717,1.7181739648788055,0.21668675883539654,0.0,200.73363467748496,0.0,-6.938893903907228e-18,1.1102230246251565e-16,0.0,0.01995373824991711
2186.0,0.8663968800058173,1.48e-06,0.375276354,0.0,0.0,1.5662789514211375e-06,0.9544104317642451,0.0,0.0,0.12867164079801727,1.5791005601504209,0.21668675883539654,0.0,200.83980889946542,0.0,-2.117582368135751e-22,0.0,0.0,0.019953760900029715
2187.0,0.831124552792584,0.0,0.363436932,0.0,0.0,0.0,0.9243001737039702,0.0,0.0,0.12351113792401036,1.450427126867985,0.21668675883539654,0.0,200.94598312023476,0.0,0.0,0.0,0.0,0.019953783550168042
2188.0,0.7939292927334617,0.0,0.347982267,0.0,0.0,0.0,0.8849955563514423,0.0,0.0,0.1256204952174158,1.3269143425206298,0.21668675883539654,0.0,201.05215733979287,0.0,0.0,1.1102230246251565e-16,0.0,0.019953806200332075
2189.0,0.7670510599031737,0.0,0.331262486,0.0,0.0,0.0,0.8424734703390271,0.0,0.0,0.14126434839954313,1.2012923410829366,0.21668675883539654,0.0,201.15833155813985,0.0,0.0,1.1102230246251565e-16,0.0,0.019953828850521816
2190.0,0.7469973114602445,0.0,0.319055025,0.0,0.0,0.0,0.8114272080324092,0.0,0.0,0.15225686226323187,1.0600266290604181,0.21668675883539654,0.0,201.26450577527564,0.0,0.0,0.0,0.0,0.019953851500737266
2191.0,0.7389779534336807,0.0,0.311274829,0.0,0.0,0.0,0.7916404558312021,0.0,0.0,0.16402425643787513,0.9077685635291589,0.21668675883539654,0.0,201.37067999120026,0.0,0.0,0.0,0.0,0.01995387415097843
2192.0,0.7440957813865479,0.0,0.310868954,0.0,0.0,0.0,0.7906082263025803,0.0,0.0,0.17017431391936408,0.7437432766559542,0.21668675883539654,0.0,201.4768542059137,0.0,0.0,0.0,0.0,0.019953896801245312
2193.0,0.772509362602696,0.0,0.308490597,0.0,0.0,0.0,0.7845595405618861,0.0,0.0,0.20463658087620637,0.5735681184912845,0.21668675883539654,0.0,201.58302841941597,0.0,0.0,0.0,0.0,0.019953919451537898
2194.0,0.8298418837784554,0.0,0.309090956,0.0,0.0,0.0,0.7860863857422343,0.0,0.0,0.07794258993417347,0.36893088654069983,0.03418709189795248,0.0,201.68920263170708,0.0,0.0,0.0,0.0,0.019953942101856196
2195.0,0.8884527912671275,0.0,0.309470252,0.0,0.0,0.0,0.7870510190191993,0.0,0.0,0.10140177224792829,0.29098787782200913,0.0,0.0,201.70595200598765,0.0,0.0,0.0,0.0,0.019953964752200206
2196.0,0.9271041697396178,5.91e-05,0.307144687,0.0,0.0,6.254532839796569e-05,0.7811365949631988,0.0,0.0,0.14590502944802114,0.1895857752650111,0.0,0.0,201.70594970504715,0.0,0.0,0.0,0.0,0.019953987402569928
2197.0,0.9536697653811532,0.1538196,0.293801734,0.0,0.0,0.16278675797028297,0.747202526381462,0.0,0.0,0.04368048102940817,0.043680530612488895,0.0,0.0,201.70594740410672,0.0,0.0,1.1102230246251565e-16,0.0,0.01995401005296536
2198.0,0.9704022790312385,0.514482913,0.271695131,0.0,0.0,0.5444755118227921,0.642613526043843,0.0,0.0,0.0,0.0,0.21668675883539654,0.0,201.70594510316627,0.0,0.0,0.048367039403542256,0.0,1.05e-08
2199.0,0.9783916581492919,0.742185424,0.336207122,0.0,0.0,0.7854523024748461,0.4096261145098423,0.0,0.0,0.0,0.0,0.21668675883539654,0.0,201.81211931405522,0.0,0.0,0.44542265435086315,0.0,1.05e-08
2200.0,0.9780597488050682,0.786794271,0.375660096,0.0,0.0,0.8326616930851609,0.36208481455530384,0.0,0.0,0.0,0.0,0.21668675883539654,0.0,201.918293523733,0.0,0.0,0.5933015576432435,0.0,1.05e-08
2201.0,0.9786186413137286,0.792863336,0.393033067,0.0,0.0,0.8390845638718547,0.35622083627727036,0.0,0.0,0.0,0.0,0.21668675883539654,0.0,202.02446773219958,0.0,0.0,0.6433488279843247,0.0,1.05e-08
2202.0,0.9786272067161602,0.782031034,0.404732486,0.0,0.0,0.8276207756164242,0.3676931899351325,0.0,0.0,0.0,0.0,0.21668675883539654,0.0,202.13064193945502,0.0,-1.1102230246251565e-16,0.661630673918747,0.0,1.05e-08
2203.0,0.9793381351179811,0.770669423,0.412696394,0.0,0.0,0.8155968214518736,0.380428072501504,0.0,0.0,0.0,0.0,0.21668675883539654,0.0,202.2368161454993,0.0,0.0,0.6691497636365199,0.0,1.05e-08
2204.0,0.97960366259336,0.770802664,0.422204557,0.0,0.0,0.8157378299476616,0.38055259148109494,0.0,0.0,0.0,0.0,0.21668675883539654,0.0,202.34299035033234,0.0,0.0,0.6932065975649644,0.0,1.05e-08
2205.0,0.9827214690784539,0.765290399,0.432275293,0.0,0.0,0.8099042187016107,0.3895040092122399,0.0,0.0,0.0,0.0,0.21668675883539654,0.0,202.4491645539543,0.0,0.0,0.7098672798009378,0.0,1.05e-08
2206.0,0.9837878616811851,0.727741366,0.442552775,0.0,0.0,0.7701662051650446,0.43030841535153713,0.0,0.0,0.0,0.0,0.21668675883539654,0.0,202.555338756365,0.0,0.0,0.6952007742474828,0.0,1.05e-08
2207.0,0.9891176833442339,0.610262103,0.466098779,0.0,0.0,0.6458383018776338,0.5599661403019965,0.0,0.0,0.0,0.0,0.21668675883539654,0.0,202.66151295756455,0.0,0.0,0.625425724036404,0.0,1.05e-08
2208.0,1.0016274535955518,0.346123612,0.552822254,0.0,0.0,0.3663014378820653,0.8520127745488831,0.0,0.0,0.0,0.0,0.21668675883539654,0.0,202.76768715755296,0.0,-5.551115123125783e-17,0.5539359896224486,0.0,1.05e-08
2209.0,0.9913040023148938,0.054123015,0.609392942,0.0,0.0,0.057278202149966546,1.1507125590003238,0.0,0.0,0.0,0.0,0.21668675883539654,0.0,202.8738613563302,0.0,-6.938893903907228e-18,0.39910792579447274,0.0,1.05e-08
2210.0,0.95616443883935,2.41e-06,0.604253703,0.0,0.0,2.5504947790033384e-06,1.1728486471799675,0.0,0.0,0.0,0.0,0.21668675883539654,0.0,202.98003555389624,0.0,0.0,0.36390162079821176,0.0,1.05e-08
2211.0,0.9045793026951787,0.0,0.581095994,0.0,0.0,0.0,1.1212660615305752,0.0,0.0,0.0,0.0,0.21668675883539654,0.0,203.08620975025113,0.0,0.0,0.3565890514244321,0.0,1.05e-08
2212.0,0.8548742723847386,0.0,0.560736351,0.0,0.0,0.0,1.0715610312201351,0.0,0.0,0.0,0.0,0.21668675883539654,0.0,203.19238394539485,0.0,0.0,0.3545150248902835,0.0,1.05e-08
2213.0,0.8145419336850512,0.0,0.551481264,0.0,0.0,0.0,1.031228692520448,0.0,0.0,0.0,0.0,0.21668675883539654,0.0,203.29855813932738,0.0,0.0,0.37130963869594336,0.0,1.05e-08
2214.0,0.7874966755073475,0.0,0.544485241,0.0,0.0,0.0,1.004183434342744,0.0,0.0,0.0,0.0,0.21668675883539654,0.0,203.40473233204875,0.0,0.0,0.3805624693441936,0.0,1.05e-08
2215.0,0.7737941729674326,0.0,0.544098042,0.0,0.0,0.0,0.9904809318028293,0.0,0.0,0.0,0.0,0.21668675883539654,0.0,203.51090652355893,0.0,0.0,0.3932802395373197,0.0,1.05e-08
2216.0,0.7730404175534538,0.0,0.545842742,0.0,0.0,0.0,0.9897271763888503,0.0,0.0,0.0,0.0,0.21668675883539654,0.0,203.61708071385797,0.0,0.0,0.3984711513629685,0.0,1.05e-08
2217.0,0.792972109011733,0.0,0.553539467,0.0,0.0,0.0,1.0096588678471297,0.0,0.0,0.0,0.0,0.21668675883539654,0.0,203.72325490294583,0.0,0.0,0.3981139269664231,0.0,1.05e-08
2218.0,0.8447906523721648,0.0,0.565867215,0.0,0.0,0.0,1.0614774112075613,0.0,0.0,0.0,0.0,0.21668675883539654,0.0,203.8294290908225,0.0,0.0,0.377647562249682,0.0,1.05e-08
2219.0,0.8979432571613146,0.0,0.578291455,0.0,0.0,0.0,1.114630015996711,0.0,0.0,0.0,0.0,0.21668675883539654,0.0,203.935603277488,0.0,0.0,0.3560925365148804,0.0,1.05e-08
2220.0,0.9264339269993469,8.12e-05,0.570258218,0.0,0.0,8.593368301040293e-05,1.1430347521517332,0.0,0.0,0.0,0.0,0.21668675883539654,0.0,204.04177746294235,0.0,0.0,0.30725750915735284,0.0,1.05e-08
2221.0,0.9515562523311617,0.177985949,0.547564988,0.0,0.0,0.18836192268068652,0.9798810884858719,0.0,0.0,0.0,0.0,0.21668675883539654,0.0,204.14795164718552,0.0,0.0,0.4126972902095888,0.0,1.05e-08
2222.0,0.9640446090764007,0.574334425,0.560668649,0.0,0.0,0.6078161628067986,0.5729152051049986,0.0,0.0,0.0,0.0,0.21668675883539654,0.0,204.2541258302175,0.0,-1.1102230246251565e-16,0.8529886699064444,0.0,1.05e-08
2223.0,0.9717748847708987,0.811248554,0.580430185,0.0,0.0,0.8585415773655635,0.32992006624073184,0.0,0.0,0.0,0.0,0.21668675883539654,0.0,204.36030001203835,0.0,-1.1102230246251565e-16,1.146241747767008,0.0,1.05e-08
2224.0,0.9760811408433739,0.860670263,0.573249194,0.0,0.0,0.9108444034128342,0.28192349626593627,0.0,0.0,0.0,0.0,0.21668675883539654,0.0,204.466474192648,0.0,-1.1102230246251565e-16,1.1759754758447487,0.0,1.05e-08
2225.0,0.9774408984793868,0.86875956,0.563670496,0.0,0.0,0.9194052788337086,0.2747223784810747,0.0,0.0,0.0,0.0,0.21668675883539654,0.0,204.57264837204647,0.0,-1.1102230246251565e-16,1.1588158546795637,0.0,1.05e-08
2226.0,0.9803981036688887,0.856841205,0.562686124,0.0,0.0,0.9067921243931243,0.29029273811116096,0.0,0.0,0.0,0.0,0.21668675883539654,0.0,204.67882255023378,0.0,-1.1102230246251565e-16,1.1407420202221328,0.0,1.05e-08
2227.0,0.9814516481679726,0.845843023,0.569105447,0.0,0.0,0.895152785899544,0.30298562110382515,0.0,0.0,0.0,0.0,0.21668675883539654,0.0,204.78499672720991,0.0,0.0,1.1443748896270316,0.0,1.05e-08
2228.0,0.9856915223716032,0.847274402,0.586420038,0.0,0.0,0.8966676094125211,0.3057106717944786,0.0,0.0,0.0,0.0,0.21668675883539654,0.0,204.89117090297486,0.0,0.0,1.1856846577998423,0.0,1.05e-08
2229.0,0.9907879368183914,0.845321386,0.599415741,0.0,0.0,0.894600739241853,0.3128739564119349,0.0,0.0,0.0,0.0,0.21668675883539654,0.0,204.99734507752868,0.0,0.0,1.2115723085240513,0.0,1.05e-08
2230.0,0.9901176940781204,0.813648795,0.597789624,0.0,0.0,0.8610817442281568,0.3457227086853603,0.0,0.0,0.0,0.0,0.21668675883539654,0.0,205.1035192508713,0.0,-1.1102230246251565e-16,1.1745879825286825,0.0,1.05e-08
2231.0,0.9909142765042571,0.687996694,0.581328825,0.0,0.0,0.7281045543645467,0.479496480975107,0.0,0.0,0.0,0.0,0.21668675883539654,0.0,205.20969342300276,0.0,0.0,0.9989507724994655,0.0,1.05e-08
2232.0,0.9980685288852317,0.410365399,0.568109757,0.0,0.0,0.4342883019224572,0.780466985798171,0.0,0.0,0.0,0.0,0.21668675883539654,0.0,205.31586759392303,0.0,0.0,0.6643612659382825,0.0,1.05e-08
2233.0,0.9858221447586847,0.054031233,0.582552556,0.0,0.0,0.05718106957245348,1.1453278340216277,0.0,0.0,0.0,0.0,0.21668675883539654,0.0,205.42204176363217,0.0,0.0,0.3362316369418017,0.0,1.05e-08
2234.0,0.9484405871966757,3.4e-06,0.564986316,0.0,0.0,3.598208401913424e-06,1.1651237478236705,0.0,0.0,0.0,0.0,0.21668675883539654,0.0,205.52821593213008,0.0,0.0,0.27176090543761755,0.0,1.05e-08
2235.0,0.9011788379298428,0.0,0.547324209,0.0,0.0,0.0,1.1178655967652393,0.0,0.0,0.0,0.0,0.21668675883539654,0.0,205.63439009941686,0.0,0.0,0.27410042789592004,0.0,1.05e-08
2236.0,0.8500241132578582,0.0,0.538424309,0.0,0.0,0.0,1.0667108720932548,0.0,0.0,0.0,0.0,0.21668675883539654,0.0,205.74056426549248,0.0,0.0,0.30262074645326154,0.0,1.05e-08
2237.0,0.8146018915020723,0.0,0.529009313,0.0,0.0,0.0,1.031288650337469,0.0,0.0,0.0,0.0,0.21668675883539654,0.0,205.84673843035688,0.0,0.0,0.31409855950425936,0.0,1.05e-08
2238.0,0.7874731206506607,0.0,0.523689046,0.0,0.0,0.0,1.0041598794860573,0.0,0.0,0.0,0.0,0.21668675883539654,0.0,205.95291259401014,0.0,0.0,0.3276967194593312,0.0,1.05e-08
2239.0,0.7731710399405353,0.0,0.520768246,0.0,0.0,0.0,0.9898577987759318,0.0,0.0,0.0,0.0,0.21668675883539654,0.0,206.05908675645222,0.0,0.0,0.3345705623937909,0.0,1.05e-08
2240.0,0.7739954599245746,0.0,0.511980699,0.0,0.0,0.0,0.9906822187599712,0.0,0.0,0.0,0.0,0.21668675883539654,0.0,206.16526091768316,0.0,0.0,0.31139747472252843,0.0,1.05e-08
2241.0,0.7949978266868009,0.0,0.494991111,0.0,0.0,0.0,1.0116845855221974,0.0,0.0,0.0,0.0,0.21668675883539654,0.0,206.27143507770288,0.0,0.0,0.24718684331547824,0.0,1.05e-08
2242.0,0.8470262224068063,0.0,0.474675248,0.0,0.0,0.0,1.1888176739485237,0.0,0.12510469270632077,0.0,0.0,0.21668675883539654,0.0,206.37760923651146,0.0,0.0,0.018386040228149936,0.0,1.05e-08
2243.0,0.9036820767904711,0.0,0.451663618,0.0,0.0,0.0,1.1486800702278754,0.0,0.02831123460200793,0.0,0.11259422343568869,0.21668675883539654,0.0,206.48378339410885,0.0,0.0,2.220446049250313e-16,0.0,1.050001191887853e-08
2244.0,0.937239182166781,0.000108202,0.413096966,0.0,0.0,0.00011450980750112831,1.0505965789695337,0.0,0.0,0.10321485222514264,0.13807420676841498,0.21668675883539654,0.0,206.5899575504951,0.0,0.0,0.0,0.0,1.166669315307843e-08
2245.0,0.9566847870370683,0.196659221,0.365830917,0.0,0.0,0.20812378273998494,0.930388604891103,0.0,0.0,0.0348591582413768,0.03485919781109802,0.21668675883539654,0.0,206.69613170567013,0.0,0.0,1.1102230246251565e-16,0.0,1.166670639630686e-08
2246.0,0.965436486971532,0.480884456,0.360635329,0.0,0.0,0.5089183793908136,0.673204866416115,0.0,0.0,0.0,0.0,0.21668675883539654,0.0,206.80230585963403,0.0,-1.1102230246251565e-16,0.2439702137391634,0.0,1.05e-08
2247.0,0.968066065518026,0.634174303,0.378323148,0.0,0.0,0.671144501568291,0.5136083227851316,0.0,0.0,0.0,0.0,0.21668675883539654,0.0,206.90848001238675,0.0,0.0,0.44855077724995474,0.0,1.05e-08
2248.0,0.9643636703169769,0.70844445,0.380621181,0.0,0.0,0.7497443447879218,0.4313060843644516,0.0,0.0,0.0,0.0,0.21668675883539654,0.0,207.01465416392827,0.0,0.0,0.5366974197860575,0.0,1.05e-08
2249.0,0.9598218656776333,0.73405309,0.377745313,0.0,0.0,0.7768458811436796,0.39966274336935026,0.0,0.0,0.0,0.0,0.21668675883539654,0.0,207.12082831425866,0.0,-1.1102230246251565e-16,0.5610267949788346,0.0,1.05e-08
2250.0,0.9528110837873877,0.736999395,0.378731944,0.0,0.0,0.7799639456747383,0.5542274804427213,0.0,0.16469358349467536,0.0,0.0,0.21668675883539654,0.0,207.2270024633779,0.0,0.0,0.4089712778674064,0.0,1.05e-08
2251.0,0.9455133609156843,0.732265879,0.383369436,0.0,0.0,0.7749544818389171,0.6805242851577826,0.0,0.2932786472456189,0.0,0.14822422514520783,0.21668675883539654,0.0,207.3331766112859,0.0,0.0,0.29446863682625257,0.0,1.05e-08
2252.0,0.9421214615527799,0.727306738,0.387584404,0.0,0.0,0.7697062398352486,0.6823806277985468,0.0,0.2932786472456189,0.0,0.41217483941250016,0.21668675883539654,0.0,207.43935075798274,0.0,0.0,0.3033318862564358,0.0,1.05e-08
2253.0,0.9446653860749582,0.704174045,0.383298062,0.0,0.0,0.7452249897436357,0.709405802412338,0.0,0.2932786472456189,0.0,0.6761251540615317,0.21668675883539654,0.0,207.54552490346845,0.0,0.0,0.26540559976787625,0.0,1.05e-08
2254.0,0.9483827707302624,0.635798512,0.367924685,0.0,0.0,0.6728633964124862,0.7854847803987918,0.0,0.2932786472456189,0.0,0.9400751690926425,0.21668675883539654,0.0,207.65169904774297,0.0,0.0,0.15022873771850986,0.0,1.05e-08
2255.0,0.9577875826001339,0.515214774,0.354177858,0.0,0.0,0.5452500378225664,0.9007523089907112,0.0,0.27152800537774724,0.0,1.204024884506173,0.21668675883539654,0.0,207.75787319080632,0.0,0.0,0.0,0.0,1.050005959452794e-08
2256.0,0.9787813839599285,0.302204348,0.401020996,0.0,0.0,0.31982183060834357,1.019884727239936,0.0,0.1442384150529544,0.0,1.4483987226213784,0.21668675883539654,0.0,207.8640473326585,0.0,0.0,0.0,0.0,1.0500071513474118e-08
2257.0,0.9804237998761834,0.048659997,0.449001975,0.0,0.0,0.05149670883602411,1.1419109257887023,0.0,0.0,0.0037029240868534955,1.5782116520481952,0.21668675883539654,0.0,207.9702214732995,0.0,6.938893903907228e-18,2.220446049250313e-16,0.0,1.1666759369370917e-08
2258.0,0.9511215581577592,6.59e-08,0.443396385,0.0,0.0,6.974174520179254e-08,1.127654675654186,0.0,0.0,0.04015357159722463,1.5745069364859492,0.21668675883539654,0.0,208.0763956127293,0.0,-1.3234889800848443e-23,0.0,0.0,1.1666772612674513e-08
2259.0,0.9047013596798287,0.0,0.431675299,0.0,0.0,0.0,1.0978453721082295,0.0,0.0,0.02354274640699583,1.5343515776186658,0.21668675883539654,0.0,208.182569750948,0.0,0.0,0.0,0.0,1.1666785855993142e-08
2260.0,0.8626195375334919,0.0,0.419868128,0.0,0.0,0.0,1.0678171354450043,0.0,0.0,0.011489160923884119,1.5108070895231636,0.21668675883539654,0.0,208.28874388795546,0.0,0.0,0.0,0.0,1.16667990993268e-08
2261.0,0.8344800491951542,0.0,0.411574568,0.0,0.0,0.0,1.0467247855111668,0.0,0.0,0.004442022519384043,1.4993162136368279,0.21668675883539654,0.0,208.3949180237518,0.0,0.0,0.0,0.0,1.1666812342675498e-08
2262.0,0.8140686952007067,0.0,0.405332601,0.0,0.0,0.0,1.030850088488481,0.0,9.46344523778022e-05,0.0,1.4948724891986305,0.21668675883539654,0.0,208.50109215833697,0.0,0.0,0.0,0.0,1.0500143027435302e-08
2263.0,0.8045118474376748,0.0,0.396297818,0.0,0.0,0.0,1.0078726451936493,0.0,0.0,0.013325961079422213,1.4949559633311615,0.21668675883539654,0.0,208.60726629171094,0.0,0.0,0.0,0.0,1.1666838829417986e-08
2264.0,0.810338462441755,0.0,0.387181508,0.0,0.0,0.0,0.9846878607795565,0.0,0.0,0.04233736049759508,1.4816283052823769,0.21668675883539654,0.0,208.71344042387375,0.0,0.0,0.0,0.0,1.1666852072811778e-08
2265.0,0.8342744795367963,0.0,0.36699355,0.0,0.0,0.0,0.9333454367076724,0.0,0.0,0.11761580166452043,1.4392892629440437,0.21668675883539654,0.0,208.81961455482536,0.0,0.0,1.1102230246251565e-16,0.0,1.1666865316220604e-08
2266.0,0.8954956934164915,0.0,0.348068096,0.0,0.0,0.0,0.8852138384043209,0.0,0.0,0.22696861384756709,1.321671827499102,0.21668675883539654,0.0,208.92578868456584,0.0,0.0,1.1102230246251565e-16,0.0,1.1666878559644462e-08
2267.0,0.9525948073759903,0.0,0.331023516,0.0,0.0,0.0,0.8418657169902012,0.0,0.0,0.2932786472456189,1.0947017133821935,0.18254955685982968,0.0,209.03196281309516,0.0,0.0,0.0,0.0,0.01995395871831298
2268.0,0.9723187878253039,0.000107363,0.295786633,0.0,0.0,0.00011362189666312674,0.7522505617596742,0.0,0.0,0.2932786472456189,0.8014218235078188,0.07332404307665225,0.0,209.12140971144524,0.0,-1.3552527156068805e-20,0.0,0.0,0.01995395894593577
2269.0,0.9739269421318324,0.182433095,0.197141757,0.0,0.0,0.1930683221223735,0.5013749132116433,0.0,0.0,0.2932786472456189,0.5081422665442452,0.013794940447803212,0.0,209.15733610702125,0.0,-2.7755575615628914e-17,0.0,0.0,0.019953959173558567
2270.0,0.968410822965897,0.478280832,0.182474092,0.0,0.0,0.5061629729931008,0.4640718102145828,0.0,0.0,0.21486279859360993,0.21486304249109534,0.21668675883539654,0.0,209.16409324189925,0.0,0.0,0.0,0.0,1.1666931533490231e-08
2271.0,0.9581516122034759,0.670944959,0.230502225,0.0,0.0,0.7100587613809581,0.4647796096579143,0.0,0.0,0.0,0.0,0.21668675883539654,0.0,209.27026736771012,0.0,-1.1102230246251565e-16,0.121438322114225,0.0,1.05e-08
2272.0,0.944952327056416,0.725261198,0.23827075,0.0,0.0,0.7675414518309985,0.39409763406081394,0.0,0.0,0.0,0.0,0.21668675883539654,0.0,209.37644149230982,0.0,0.0,0.2118773679887171,0.0,1.05e-08
2273.0,0.9357316713388235,0.740679327,0.235638847,0.0,0.0,0.7838584051573472,0.36856002501687285,0.0,0.0,0.0,0.0,0.21668675883539654,0.0,209.48261561569834,0.0,0.0,0.23072146796442733,0.0,1.05e-08
2274.0,0.9298236850116435,0.736851924,0.238381601,0.0,0.0,0.7798078776184916,0.36670256622854835,0.0,0.0,0.0,0.0,0.21668675883539654,0.0,209.5887897378757,0.0,0.0,0.2395543543315518,0.0,1.05e-08
2275.0,0.9248236313422105,0.727351678,0.249240546,0.0,0.0,0.7697537996839492,0.37175659049365783,0.0,0.0,0.0,0.0,0.21668675883539654,0.0,209.69496385884187,0.0,0.0,0.2621170191423392,0.0,1.05e-08
2276.0,0.9249885153390184,0.715573982,0.263454897,0.0,0.0,0.7572895041832486,0.38438576999116647,0.0,0.0,0.0,0.0,0.21668675883539654,0.0,209.80113797859687,0.0,-1.1102230246251565e-16,0.2856380652867012,0.0,1.05e-08
2277.0,0.9270699081298915,0.68761022,0.278260376,0.0,0.0,0.7276955502486876,0.4160611167166004,0.0,0.0,0.0,0.0,0.21668675883539654,0.0,209.90731209714073,0.0,0.0,0.29161631291713874,0.0,1.05e-08
2278.0,0.9304232631818539,0.622264008,0.293415513,0.0,0.0,0.6585398769982124,0.48857014501903806,0.0,0.0,0.0,0.0,0.21668675883539654,0.0,210.01348621447337,0.0,0.0,0.2576501362850633,0.0,1.05e-08
2279.0,0.9421086134491324,0.482180336,0.331160799,0.0,0.0,0.5102898047743052,0.6485055675102237,0.0,0.0,0.0,0.0,0.21668675883539654,0.0,210.11966033059488,0.0,0.0,0.19370929038882323,0.0,1.05e-08
2280.0,0.9666977424795816,0.26704592,0.418782335,0.0,0.0,0.2826137861884412,0.9007707151265371,0.0,0.0,0.0,0.0,0.21668675883539654,0.0,210.2258344455052,0.0,0.0,0.1642850095477354,0.0,1.05e-08
2281.0,0.9656506220323213,0.024468254,0.484929136,0.0,0.0,0.02589466974204463,1.1564427111256734,0.0,0.0,0.0,0.0,0.21668675883539654,0.0,210.33200855920435,0.0,-3.469446951953614e-18,0.07683889889770246,0.0,1.05e-08
2282.0,0.9382563237055308,0.0,0.493723191,0.0,0.0,0.0,1.1549430825409273,0.0,0.0,0.0,0.0,0.21668675883539654,0.0,210.43818267169235,0.0,0.0,0.10070374644721336,0.0,1.05e-08
2283.0,0.8972644490186121,0.0,0.492544325,0.0,0.0,0.0,1.1139512078540088,0.0,0.0,0.0,0.0,0.21668675883539654,0.0,210.54435678296915,0.0,0.0,0.13869750522285806,0.0,1.05e-08
2284.0,0.8514224152048131,0.0,0.49083747,0.0,0.0,0.0,1.0681091740402098,0.0,0.0,0.0,0.0,0.21668675883539654,0.0,210.65053089303478,0.0,0.0,0.18019863079624887,0.0,1.05e-08
2285.0,0.8198524831926289,0.0,0.486592595,0.0,0.0,0.0,1.0365392420280255,0.0,0.0,0.0,0.0,0.21668675883539654,0.0,210.7567050018893,0.0,0.0,0.20097291064875766,0.0,1.05e-08
2286.0,0.7961862762741821,0.0,0.485617563,0.0,0.0,0.0,1.0128730351095787,0.0,0.0,0.0,0.0,0.21668675883539654,0.0,210.86287910953257,0.0,0.0,0.22215939641721705,0.0,1.05e-08
2287.0,0.7846979302628297,0.0,0.48853349,0.0,0.0,0.0,1.0013846890982263,0.0,0.0,0.0,0.0,0.21668675883539654,0.0,210.9690532159647,0.0,0.0,0.2410635870918414,0.0,1.05e-08
2288.0,0.7876722662571949,0.0,0.501490405,0.0,0.0,0.0,1.0043590250925916,0.0,0.0,0.0,0.0,0.21668675883539654,0.0,211.07522732118565,0.0,0.0,0.27104154001116165,0.0,1.05e-08
2289.0,0.8065182929572717,0.0,0.510011443,0.0,0.0,0.0,1.0232050517926683,0.0,0.0,0.0,0.0,0.21668675883539654,0.0,211.18140142519547,0.0,0.0,0.27386638990636225,0.0,1.05e-08
2290.0,0.8602983134745346,0.0,0.514232199,0.0,0.0,0.0,1.0769850723099312,0.0,0.0,0.0,0.0,0.21668675883539654,0.0,211.28757552799405,0.0,0.0,0.23082068161899127,0.0,1.05e-08
2291.0,0.9128791776513766,0.0,0.515269666,0.0,0.0,0.0,1.1295659364867732,0.0,0.0,0.0,0.0,0.21668675883539654,0.0,211.39374962958152,0.0,0.0,0.18087832454993058,0.0,1.05e-08
2292.0,0.9396781805091725,0.000129166,0.502551623,0.0,0.0,0.00013669593718869096,1.1562282434073803,0.0,0.0,0.0,0.0,0.21668675883539654,0.0,211.4999237299578,0.0,0.0,0.12187123282887669,0.0,1.05e-08
2293.0,0.9517189949773617,0.118426079,0.492918749,0.0,0.0,0.12532991543043026,1.043075838382328,0.0,0.0,0.0,0.0,0.21668675883539654,0.0,211.60609782912292,0.0,0.0,0.21052511740232993,0.0,1.05e-08
2294.0,0.9589246397729256,0.322397667,0.4976252,0.0,0.0,0.34119235122255476,0.8344190473857674,0.0,0.0,0.0,0.0,0.21668675883539654,0.0,211.71227192707684,0.0,0.0,0.4311514499996577,0.0,1.05e-08
2295.0,0.9595991652144124,0.462888428,0.522266522,0.0,0.0,0.4898732443464991,0.6864126797033098,0.0,0.0,0.0,0.0,0.21668675883539654,0.0,211.81844602381963,0.0,0.0,0.6418261273653357,0.0,1.05e-08
2296.0,0.9577554623410154,0.550133921,0.527026528,0.0,0.0,0.5822048519764047,0.5922373692000074,0.0,0.0,0.0,0.0,0.21668675883539654,0.0,211.92462011935123,0.0,-1.1102230246251565e-16,0.748107181631168,0.0,1.05e-08
2297.0,0.9592758212726203,0.589870663,0.526901132,0.0,0.0,0.6242581104849535,0.5517044696230635,0.0,0.0,0.0,0.0,0.21668675883539654,0.0,212.03079421367167,0.0,-1.1102230246251565e-16,0.7883211715586602,0.0,1.05e-08
2298.0,0.9581237746455732,0.607526015,0.530947756,0.0,0.0,0.6429427092805826,0.5318678242003873,0.0,0.0,0.0,0.0,0.21668675883539654,0.0,212.13696830678091,0.0,0.0,0.8184492731785143,0.0,1.05e-08
2299.0,0.958006000362139,0.598702454,0.53643249,0.0,0.0,0.6336047647732309,0.5410879944243047,0.0,0.0,0.0,0.0,0.21668675883539654,0.0,212.243142398679,0.0,0.0,0.823177989659705,0.0,1.05e-08
2300.0,0.9592715385714045,0.574499126,0.542144737,0.0,0.0,0.6079904653132702,0.5679678320935307,0.0,0.0,0.0,0.0,0.21668675883539654,0.0,212.34931648936592,0.0,0.0,0.8108256543697362,0.0,1.05e-08
2301.0,0.96227585347428,0.527044609,0.549026313,0.0,0.0,0.5577695118491105,0.6211931004605662,0.0,0.0,0.0,0.0,0.21668675883539654,0.0,212.45549057884165,0.0,-1.1102230246251565e-16,0.7751017496014809,0.0,1.05e-08
2302.0,0.9574492492040866,0.461053228,0.554124326,0.0,0.0,0.4879310584467369,0.6862049495927462,0.0,0.0,0.0,0.0,0.21668675883539654,0.0,212.5616646671062,0.0,-5.551115123125783e-17,0.7230552704869109,0.0,1.05e-08
2303.0,0.9570124136800762,0.351123706,0.542348532,0.0,0.0,0.37159302030593494,1.070214957327543,0.0,0.2681088051180051,0.0,0.0,0.21668675883539654,0.0,212.66783875415962,0.0,0.0,0.30909682471141964,0.0,1.05e-08
2304.0,0.9646356218441795,0.190661913,0.518467009,0.0,0.0,0.2017768521416136,1.2728241757835812,0.0,0.2932786472456189,0.0,0.2412979246062046,0.21668675883539654,0.0,212.7740128400019,0.0,0.0,0.04575163279296124,0.0,1.05e-08
2305.0,0.9562222553057632,0.01870173,0.504671068,0.0,0.0,0.019791977063622453,1.2834896917294254,0.0,0.13037265465188802,0.0,0.5052484332227485,0.21668675883539654,0.0,212.88018692463294,0.0,-3.469446951953614e-18,0.0,0.0,1.0500023837770588e-08
2306.0,0.9312669553213642,0.0,0.491733944,0.0,0.0,0.0,1.250587735688178,0.0,0.10263402153141736,0.0,0.6225832488867937,0.21668675883539654,0.0,212.98636100805285,0.0,0.0,0.0,0.0,1.0500035756676175e-08
2307.0,0.8942815476218156,0.0,0.463725828,0.0,0.0,0.0,1.179356927246506,0.0,0.06838862078929409,0.0,0.7149531615521459,0.21668675883539654,0.0,213.09253509026155,0.0,0.0,2.220446049250313e-16,0.0,1.0500047675595293e-08
2308.0,0.8534417088280574,0.0,0.444367031,0.0,0.0,0.0,1.1301232422400527,0.0,0.0599947745765987,0.0,0.7765021086977284,0.21668675883539654,0.0,213.19870917125908,0.0,0.0,0.0,0.0,1.050005959452794e-08
2309.0,0.8186597509040319,0.0,0.437231323,0.0,0.0,0.0,1.1119755649866556,0.0,0.07662905524722712,0.0,0.8304965243858287,0.21668675883539654,0.0,213.3048832510455,0.0,0.0,0.0,0.0,1.0500071513474118e-08
2310.0,0.7939378581358932,0.0,0.42508042,0.0,0.0,0.0,1.0810731421322823,0.0,0.07044852516099256,0.0,0.8994617313868132,0.21668675883539654,0.0,213.41105732962072,0.0,0.0,0.0,0.0,1.0500083432433824e-08
2311.0,0.7777856505005473,0.0,0.405852213,0.0,0.0,0.0,1.0321715762613821,0.0,0.03769916692543828,0.0,0.9628643830257114,0.21668675883539654,0.0,213.51723140698476,0.0,0.0,0.0,0.0,1.050009535140706e-08
2312.0,0.7736014514127221,0.0,0.388748912,0.0,0.0,0.0,0.9886741144095654,0.0,0.0,0.0016140958385532339,0.9967925402823588,0.21668675883539654,0.0,213.62340548313762,0.0,0.0,0.0,0.0,1.1666785855993142e-08
2313.0,0.7804195117482572,0.0,0.366325656,0.0,0.0,0.0,0.9316468351461344,0.0,0.0,0.06545943543751942,0.9951773129546894,0.21668675883539654,0.0,213.7295795580793,0.0,0.0,-1.1102230246251565e-16,0.0,1.16667990993268e-08
2314.0,0.7985803062538079,0.0,0.344486119,0.0,0.0,0.0,0.8761040818776957,0.0,0.0,0.13916298321150883,0.9297167478615467,0.21668675883539654,0.0,213.83575363180984,0.0,0.0,0.0,0.0,1.1666812342675498e-08
2315.0,0.8264585498179825,0.0,0.322691238,0.0,0.0,0.0,0.8206748986538033,0.0,0.0,0.22247040999957587,0.7905527093006658,0.21668675883539654,0.0,213.94192770432923,0.0,0.0,0.0,0.0,1.1666825586039226e-08
2316.0,0.8619985458572026,0.000192941,0.298989919,0.0,0.0,0.0002041888021392876,0.7603972236576001,0.0,0.0,0.2932786472456189,0.568081401920993,0.19188151384815558,0.0,214.0481017756374,0.0,0.0,0.0,0.0,0.01995396987183283
2317.0,0.8967805037812281,0.170344297,0.275798616,0.0,0.0,0.1802747884363046,0.7014166316925506,0.0,0.0,0.23177584248776947,0.2748021098291324,0.21668675883539654,0.0,214.1421212756907,0.0,0.0,0.0,0.0,1.1666852072811778e-08
2318.0,0.9213567847080297,0.439011032,0.247880125,0.0,0.0,0.4646038776103185,0.6304137593679165,0.0,0.0,0.043025906565191244,0.043025955405244,0.21668675883539654,0.0,214.2482953447152,0.0,0.0,0.0,0.0,1.1666865316220604e-08
2319.0,0.9337552047277372,0.615285393,0.238773301,0.0,0.0,0.6511544325491773,0.4992875310139565,0.0,0.0,0.0,0.0,0.21668675883539654,0.0,214.35446941252854,0.0,0.0,0.10796556892738451,0.0,1.05e-08
2320.0,0.9347273779037212,0.702890421,0.228156251,0.0,0.0,0.7438665348431364,0.4075476018959814,0.0,0.0,0.0,0.0,0.21668675883539654,0.0,214.46064347913068,0.0,0.0,0.17270400123758967,0.0,1.05e-08
2321.0,0.927403958824723,0.730665954,0.228447764,0.0,0.0,0.7732612866690844,0.3708294309910351,0.0,0.0,0.0,0.0,0.21668675883539654,0.0,214.56681754452168,0.0,0.0,0.21016355391420732,0.0,1.05e-08
2322.0,0.916615834462152,0.734462741,0.236320848,0.0,0.0,0.7772794133995773,0.3560231798979713,0.0,0.0,0.0,0.0,0.21668675883539654,0.0,214.6729916087015,0.0,0.0,0.24499279185326928,0.0,1.05e-08
2323.0,0.9080268771738884,0.729740982,0.248835308,0.0,0.0,0.7722823919567507,0.3524312440525342,0.0,0.0,0.0,0.0,0.21668675883539654,0.0,214.77916567167014,0.0,0.0,0.2804117560861555,0.0,1.05e-08
2324.0,0.9045471824360604,0.727376532,0.263303653,0.0,0.0,0.7697801025873671,0.35145383868408975,0.0,0.0,0.0,0.0,0.21668675883539654,0.0,214.88533973342766,0.0,0.0,0.3181853497866899,0.0,1.05e-08
2325.0,0.9040718026011078,0.712853062,0.273362367,0.0,0.0,0.7544099638288561,0.36634859760764826,0.0,0.0,0.0,0.0,0.21668675883539654,0.0,214.99151379397398,0.0,0.0,0.32887211623611834,0.0,1.05e-08
2326.0,0.906373754504594,0.665205727,0.283828362,0.0,0.0,0.7039849517330374,0.41907556160695314,0.0,0.0,0.0,0.0,0.21668675883539654,0.0,215.0976878533091,0.0,0.0,0.3027624829061272,0.0,1.05e-08
2327.0,0.9173460350194439,0.566065154,0.308754526,0.0,0.0,0.5990648215156519,0.5349679723391886,0.0,0.0,0.0,0.0,0.21668675883539654,0.0,215.20386191143308,0.0,-1.1102230246251565e-16,0.25026279780633687,0.0,1.05e-08
2328.0,0.9395197205641884,0.344994966,0.372931455,0.0,0.0,0.3651069956703047,0.7910994837292803,0.0,0.0,0.0,0.0,0.21668675883539654,0.0,215.31003596834591,0.0,0.0,0.15734735335819106,0.0,1.05e-08
2329.0,0.9440186981913741,0.071262899,0.455558587,0.0,0.0,0.0754172829195611,1.0852881741072096,0.0,0.0,0.0,0.0,0.21668675883539654,0.0,215.41621002404753,0.0,0.0,0.07329766024722328,0.0,1.05e-08
2330.0,0.9293204676187883,1.5e-05,0.467020973,0.0,0.0,1.5874448831970987e-05,1.145991352005353,0.0,0.0,0.0,0.0,0.21668675883539654,0.0,215.522384078538,0.0,0.0,0.04174585481020854,0.0,1.05e-08
2331.0,0.9000096604979325,0.0,0.463191902,0.0,0.0,0.0,1.116696419333329,0.0,0.0,0.0,0.0,0.21668675883539654,0.0,215.62855813181727,0.0,0.0,0.06130261648527724,0.0,1.05e-08
2332.0,0.8676838317211617,0.0,0.460936895,0.0,0.0,0.0,1.0843705905565584,0.0,0.0,0.0,0.0,0.21668675883539654,0.0,215.7347321838854,0.0,0.0,0.08789346574212487,0.0,1.05e-08
2333.0,0.8422595759536338,0.0,0.45680127,0.0,0.0,0.0,1.0589463347890304,0.0,0.0,0.0,0.0,0.21668675883539654,0.0,215.84090623474236,0.0,0.0,0.10279991616488804,0.0,1.05e-08
2334.0,0.8238953531403331,0.0,0.453814011,0.0,0.0,0.0,1.0405821119757297,0.0,0.0,0.0,0.0,0.21668675883539654,0.0,215.94708028438816,0.0,0.0,0.11356688132634751,0.0,1.05e-08
2335.0,0.8133856043567884,0.0,0.450143583,0.0,0.0,0.0,1.030072363192185,0.0,0.0,0.0,0.0,0.21668675883539654,0.0,216.05325433282277,0.0,0.0,0.11474192320683052,0.0,1.05e-08
2336.0,0.8107046333957049,0.0,0.443094834,0.0,0.0,0.0,1.0273913922311015,0.0,0.0,0.0,0.0,0.21668675883539654,0.0,216.15942838004622,0.0,0.0,0.09949637280630497,0.0,1.05e-08
2337.0,0.8178203414657373,0.0,0.432577468,0.0,0.0,0.0,1.034507100301134,0.0,0.0,0.0,0.0,0.21668675883539654,0.0,216.2656024260585,0.0,0.0,0.06563268629827435,0.0,1.05e-08
2338.0,0.835859078986638,0.0,0.432430002,0.0,0.0,0.0,1.079832617792458,0.0,0.027286779970423284,0.0,0.0,0.21668675883539654,0.0,216.3717764708596,0.0,0.0,0.01993213028605645,0.0,1.05e-08
2339.0,0.8581848004245429,0.0,0.431896004,0.0,0.0,0.0,1.0984066735387548,0.0,0.023535114278815227,0.0,0.024558101973380955,0.21668675883539654,0.0,216.47795051444953,0.0,0.0,0.0,0.0,1.050001191887853e-08
2340.0,0.8814934017914714,0.000255159,0.413715836,0.0,0.0,0.00027003389930112563,1.05217050170037,0.0,0.0,0.045739625027196876,0.04573967694767637,0.21668675883539654,0.0,216.58412455682827,0.0,0.0,0.0,0.0,1.166669315307843e-08
2341.0,0.8964357463333571,0.213488643,0.383862754,0.0,0.0,0.22593430263402808,0.8871882025347256,0.0,0.0,0.0,0.0,0.21668675883539654,0.0,216.6902985979959,0.0,-2.7755575615628914e-17,0.0890593357883317,0.0,1.05e-08
2342.0,0.9021338803009635,0.569308019,0.394439516,0.0,0.0,0.6024967344830845,0.5163239046532756,0.0,0.0,0.0,0.0,0.21668675883539654,0.0,216.79647263795232,0.0,0.0,0.4868226692191616,0.0,1.05e-08
2343.0,0.8988319176635907,0.769808168,0.433198781,0.0,0.0,0.8146853582232884,0.3008333182756989,0.0,0.0,0.0,0.0,0.21668675883539654,0.0,216.90264667669757,0.0,-1.1102230246251565e-16,0.8008866041416743,0.0,1.05e-08
2344.0,0.8934378554823051,0.840326559,0.431047743,0.0,0.0,0.8893147308661166,0.22080988345158517,0.0,0.0,0.0,0.0,0.21668675883539654,0.0,217.00882071423166,0.0,0.0,0.87543947551451,0.0,1.05e-08
2345.0,0.8852086450961678,0.843071241,0.423273396,0.0,0.0,0.892219418464052,0.2096759854675124,0.0,0.0,0.0,0.0,0.21668675883539654,0.0,217.1149947505546,0.0,0.0,0.8668014965927572,0.0,1.05e-08
2346.0,0.872634634326613,0.831120251,0.413640212,0.0,0.0,0.8795717265142923,0.35563854693652974,0.0,0.1458888802888123,0.0,0.0,0.21668675883539654,0.0,217.22116878566635,0.0,-1.1102230246251565e-16,0.6963396262738557,0.0,1.05e-08
2347.0,0.8645510357818125,0.820014147,0.404234458,0.0,0.0,0.8678181745362556,0.5066982673265723,0.0,0.2932786472456189,0.0,0.13129999225993108,0.21668675883539654,0.0,217.3273428195669,0.0,0.0,0.5213590016207956,0.0,1.05e-08
2348.0,0.8661142217255752,0.82200549,0.395487875,0.0,0.0,0.8699256060402826,0.5061540217663081,0.0,0.2932786472456189,0.0,0.3952506257384279,0.21668675883539654,0.0,217.4335168522563,0.0,0.0,0.4996587599691322,0.0,1.05e-08
2349.0,0.8770715127861698,0.817066131,0.38845875,0.0,0.0,0.8646982992597336,0.5223386196074516,0.0,0.2932786472456189,0.0,0.6592009595986421,0.21668675883539654,0.0,217.53969088373455,0.0,-1.1102230246251565e-16,0.46559754892103233,0.0,1.05e-08
2350.0,0.8893778547297378,0.782502108,0.376364466,0.0,0.0,0.8281193116236957,0.5712239491870577,0.0,0.2932786472456189,0.0,0.9231509938409139,0.21668675883539654,0.0,217.64586491400163,0.0,-1.1102230246251565e-16,0.38595379107573435,0.0,1.05e-08
2351.0,0.9108834388848193,0.676300303,0.363397636,0.0,0.0,0.7157263036679983,0.7051225412978365,0.0,0.2932786472456189,0.0,1.1871007284655832,0.21668675883539654,0.0,217.75203894305753,0.0,0.0,0.2190776940222553,0.0,1.05e-08
2352.0,0.9408473579410828,0.439627454,0.392288653,0.0,0.0,0.4652562349101786,0.9855565291119197,0.0,0.2932786472456189,0.0,1.4510501634729904,0.21668675883539654,0.0,217.85821297090226,0.0,-5.551115123125783e-17,0.01211992637278736,0.0,1.05e-08
2353.0,0.9419180332450299,0.078241644,0.443550733,0.0,0.0,0.08280286494715265,1.128047216617004,0.0,0.05224528948373,0.0,1.7149992988634752,0.21668675883539654,0.0,217.96438699753583,0.0,0.0,0.0,0.0,1.0500083432433824e-08
2354.0,0.9168920686905704,2.69e-05,0.429526789,0.0,0.0,2.8468178238667968e-05,1.0923812379178035,0.0,0.0,0.0,1.7620181126516783,0.17551763740547174,0.0,218.07056102295823,0.0,0.0,0.0,0.0,0.019953978521505582
2355.0,0.8805019564600163,0.0,0.381883413,0.0,0.0,0.0,0.9712136381631271,0.0,0.0,0.0,1.7620161125320581,0.09071168170311078,0.0,218.15656217766875,0.0,0.0,0.0,0.0,0.019953978749128597
2356.0,0.8406278667904185,0.0,0.335321824,0.0,0.0,0.0,0.8527972610387656,0.0,6.667057832709021e-06,0.0,1.7620141124147082,0.012162727190514476,0.0,218.20100841310412,0.0,0.0,0.0,0.0,0.019953978976751618
2357.0,0.8116361209101388,0.0,0.296406483,0.0,0.0,0.0,0.7538269768463787,0.0,0.0,0.05780914406376015,1.7620181126516783,0.0,0.0,218.2069656603213,0.0,0.0,0.0,0.0,0.04072204045546729
2358.0,0.7939271513828539,0.0,0.266827992,0.0,0.0,0.0,0.6786023588672644,0.0,0.0,0.11532479251558943,1.704206968468298,0.0,0.0,218.20696317114712,0.0,0.0,1.1102230246251565e-16,0.0,0.040722086680329554
2359.0,0.7865202196301477,0.0,0.241299991,0.0,0.0,0.0,0.6136790291749062,0.0,0.0,0.1728411904552414,1.5888802414562524,0.0,0.0,218.206960681973,0.0,0.0,1.1102230246251565e-16,0.0,0.04072213290524428
2360.0,0.7925202840334673,0.0,0.222102339,0.0,0.0,0.0,0.5648551713994716,0.0,0.0,0.22766511263399572,1.4160372474153826,0.0,0.0,218.20695819279894,0.0,0.0,0.0,0.0,0.04072217913021148
2361.0,0.82185464601101,0.0,0.207995692,0.0,0.0,0.0,0.5289788607539685,0.0,0.0,0.29287578525704155,1.188370527395026,0.0,0.0,218.20695570362489,0.0,0.0,0.0,0.0,0.04072222535523114
2362.0,0.887917453615154,0.0,0.200969903,0.0,0.0,0.0,0.5111107317298453,0.0,0.0,0.2932786472456189,0.8954933931829477,0.0,0.08352807463968967,218.20695321445083,0.0,0.0,0.0,0.0,0.040722408862224065
2363.0,0.9447317679438029,0.0,0.197581859,0.0,0.0,0.0,0.5024941895405758,0.0,0.0,0.2932786472456189,0.6022137294359134,0.0,0.1489589311576082,218.12342265063714,0.0,0.0,0.0,0.0,0.040722409326760876
2364.0,0.9727491992974906,0.000343955,0.173818924,0.0,0.0,0.00036400640320003873,0.44205981148398316,0.0,0.0,0.2932786472456189,0.30893439859942384,0.0,0.23704673416468847,217.9744612312584,0.0,0.0,5.551115123125783e-17,0.0,0.0407224097912977
2365.0,0.9844516803696324,0.186684035,0.120315371,0.0,0.0,0.19756707742355872,0.3059884907749486,0.0,0.0,0.015655382902186103,0.015655400673101068,0.0,0.4652407292689389,217.73741201057183,0.0,0.0,0.0,0.0,0.04072241025583452
2366.0,0.9869484951784371,0.571868824,0.118112362,0.0,0.0,0.6052068256791615,0.3003857536228217,0.0,0.0,0.0,0.0,0.0,0.08135591587645388,217.27216879748514,0.0,0.0,0.0,0.0,0.04072241072037136
2367.0,0.9769291156841001,0.752419643,0.141616309,0.0,0.0,0.7962831415315584,0.3601614681471478,0.0,0.0,0.0,0.0,0.17951549399460615,0.0,217.1908104030981,0.0,0.0,0.0,0.0,0.01995398148060501
2368.0,0.9691945572883862,0.83591504,0.14495097,0.0,0.0,0.8846460353569988,0.36864224560854203,0.0,0.06740696484175802,0.0,0.0,0.21668675883539654,0.0,217.27877051757304,0.0,-1.1102230246251565e-16,0.0,0.0,0.019953600525066995
2369.0,0.9638904318326323,0.846684158,0.143107359,0.0,0.0,0.8960429562007626,0.36395353673637226,0.0,0.07941930226910589,0.0,0.06066626835758222,0.21668675883539654,0.0,217.38494455081653,0.0,-1.1102230246251565e-16,0.0,0.0,0.01995362317502327
2370.0,0.9575434686308338,0.836978811,0.14476184,0.0,0.0,0.885771820577561,0.3681612463581614,0.0,0.07970283946949205,0.0,0.13214357153567632,0.21668675883539654,0.0,217.49111858284886,0.0,1.1102230246251565e-16,0.0,0.0,0.019953645825005254
2371.0,0.9543271600177768,0.827931317,0.151097033,0.0,0.0,0.8761968885401901,0.3842730376340908,0.0,0.08945600732110749,0.0,0.20387597705808683,0.21668675883539654,0.0,217.59729261367,0.0,0.0,5.551115123125783e-17,0.0,0.01995366847501295
2372.0,0.9587640384773336,0.831197414,0.16147313,0.0,0.0,0.8796533878539737,0.410661737887232,0.0,0.1148643284284755,0.0,0.2843861522213457,0.21668675883539654,0.0,217.70346664328,0.0,-1.1102230246251565e-16,0.0,0.0,0.019953691125046358
2373.0,0.9666356433119526,0.833367088,0.17082593,0.0,0.0,0.8819495464469775,0.43444796846387157,0.0,0.13307511276349995,0.0,0.3877637249917207,0.21668675883539654,0.0,217.8096406716788,0.0,0.0,5.551115123125783e-17,0.0,0.019953713775105474
2374.0,0.9740125961561482,0.803255238,0.177431504,0.0,0.0,0.8500822783095785,0.45124739818064685,0.0,0.11063032149868057,0.0,0.5075308863166336,0.21668675883539654,0.0,217.91581469886643,0.0,-1.1102230246251565e-16,0.0,0.0,0.019953736425190303
2375.0,0.9851711741738849,0.700115694,0.183612818,0.0,0.0,0.7409300507241904,0.4669678412640669,0.0,0.006039958978975881,0.0,0.607097599551911,0.21668675883539654,0.0,218.0219887248429,0.0,0.0,5.551115123125783e-17,0.0,0.019953759075300847
2376.0,1.0014775590529992,0.484029647,0.22933666,0.0,0.0,0.512246924297232,0.5832536432337272,0.0,0.0,0.0,0.6125328734982911,0.09402300847795995,0.0,218.1281627496082,0.0,0.0,0.0,0.0,0.019953983529212568
2377.0,0.9922783168414857,0.083984706,0.293502595,0.0,0.0,0.08888072787100845,0.7464417500119828,0.0,0.0,0.15695583895849444,0.6125321781938504,0.0,0.0,218.17423153548722,0.0,0.0,1.1102230246251565e-16,0.0,0.022170893750665614
2378.0,0.955072350029324,2.67e-05,0.31276064,0.0,0.0,2.8256518920908354e-05,0.7954192004894123,0.0,0.0,0.15962489302099084,0.4555756439317046,0.0,0.0,218.17422904668646,0.0,0.0,0.0,0.0,0.022170918917540805
2379.0,0.9071082377631018,0.0,0.314895516,0.0,0.0,0.0,0.8008486604146254,0.0,0.0,0.10625957734847637,0.29595023377313306,0.0,0.0,218.1742265578858,0.0,0.0,0.0,0.0,0.022170944084444564
2380.0,0.8592105073657244,0.0,0.317619022,0.0,0.0,0.0,0.8077751360895956,0.0,0.0,0.051435371276128745,0.18969032048266782,0.0,0.0,218.17422406908508,0.0,0.0,0.0,0.0,0.022170969251376887
2381.0,0.8250730959746749,0.0,0.331335791,0.0,0.0,0.0,0.8426599011011968,0.0,0.0,0.0,0.13825473388336557,0.0175868051265218,0.0,218.17422158028444,0.0,0.0,0.0,0.0,0.019953984667327968
2382.0,0.8031435243992304,0.0,0.358032814,0.0,0.0,0.0,0.9105563112444534,0.0,0.0,0.0,0.1382545769462695,0.1074127868452229,0.0,218.1828366259958,0.0,0.0,1.1102230246251565e-16,0.0,0.019953984894951055
2383.0,0.7923682481403068,0.0,0.380502254,0.0,0.0,0.0,0.9677010465930088,0.0,0.0,0.0,0.1382544200093516,0.17533279845270205,0.0,218.2354664026511,0.0,0.0,0.0,0.0,0.019953985122574146
2384.0,0.7975353271571556,0.0,0.395480911,0.0,0.0,0.0,1.0057950707494536,0.0,0.0,0.0,0.1382542630726118,0.208259743592298,0.0,218.32137698439365,0.0,0.0,0.0,0.0,0.01995398535019724
2385.0,0.82395959365857,0.0,0.389253675,0.0,0.0,0.0,0.9899578379046211,0.0,0.1044195088924378,0.0,0.13825410613605016,0.0615787353536133,0.0,218.4234217682746,0.0,0.0,0.0,0.0,0.019953985577820334
2386.0,0.8878532130969171,0.0,0.375998323,0.0,0.0,0.0,0.9562465579620882,0.0,0.06839334486517111,0.0,0.23223150720286068,0.0,0.0,218.4535928569545,0.0,0.0,0.0,0.0,0.019954008228213697
2387.0,0.9411428643249722,0.0,0.367012775,0.0,0.0,0.0,0.933394330117436,0.0,0.0,0.0077485342075361485,0.2937852539685639,0.0,0.0,218.453590364967,0.0,0.0,1.1102230246251565e-16,0.0,0.022171145420703073
2388.0,0.9602222982413096,0.000510751,0.327933284,0.0,0.0,0.000540526041025201,0.8340065763171074,0.0,0.0,0.12567519588317694,0.28603638627657246,0.0,0.0,218.4535878729795,0.0,0.0,1.1102230246251565e-16,0.0,0.022171170587863942
2389.0,0.9636762967718429,0.255303314,0.209627531,0.0,0.0,0.2701866263150415,0.5331289867823186,0.0,0.0,0.1603606836744829,0.16036086570491234,0.0,0.0,218.45358538099202,0.0,0.0,0.0,0.0,0.02217119575505338
2390.0,0.9594813909309782,0.563726694,0.169554036,0.0,0.0,0.5965900372746111,0.4312132618569684,0.0,0.0,0.0,0.0,0.06832190820060127,0.0,218.4535828890046,0.0,-1.1102230246251565e-16,0.0,0.0,0.019953986715935852
2391.0,0.9524320647297905,0.723783253,0.186574845,0.0,0.0,0.7659773476790676,0.40314147588611965,0.0,0.0,0.0,0.0,0.21668675883539654,0.0,218.4870581320355,0.0,-1.1102230246251565e-16,0.07135945249584047,0.0,1.05e-08
2392.0,0.9447874430596082,0.805402197,0.194519453,0.0,0.0,0.8523543976955679,0.3091198041994369,0.0,0.0,0.0,0.0,0.21668675883539654,0.0,218.59323215149556,0.0,-1.1102230246251565e-16,0.18558601231538358,0.0,1.05e-08
2393.0,0.9406674844900197,0.810826132,0.198815336,0.0,0.0,0.8580945296039302,0.299259713721486,0.0,0.0,0.0,0.0,0.21668675883539654,0.0,218.69940616974446,0.0,0.0,0.2063714795327351,0.0,1.05e-08
2394.0,0.9345218082453634,0.795238373,0.206249941,0.0,0.0,0.8415980574272238,0.3096105096535361,0.0,0.0,0.0,0.0,0.21668675883539654,0.0,218.80558018678218,0.0,0.0,0.21492852176425503,0.0,1.05e-08
2395.0,0.9295752883411277,0.776190488,0.216525576,0.0,0.0,0.821439745707906,0.32482230146861824,0.0,0.0,0.0,0.0,0.21668675883539654,0.0,218.91175420260876,0.0,0.0,0.22584993320716917,0.0,1.05e-08
2396.0,0.929104191207391,0.765202178,0.226025031,0.0,0.0,0.8098108547182503,0.33598009532453715,0.0,0.0,0.0,0.0,0.21668675883539654,0.0,219.01792821722415,0.0,0.0,0.23885134589714158,0.0,1.05e-08
2397.0,0.9356695721711946,0.74550242,0.229892468,0.0,0.0,0.788962668026703,0.5355976059919098,0.0,0.1722039430120216,0.0,0.0,0.21668675883539654,0.0,219.12410223062838,0.0,-1.1102230246251565e-16,0.0490695794157483,0.0,1.05e-08
2398.0,0.9423955544305903,0.691450725,0.219965312,0.0,0.0,0.7317599435894496,0.5594202410074494,0.0,0.13209787133091203,0.0,0.15498354871081946,0.21668675883539654,0.0,219.23027624282145,0.0,-1.1102230246251565e-16,1.1102230246251565e-16,0.0,1.050001191887853e-08
2399.0,0.9519374127393668,0.564298634,0.220396617,0.0,0.0,0.5971953194256083,0.5605171446276335,0.0,0.0,0.010911707521521671,0.27387145698216464,0.21668675883539654,0.0,219.33645025380332,0.0,-1.1102230246251565e-16,0.0,0.0,1.166669315307843e-08
2400.0,0.9727663301023538,0.35115285,0.28368821,0.0,0.0,0.37162386330171887,0.7214816071052691,0.0,0.0,0.09634761853076239,0.262959438580936,0.21668675883539654,0.0,219.44262426357403,0.0,0.0,0.0,0.0,1.166670639630686e-08
2401.0,0.9701089139979571,0.053883086,0.384810104,0.0,0.0,0.05702428610771281,0.9786568580494258,0.0,0.0,0.15111452867621494,0.1666115215570261,0.21668675883539654,0.0,219.54879827213358,0.0,0.0,1.1102230246251565e-16,0.0,1.1666719639550327e-08
2402.0,0.9347894770713501,1.7e-05,0.446662631,0.0,0.0,1.7991042009567118e-05,1.1359614587005493,0.0,0.0,0.015496786164187839,0.015496803755074687,0.21668675883539654,0.0,219.65497227948197,0.0,0.0,0.0,0.0,1.1666732882808823e-08
2403.0,0.889718329476393,0.0,0.491770324,0.0,0.0,0.0,1.1064050883117895,0.0,0.0,0.0,0.0,0.21668675883539654,0.0,219.76114628561916,0.0,0.0,0.14427516972994892,0.0,1.05e-08
2404.0,0.8446514645826516,0.0,0.531776871,0.0,0.0,0.0,1.0613382234180482,0.0,0.0,0.0,0.0,0.21668675883539654,0.0,219.86732029054522,0.0,0.0,0.2910874960381513,0.0,1.05e-08
2405.0,0.8132207203599805,0.0,0.560136078,0.0,0.0,0.0,1.029907479195377,0.0,0.0,0.0,0.0,0.21668675883539654,0.0,219.9734942942601,0.0,0.0,0.39464195045163697,0.0,1.05e-08
2406.0,0.7916594610890938,0.0,0.574378196,0.0,0.0,0.0,1.0083462199244904,0.0,0.0,0.0,0.0,0.21668675883539654,0.0,220.07966829676377,0.0,0.0,0.45242405296173627,0.0,1.05e-08
2407.0,0.783539459583959,0.0,0.580945166,0.0,0.0,0.0,1.0002262184193556,0.0,0.0,0.0,0.0,0.21668675883539654,0.0,220.18584229805631,0.0,0.0,0.47724530570819756,0.0,1.05e-08
2408.0,0.7869998821663161,0.0,0.583596148,0.0,0.0,0.0,1.0036866410017127,0.0,0.0,0.0,0.0,0.21668675883539654,0.0,220.29201629813767,0.0,0.0,0.4805269142936748,0.0,1.05e-08
2409.0,0.8152678515411274,0.0,0.579245243,0.0,0.0,0.0,1.031954610376524,0.0,0.0,0.0,0.0,0.21668675883539654,0.0,220.3981902970079,0.0,0.0,0.4411936351135586,0.0,1.05e-08
2410.0,0.8787503316627588,0.0,0.568531277,0.0,0.0,0.0,1.0954370904981554,0.0,0.0,0.0,0.0,0.21668675883539654,0.0,220.50436429466689,0.0,0.0,0.350463179448103,0.0,1.05e-08
2411.0,0.9305902885292696,0.0,0.550478676,0.0,0.0,0.0,1.1579159517977964,0.0,0.010638904433130094,0.0,0.0,0.21668675883539654,0.0,220.61053829111475,0.0,0.0,0.24207257729074305,0.0,1.05e-08
2412.0,0.9432199744146296,0.000869845,0.476982104,0.0,0.0,0.0009205539962830535,1.2130705571245721,0.0,0.054084377870829,0.0,0.009575013989817084,0.21668675883539654,0.0,220.71671228635142,0.0,0.0,0.0,0.0,1.050001191887853e-08
2413.0,0.9398537712590199,0.237629743,0.332966403,0.0,0.0,0.25148274641386104,0.846806906598271,0.0,0.0,0.0582508770822844,0.05825094320467756,0.21668675883539654,0.0,220.82288628037693,0.0,0.0,1.1102230246251565e-16,0.0,1.166669315307843e-08
2414.0,0.9313290544889931,0.523893102,0.330724812,0.0,0.0,0.5544342827414372,0.5935815305829524,0.0,0.0,0.0,0.0,0.21668675883539654,0.0,220.92906027319128,0.0,-1.1102230246251565e-16,0.24752451633858852,0.0,1.05e-08
2415.0,0.9214231665768745,0.693146107,0.424078147,0.0,0.0,0.7335541605767592,0.404555764835512,0.0,0.0,0.0,0.0,0.21668675883539654,0.0,221.03523426479447,0.0,0.0,0.6739683762833049,0.0,1.05e-08
2416.0,0.9149455809879945,0.768427203,0.475333168,0.0,0.0,0.8132238876745388,0.3184084521488522,0.0,0.0,0.0,0.0,0.21668675883539654,0.0,221.14140825518646,0.0,0.0,0.8904684975103487,0.0,1.05e-08
2417.0,0.9142753382477237,0.780847477,0.5038139,0.0,0.0,0.8263682212806761,0.304593875802444,0.0,0.0,0.0,0.0,0.21668675883539654,0.0,221.24758224436732,0.0,0.0,0.9767158488913434,0.0,1.05e-08
2418.0,0.9165173323341889,0.773339094,0.528199695,0.0,0.0,0.8184221251643867,0.3147819660051986,0.0,0.0,0.0,0.0,0.21668675883539654,0.0,221.35375623233696,0.0,0.0,1.02854620692491,0.0,1.05e-08
2419.0,0.9198621219837196,0.764973249,0.547543405,0.0,0.0,0.8095685799384734,0.32698030088064284,0.0,0.0,0.0,0.0,0.21668675883539654,0.0,221.45993021909547,0.0,-1.1102230246251565e-16,1.0655431874916486,0.0,1.05e-08
2420.0,0.9258172180242734,0.762541961,0.559620699,0.0,0.0,0.8069955561416877,0.33550842071798226,0.0,0.0,0.0,0.0,0.21668675883539654,0.0,221.5661042046428,0.0,0.0,1.0877302866075498,0.0,1.05e-08
2421.0,0.9329778944570716,0.752418959,0.570789453,0.0,0.0,0.7962824176566917,0.35338223563577636,0.0,0.0,0.0,0.0,0.21668675883539654,0.0,221.67227818897896,0.0,0.0,1.0982610732954527,0.0,1.05e-08
2422.0,0.9375817982640442,0.702944617,0.589138738,0.0,0.0,0.7439238902850629,0.41034466681437787,0.0,0.0,0.0,0.0,0.21668675883539654,0.0,221.77845217210398,0.0,-1.1102230246251565e-16,1.0879649157382776,0.0,1.05e-08
2423.0,0.943354879502927,0.583592856,0.618308728,0.0,0.0,0.6176143287517208,0.5424273095866027,0.0,0.0,0.0,0.0,0.21668675883539654,0.0,221.88462615401778,0.0,0.0,1.0300679829201065,0.0,1.05e-08
2424.0,0.9607683426463225,0.36828301,0.657415923,0.0,0.0,0.389752653195284,0.7877024482864351,0.0,0.0,0.0,0.0,0.21668675883539654,0.0,221.99080013472044,0.0,-5.551115123125783e-17,0.8842510553950672,0.0,1.05e-08
2425.0,0.9551258837945213,0.058619843,0.687451773,0.0,0.0,0.062037179882778175,1.1097754627471397,0.0,0.0,0.0,0.0,0.21668675883539654,0.0,222.09697411421195,0.0,0.0,0.6385658235946743,0.0,1.05e-08
2426.0,0.9204552761021063,3.21e-05,0.673240412,0.0,0.0,3.397132050041791e-05,1.1371080636170023,0.0,0.0,0.0,0.0,0.21668675883539654,0.0,222.20314809249226,0.0,0.0,0.5750906013115593,0.0,1.05e-08
2427.0,0.8726710372869473,0.0,0.646827005,0.0,0.0,0.0,1.089357796122344,0.0,0.0,0.0,0.0,0.21668675883539654,0.0,222.30932206956138,0.0,0.0,0.5556657566241305,0.0,1.05e-08
2428.0,0.824646967203704,0.0,0.635782244,0.0,0.0,0.0,1.0413337260391007,0.0,0.0,0.0,0.0,0.21668675883539654,0.0,222.4154960454194,0.0,0.0,0.5756005666130837,0.0,1.05e-08
2429.0,0.7857364853076585,0.0,0.643066345,0.0,0.0,0.0,1.002423244143055,0.0,0.0,0.0,0.0,0.21668675883539654,0.0,222.52167002006618,0.0,0.0,0.633036121848614,0.0,1.05e-08
2430.0,0.7613614913379988,0.0,0.646027833,0.0,0.0,0.0,0.9780482501733954,0.0,0.0,0.0,0.0,0.21668675883539654,0.0,222.6278439935018,0.0,0.0,0.6649428321404391,0.0,1.05e-08
2431.0,0.7513057088833276,0.0,0.641184668,0.0,0.0,0.0,0.9679924677187243,0.0,0.0,0.0,0.0,0.21668675883539654,0.0,222.73401796572628,0.0,0.0,0.6626813791778329,0.0,1.05e-08
2432.0,0.7524834517176694,0.0,0.633930776,0.0,0.0,0.0,0.9691702105530661,0.0,0.0,0.0,0.0,0.21668675883539654,0.0,222.8401919367396,0.0,0.0,0.6430553911452573,0.0,1.05e-08
2433.0,0.7757727809291268,0.0,0.621752989,0.0,0.0,0.0,0.9924595397645234,0.0,0.0,0.0,0.0,0.21668675883539654,0.0,222.94636590654173,0.0,0.0,0.5887952671455864,0.0,1.05e-08
2434.0,0.8364607985074564,0.0,0.609083827,0.0,0.0,0.0,1.053147557342853,0.0,0.0,0.0,0.0,0.21668675883539654,0.0,223.05253987513268,0.0,0.0,0.4958867799170128,0.0,1.05e-08
2435.0,0.8870823268780752,0.0,0.591883809,0.0,0.0,0.0,1.1037690857134717,0.0,0.0,0.0,0.0,0.21668675883539654,0.0,223.1587138425125,0.0,0.0,0.4015218170593582,0.0,1.05e-08
2436.0,0.9029411694801397,0.000956522,0.53093375,0.0,0.0,0.0010122839697103035,1.118615644345826,0.0,0.0,0.0,0.0,0.21668675883539654,0.0,223.26488780868112,0.0,0.0,0.23166583268992103,0.0,1.05e-08
2437.0,0.9092196094624855,0.216132359,0.43920814,0.0,0.0,0.22873213825857894,0.8971742300393031,0.0,0.0,0.0,0.0,0.21668675883539654,0.0,223.37106177363856,0.0,0.0,0.2198288160193118,0.0,1.05e-08
2438.0,0.9132110869956003,0.535688172,0.462973025,0.0,0.0,0.5669169650870716,0.5629808807439253,0.0,0.0,0.0,0.0,0.21668675883539654,0.0,223.47723573738483,0.0,-1.1102230246251565e-16,0.6144615026508161,0.0,1.05e-08
2439.0,0.9140590618363263,0.733228881,0.532762733,0.0,0.0,0.7759736235705229,0.3547721971011999,0.0,0.0,0.0,0.0,0.21668675883539654,0.0,223.58340969991997,0.0,0.0,1.0001607865805517,0.0,1.05e-08
2440.0,0.9138813297358711,0.811789537,0.568923069,0.0,0.0,0.8591140978290612,0.27145399074220644,0.0,0.0,0.0,0.0,0.21668675883539654,0.0,223.68958366124394,0.0,0.0,1.1754426925615582,0.0,1.05e-08
2441.0,0.9167014884864678,0.827094289,0.588769388,0.0,0.0,0.8753110646630616,0.2580771826588027,0.0,0.0,0.0,0.0,0.21668675883539654,0.0,223.79575762135673,0.0,0.0,1.239293061485731,0.0,1.05e-08
2442.0,0.9219991898903981,0.820722247,0.605468343,0.0,0.0,0.8685675543507836,0.27011839437501106,0.0,0.0,0.0,0.0,0.21668675883539654,0.0,223.90193158025832,0.0,-1.1102230246251565e-16,1.269720970676516,0.0,1.05e-08
2443.0,0.9282433682630176,0.813945513,0.619461555,0.0,0.0,0.8613957598753917,0.28353436722302244,0.0,0.0,0.0,0.0,0.21668675883539654,0.0,224.00810553794878,0.0,-1.1102230246251565e-16,1.2918928182822513,0.0,1.05e-08
2444.0,0.9367231166702785,0.815565739,0.633287329,0.0,0.0,0.8631104395242736,0.2902994359814015,0.0,0.0,0.0,0.0,0.21668675883539654,0.0,224.11427949442802,0.0,0.0,1.3202897382614167,0.0,1.05e-08
2445.0,0.9460743947749526,0.805987065,0.649140937,0.0,0.0,0.8529733615048649,0.3097877921054843,0.0,0.0,0.0,0.0,0.21668675883539654,0.0,224.22045344969615,0.0,-1.1102230246251565e-16,1.3411205994155457,0.0,1.05e-08
2446.0,0.9452478334403054,0.761086799,0.670934588,0.0,0.0,0.8054555631609391,0.3564790291147628,0.0,0.0,0.0,0.0,0.21668675883539654,0.0,224.3266274037531,0.0,0.0,1.3498554174692232,0.0,1.05e-08
2447.0,0.9447467573980581,0.634939897,0.717350254,0.0,0.0,0.6719547270868953,0.48947878914655946,0.0,0.0,0.0,0.0,0.21668675883539654,0.0,224.43280135659884,0.0,-1.1102230246251565e-16,1.3349009202297764,0.0,1.05e-08
2448.0,0.9572800825060629,0.42819925,0.778343988,0.0,0.0,0.45316180560089014,0.7208050357405692,0.0,0.0,0.0,0.0,0.21668675883539654,0.0,224.53897530823346,0.0,0.0,1.2586951745183073,0.0,1.05e-08
2449.0,0.952945988875685,0.099588129,0.804354574,0.0,0.0,0.10539377720548174,1.0642389705056,0.0,0.0,0.0,0.0,0.21668675883539654,0.0,224.64514925865691,0.0,-1.3877787807814457e-17,0.9814118894014583,0.0,1.05e-08
2450.0,0.9188663939510489,5.24e-05,0.795258613,0.0,0.0,5.545474125301865e-05,1.1354976980451923,0.0,0.0,0.0,0.0,0.21668675883539654,0.0,224.75132320786915,0.0,-6.776263578034403e-21,0.8870201294371243,0.0,1.05e-08
2451.0,0.8688273129457772,0.0,0.777162161,0.0,0.0,0.0,1.0855140717811738,0.0,0.0,0.0,0.0,0.21668675883539654,0.0,224.85749715587025,0.0,0.0,0.8909804920911981,0.0,1.05e-08
2452.0,0.817908136840661,0.0,0.756050415,0.0,0.0,0.0,1.0345948956760576,0.0,0.0,0.0,0.0,0.21668675883539654,0.0,224.9636711026602,0.0,0.0,0.8882078477541528,0.0,1.05e-08
2453.0,0.7782289100763814,0.0,0.746798555,0.0,0.0,0.0,0.994915668911778,0.0,0.0,0.0,0.0,0.21668675883539654,0.0,225.06984504823893,0.0,0.0,0.9043575565962285,0.0,1.05e-08
2454.0,0.7497660777962517,0.0,0.737011691,0.0,0.0,0.0,0.9664528366316483,0.0,0.0,0.0,0.0,0.21668675883539654,0.0,225.17601899260654,0.0,0.0,0.9079302379347989,0.0,1.05e-08
2455.0,0.7365261069876419,0.0,0.738385101,0.0,0.0,0.0,0.9532128658230384,0.0,0.0,0.0,0.0,0.21668675883539654,0.0,225.28219293576294,0.0,0.0,0.9246630928996254,0.0,1.05e-08
2456.0,0.7348943978244264,0.0,0.734670087,0.0,0.0,0.0,0.951581156659823,0.0,0.0,0.0,0.0,0.21668675883539654,0.0,225.3883668777082,0.0,0.0,0.9168467031406525,0.0,1.05e-08
2457.0,0.755751152745316,0.0,0.73529153,0.0,0.0,0.0,0.9724379115807127,0.0,0.0,0.0,0.0,0.21668675883539654,0.0,225.4945408184423,0.0,0.0,0.8975704146563634,0.0,1.05e-08
2458.0,0.8079037468005793,0.0,0.738254624,0.0,0.0,0.0,1.0245905056359759,0.0,0.0,0.0,0.0,0.21668675883539654,0.0,225.6007147579652,0.0,0.0,0.8529536213350255,0.0,1.05e-08
2459.0,0.8589985136555428,0.0,0.737725679,0.0,0.0,0.0,1.0756852724909394,0.0,0.0,0.0,0.0,0.21668675883539654,0.0,225.70688869627693,0.0,0.0,0.8005136308323457,0.0,1.05e-08
2460.0,0.8876497847891672,0.0014757,0.718350256,0.0,0.0,0.0015617282760893056,1.1027748153484747,0.0,0.0,0.0,0.0,0.21668675883539654,0.0,225.8130626333775,0.0,0.0,0.7241481193880852,0.0,1.05e-08
2461.0,0.90985559059303,0.232473371,0.712298487,0.0,0.0,0.2460257755156872,0.8805165739127394,0.0,0.0,0.0,0.0,0.21668675883539654,0.0,225.9192365692669,0.0,0.0,0.9310153792107676,0.0,1.05e-08
2462.0,0.9246480405923632,0.567565585,0.753566869,0.0,0.0,0.6006527225246787,0.540682076903081,0.0,0.0,0.0,0.0,0.21668675883539654,0.0,226.02541050394515,0.0,-1.1102230246251565e-16,1.3758044619890564,0.0,1.05e-08
2463.0,0.9321085061102665,0.737026922,0.777050502,0.0,0.0,0.7799930774049381,0.3688021875407249,0.0,0.0,0.0,0.0,0.21668675883539654,0.0,226.13158443741222,0.0,0.0,1.6074084028990967,0.0,1.05e-08
2464.0,0.9371813657003679,0.793573781,0.781954936,0.0,0.0,0.8398364253918833,0.3140316991438812,0.0,0.0,0.0,0.0,0.21668675883539654,0.0,226.23775836966811,0.0,0.0,1.674651947276172,0.0,1.05e-08
2465.0,0.9422221050313508,0.809809781,0.779177872,0.0,0.0,0.8570189288076088,0.3018899350591387,0.0,0.0,0.0,0.0,0.21668675883539654,0.0,226.34393230071288,0.0,-1.1102230246251565e-16,1.679731025894521,0.0,1.05e-08
2466.0,0.9481322327091388,0.806237015,0.776462529,0.0,0.0,0.853237882737235,0.31158110880730033,0.0,0.0,0.0,0.0,0.21668675883539654,0.0,226.45010623054642,0.0,0.0,1.663134136778484,0.0,1.05e-08
2467.0,0.9532629087656533,0.79934966,0.779163681,0.0,0.0,0.8459490184348937,0.3240006491661562,0.0,0.0,0.0,0.0,0.21668675883539654,0.0,226.5562801591688,0.0,0.0,1.6575842209485983,0.0,1.05e-08
2468.0,0.9569331837075841,0.794992546,0.782837763,0.0,0.0,0.8413378995516895,0.3322820429912912,0.0,0.0,0.0,0.0,0.21668675883539654,0.0,226.66245408658006,0.0,-1.1102230246251565e-16,1.6586468269534052,0.0,1.05e-08
2469.0,0.9581708843589469,0.780192166,0.78715426,0.0,0.0,0.8256747078847743,0.34918293530956923,0.0,0.0,0.0,0.0,0.21668675883539654,0.0,226.7686280127801,0.0,0.0,1.6527237373172516,0.0,1.05e-08
2470.0,0.9522136469677852,0.74495609,0.79293278,0.0,0.0,0.7883844888513448,0.38051591695183684,0.0,0.0,0.0,0.0,0.21668675883539654,0.0,226.874801937769,0.0,0.0,1.6360868048914459,0.0,1.05e-08
2471.0,0.943676082094111,0.636443452,0.795900242,0.0,0.0,0.6735459342144654,0.4868169067150422,0.0,0.0,0.0,0.0,0.21668675883539654,0.0,226.9809758615467,0.0,1.1102230246251565e-16,1.5373327246483215,0.0,1.05e-08
2472.0,0.9496140473298017,0.447296557,0.794225107,0.0,0.0,0.4733724204542196,0.6929283857109788,0.0,0.0,0.0,0.0,0.21668675883539654,0.0,227.08714978411328,0.0,-5.551115123125783e-17,1.3269610083590613,0.0,1.05e-08
2473.0,0.9402520624720883,0.111355758,0.788293786,0.0,0.0,0.11784741883442293,1.039091402473062,0.0,0.0,0.0,0.0,0.21668675883539654,0.0,227.19332370546866,0.0,-1.3877787807814457e-17,0.9657133357794621,0.0,1.05e-08
2474.0,0.9085686388776856,7.29e-05,0.769473536,0.0,0.0,7.7149821323379e-05,1.1251782478917587,0.0,0.0,0.0,0.0,0.21668675883539654,0.0,227.29949762561287,0.0,0.0,0.8317624490030968,0.0,1.05e-08
2475.0,0.8634760777766496,0.0,0.750620934,0.0,0.0,0.0,1.0801628366120462,0.0,0.0,0.0,0.0,0.21668675883539654,0.0,227.40567154454592,0.0,0.0,0.8288315406628433,0.0,1.05e-08
2476.0,0.8191008691292581,0.0,0.735037214,0.0,0.0,0.0,1.0357876279646547,0.0,0.0,0.0,0.0,0.21668675883539654,0.0,227.51184546226781,0.0,0.0,0.833573916665274,0.0,1.05e-08
2477.0,0.7796207879715127,0.0,0.725431733,0.0,0.0,0.0,0.9963075468069092,0.0,0.0,0.0,0.0,0.21668675883539654,0.0,227.61801937877854,0.0,0.0,0.8486251438043798,0.0,1.05e-08
2478.0,0.7483870480047679,0.0,0.718227105,0.0,0.0,0.0,0.9650738068401644,0.0,0.0,0.0,0.0,0.21668675883539654,0.0,227.72419329407805,0.0,0.0,0.8615359277764586,0.0,1.05e-08
2479.0,0.7275688373948204,0.0,0.719030247,0.0,0.0,0.0,0.9442555962302169,0.0,0.0,0.0,0.0,0.21668675883539654,0.0,227.83036720816645,0.0,0.0,0.8843967054035328,0.0,1.05e-08
2480.0,0.7180912196042807,0.0,0.714437511,0.0,0.0,0.0,0.9347779784396772,0.0,0.0,0.0,0.0,0.21668675883539654,0.0,227.93654112104366,0.0,0.0,0.8821939838867385,0.0,1.05e-08
2481.0,0.7210698382998615,0.0,0.703571034,0.0,0.0,0.0,0.937756597135258,0.0,0.0,0.0,0.0,0.21668675883539654,0.0,228.04271503270968,0.0,0.0,0.8515795205801587,0.0,1.05e-08
2482.0,0.7364789972742682,0.0,0.691909209,0.0,0.0,0.0,0.9531657561096648,0.0,0.0,0.0,0.0,0.21668675883539654,0.0,228.14888894316456,0.0,0.0,0.8065117718364402,0.0,1.05e-08
2483.0,0.756742598076771,0.0,0.680800281,0.0,0.0,0.0,0.9734293569121676,0.0,0.0,0.0,0.0,0.21668675883539654,0.0,228.2550628524083,0.0,0.0,0.7579957201243394,0.0,1.05e-08
2484.0,0.7878864013179843,0.001945426,0.6651098,0.0,0.0,0.002058837699559066,1.0025143224538218,0.0,0.0,0.0,0.0,0.21668675883539654,0.0,228.36123676044082,0.0,0.0,0.6890064051980749,0.0,1.05e-08
2485.0,0.8220388021632888,0.270337109,0.647077296,0.0,0.0,0.2860968402802309,0.7526287207184544,0.0,0.0,0.0,0.0,0.21668675883539654,0.0,228.4674106672622,0.0,0.0,0.8930313771735653,0.0,1.05e-08
2486.0,0.8499127630262476,0.649536428,0.661320842,0.0,0.0,0.6874021860524805,0.37919733580916376,0.0,0.0,0.0,0.0,0.21668675883539654,0.0,228.57358457287236,0.0,0.0,1.3026872370406197,0.0,1.05e-08
2487.0,0.8681527875042905,0.830844691,0.661529274,0.0,0.0,0.8792801023062831,0.205559444033404,0.0,0.0,0.0,0.0,0.21668675883539654,0.0,228.6797584772714,0.0,0.0,1.4768552173044847,0.0,1.05e-08
2488.0,0.8766667975212779,0.890181984,0.652463507,0.0,0.0,0.9420765570766945,0.15127699927997995,0.0,0.0,0.0,0.0,0.21668675883539654,0.0,228.78593238045926,0.0,-1.1102230246251565e-16,1.508081419626114,0.0,1.05e-08
2489.0,0.8794783908694429,0.898013063,0.642010612,0.0,0.0,0.9503641612690026,0.14580098843583691,0.0,0.0,0.0,0.0,0.21668675883539654,0.0,228.89210628243598,0.0,-1.1102230246251565e-16,1.48697341598653,0.0,1.05e-08
2490.0,0.8792920933665561,0.882682107,0.630431804,0.0,0.0,0.9341394628311893,0.16183938937076334,0.0,0.0,0.0,0.0,0.21668675883539654,0.0,228.99828018320147,0.0,0.0,1.4414875557997604,0.0,1.05e-08
2491.0,0.8806197307434506,0.868850456,0.625301323,0.0,0.0,0.919501473760444,0.17780501581840316,0.0,0.0,0.0,0.0,0.21668675883539654,0.0,229.10445408275584,0.0,-1.1102230246251565e-16,1.4124739860586608,0.0,1.05e-08
2492.0,0.8859902380680492,0.865643363,0.621990705,0.0,0.0,0.9161074181785858,0.18656957872485994,0.0,0.0,0.0,0.0,0.21668675883539654,0.0,229.21062798109904,0.0,0.0,1.3952897923358523,0.0,1.05e-08
2493.0,0.8919603235628581,0.860513917,0.617708422,0.0,0.0,0.9106789429743619,0.19796813942389277,0.0,0.0,0.0,0.0,0.21668675883539654,0.0,229.31680187823108,0.0,0.0,1.3730004426931424,0.0,1.05e-08
2494.0,0.8933457774061657,0.829678091,0.613001649,0.0,0.0,0.8780454935057913,0.2319870427357711,0.0,0.0,0.0,0.0,0.21668675883539654,0.0,229.4229757741519,0.0,-1.1102230246251565e-16,1.3270111788635688,0.0,1.05e-08
2495.0,0.8934528449365604,0.699451131,0.603706475,0.0,0.0,0.740226745968249,0.369912857803708,0.0,0.0,0.0,0.0,0.21668675883539654,0.0,229.5291496688616,0.0,0.0,1.1654456888304892,0.0,1.05e-08
2496.0,0.9039304734609868,0.472018456,0.589585887,0.0,0.0,0.4995355218345299,0.6210817104618536,0.0,0.0,0.0,0.0,0.21668675883539654,0.0,229.6353235623601,0.0,-5.551115123125783e-17,0.8783650704930039,0.0,1.05e-08
2497.0,0.8986499028619197,0.107888625,0.611991178,0.0,0.0,0.11417816380761373,1.0011584978897026,0.0,0.0,0.0,0.0,0.21668675883539654,0.0,229.74149745464746,0.0,0.0,0.5552698733763672,0.0,1.05e-08
2498.0,0.8737459952921102,8.31e-05,0.59840271,0.0,0.0,8.794444652911927e-05,1.0903448096809776,0.0,0.0,0.0,0.0,0.21668675883539654,0.0,229.84767134572363,0.0,-1.3552527156068805e-20,0.4315250942778379,0.0,1.05e-08
2499.0,0.8381781616949875,0.0,0.561600587,0.0,0.0,0.0,1.0548649205303842,0.0,0.0,0.0,0.0,0.21668675883539654,0.0,229.95384523558866,0.0,0.0,0.373409078096568,0.0,1.05e-08
2500.0,0.8002355702737102,0.0,0.527799034,0.0,0.0,0.0,1.0169223291091067,0.0,0.0,0.0,0.0,0.21668675883539654,0.0,230.0600191242425,0.0,0.0,0.3253868746428874,0.0,1.05e-08
2501.0,0.7695628641662335,0.0,0.5039485,0.0,0.0,0.0,0.9862496230016301,0.0,0.0,0.0,0.0,0.21668675883539654,0.0,230.16619301168515,0.0,0.0,0.2954024191410084,0.0,1.05e-08
2502.0,0.7450058553949029,0.0,0.486782236,0.0,0.0,0.0,0.9616926142302996,0.0,0.0,0.0,0.0,0.21668675883539654,0.0,230.2723668979167,0.0,0.0,0.2763018372824241,0.0,1.05e-08
2503.0,0.7298536584934435,0.0,0.475447499,0.0,0.0,0.0,0.9465404173288401,0.0,0.0,0.0,0.0,0.21668675883539654,0.0,230.37854078293702,0.0,0.0,0.2626273012474829,0.0,1.05e-08
2504.0,0.7221790579147507,0.0,0.472374198,0.0,0.0,0.0,0.9388658167501474,0.0,0.0,0.0,0.0,0.21668675883539654,0.0,230.48471466674619,0.0,0.0,0.26248582041553736,0.0,1.05e-08
2505.0,0.7237165476512187,0.0,0.468206263,0.0,0.0,0.0,0.9404033064866154,0.0,0.0,0.0,0.0,0.21668675883539654,0.0,230.59088854934419,0.0,0.0,0.25034835388725873,0.0,1.05e-08
2506.0,0.7361406638782209,0.0,0.46439301,0.0,0.0,0.0,0.9528274227136174,0.0,0.0,0.0,0.0,0.21668675883539654,0.0,230.69706243073102,0.0,0.0,0.228226295321592,0.0,1.05e-08
2507.0,0.7571280411861919,0.0,0.456994905,0.0,0.0,0.0,0.9738148000215885,0.0,0.0,0.0,0.0,0.21668675883539654,0.0,230.8032363109067,0.0,0.0,0.188423907390044,0.0,1.05e-08
2508.0,0.7909356845836256,0.003200968,0.429860801,0.0,0.0,0.003387573515251767,1.0042348699037704,0.0,0.0,0.0,0.0,0.21668675883539654,0.0,230.90941018987118,0.0,0.0,0.08899583410411993,0.0,1.05e-08
2509.0,0.8296534449249606,0.285657134,0.42362143,0.0,0.0,0.302309970478032,0.7440302332823252,0.0,0.0,0.0,0.0,0.21668675883539654,0.0,231.01558406762453,0.0,-5.551115123125783e-17,0.33333237590271025,0.0,1.05e-08
2510.0,0.8561226797891408,0.516108248,0.417572239,0.0,0.0,0.5461955983089462,0.5266138403155911,0.0,0.0,0.0,0.0,0.21668675883539654,0.0,231.1217579441667,0.0,0.0,0.5353643436782574,0.0,1.05e-08
2511.0,0.8717224189676501,0.679154803,0.411832475,0.0,0.0,0.7187472112807224,0.36966196652232436,0.0,0.0,0.0,0.0,0.21668675883539654,0.0,231.22793181949768,0.0,0.0,0.677718733299993,0.0,1.05e-08
2512.0,0.8784890868885958,0.753070522,0.415864452,0.0,0.0,0.7969719645569787,0.29820388116701363,0.0,0.0,0.0,0.0,0.21668675883539654,0.0,231.33410569361754,0.0,0.0,0.7594310243051314,0.0,1.05e-08
2513.0,0.8787396249097194,0.774480823,0.426428217,0.0,0.0,0.8196304130704186,0.2757959706746973,0.0,0.0,0.0,0.0,0.21668675883539654,0.0,231.4402795665262,0.0,-1.1102230246251565e-16,0.8087049161129292,0.0,1.05e-08
2514.0,0.8743884004744784,0.777083957,0.43926212,0.0,0.0,0.8223853009028028,0.2686898584070721,0.0,0.0,0.0,0.0,0.21668675883539654,0.0,231.5464534382237,0.0,0.0,0.8484504706819216,0.0,1.05e-08
2515.0,0.8702919967615768,0.770397864,0.447459523,0.0,0.0,0.8153094314885162,0.2716693241084571,0.0,0.0,0.0,0.0,0.21668675883539654,0.0,231.65262730871,0.0,0.0,0.866318806482508,0.0,1.05e-08
2516.0,0.873304877066884,0.763629208,0.451954952,0.0,0.0,0.8081461859329686,0.28184544996931193,0.0,0.0,0.0,0.0,0.21668675883539654,0.0,231.75880117798516,0.0,0.0,0.8675755467938062,0.0,1.05e-08
2517.0,0.8831101215004314,0.743543772,0.446665532,0.0,0.0,0.7868898375296468,0.31290704280618115,0.0,0.0,0.0,0.0,0.21668675883539654,0.0,231.86497504604915,0.0,0.0,0.8230617937763824,0.0,1.05e-08
2518.0,0.8934849651956789,0.684434957,0.428856732,0.0,0.0,0.7243351802472509,0.38583654378382454,0.0,0.0,0.0,0.0,0.21668675883539654,0.0,231.97114891290198,0.0,0.0,0.7048405915869886,0.0,1.05e-08
2519.0,0.9065643347086967,0.566286741,0.400829781,0.0,0.0,0.5992993262818738,0.5239517672622194,0.0,0.0,0.0,0.0,0.21668675883539654,0.0,232.07732277854362,0.0,0.0,0.4954466581130652,0.0,1.05e-08
2520.0,0.9203460672211037,0.361598519,0.417785512,0.0,0.0,0.38267847917213255,0.7543543468843675,0.0,0.0,0.0,0.0,0.21668675883539654,0.0,232.18349664297412,0.0,5.551115123125783e-17,0.3081662373269315,0.0,1.05e-08
2521.0,0.9168428176265888,0.081002865,0.526795223,0.0,0.0,0.08572505571237023,1.0478045207496152,0.0,0.0,0.0,0.0,0.21668675883539654,0.0,232.28967050619343,0.0,0.0,0.2919517705161325,0.0,1.05e-08
2522.0,0.8899988464060271,7.19e-05,0.581832727,0.0,0.0,7.609152473458093e-05,1.106609513716689,0.0,0.0,0.0,0.0,0.21668675883539654,0.0,232.39584436820158,0.0,0.0,0.3731192735402833,0.0,1.05e-08
2523.0,0.8500926364773108,0.0,0.584816811,0.0,0.0,0.0,1.0667793953127074,0.0,0.0,0.0,0.0,0.21668675883539654,0.0,232.50201822899857,0.0,0.0,0.4205385748717372,0.0,1.05e-08
2524.0,0.8128395599517754,0.0,0.575044086,0.0,0.0,0.0,1.029526318787172,0.0,0.0,0.0,0.0,0.21668675883539654,0.0,232.6081920885844,0.0,0.0,0.4329374590471644,0.0,1.05e-08
2525.0,0.7832311050964222,0.0,0.561396985,0.0,0.0,0.0,0.9999178639318188,0.0,0.0,0.0,0.0,0.21668675883539654,0.0,232.71436594695902,0.0,0.0,0.4278383299609504,0.0,1.05e-08
2526.0,0.7636291816317587,0.0,0.547784901,0.0,0.0,0.0,0.9803159404671554,0.0,0.0,0.0,0.0,0.21668675883539654,0.0,232.8205398041225,0.0,0.0,0.4128217254283738,0.0,1.05e-08
2527.0,0.7561473026077764,0.0,0.537211178,0.0,0.0,0.0,0.972834061443173,0.0,0.0,0.0,0.0,0.21668675883539654,0.0,232.92671366007482,0.0,0.0,0.39341229774938813,0.0,1.05e-08
2528.0,0.7612608478594278,0.0,0.533449735,0.0,0.0,0.0,0.9779476066948245,0.0,0.0,0.0,0.0,0.21668675883539654,0.0,233.03288751481597,0.0,0.0,0.3787325744014569,0.0,1.05e-08
2529.0,0.7895159691305917,0.0,0.520305974,0.0,0.0,0.0,1.0062027279659884,0.0,0.0,0.0,0.0,0.21668675883539654,0.0,233.13906136834595,0.0,0.0,0.3170499736813319,0.0,1.05e-08
2530.0,0.855007036122428,0.0,0.511912695,0.0,0.0,0.0,1.0716937949578247,0.0,0.0,0.0,0.0,0.21668675883539654,0.0,233.24523522066474,0.0,0.0,0.23021294937317682,0.0,1.05e-08
2531.0,0.9181597482504438,0.0,0.508726786,0.0,0.0,0.0,1.1348465070858402,0.0,0.0,0.0,0.0,0.21668675883539654,0.0,233.3514090717724,0.0,0.0,0.15895776888593272,0.0,1.05e-08
2532.0,0.9525348495589694,0.003741768,0.478585671,0.0,0.0,0.003959900310473761,1.165261708083892,0.0,0.0,0.0,0.0,0.21668675883539654,0.0,233.4575829216689,0.0,0.0,0.051887073145449714,0.0,1.05e-08
2533.0,0.9709226272289568,0.250974916,0.414246348,0.0,0.0,0.2656058974766811,0.9220034885876722,0.0,0.0,0.0,0.0,0.21668675883539654,0.0,233.5637567703542,0.0,-5.551115123125783e-17,0.13151622198658308,0.0,1.05e-08
2534.0,0.9767042738702711,0.510825306,0.400313606,0.0,0.0,0.5406046788115282,0.6527863538941395,0.0,0.0,0.0,0.0,0.21668675883539654,0.0,233.6699306178283,0.0,-1.1102230246251565e-16,0.3652993247563249,0.0,1.05e-08
2535.0,0.9741260877383666,0.675625463,0.471283325,0.0,0.0,0.715012122798014,0.4758007237757493,0.0,0.0,0.0,0.0,0.21668675883539654,0.0,233.77610446409128,0.0,-1.1102230246251565e-16,0.7227765830602126,0.0,1.05e-08
2536.0,0.9659889554283686,0.760810197,0.527964338,0.0,0.0,0.8051628362078844,0.3775128780558808,0.0,0.0,0.0,0.0,0.21668675883539654,0.0,233.8822783091431,0.0,0.0,0.965216730180251,0.0,1.05e-08
2537.0,0.9591066545745967,0.776916431,0.564355542,0.0,0.0,0.8222080087084678,0.3535854047015254,0.0,0.0,0.0,0.0,0.21668675883539654,0.0,233.98845215298374,0.0,0.0,1.0816950513347872,0.0,1.05e-08
2538.0,0.9511665265205249,0.770210569,0.589605757,0.0,0.0,0.8151112178289173,0.3527420675270042,0.0,0.0,0.0,0.0,0.21668675883539654,0.0,234.09462599561323,0.0,-1.1102230246251565e-16,1.146755247214693,0.0,1.05e-08
2539.0,0.9451771688702448,0.750417012,0.608626036,0.0,0.0,0.7941637639756373,0.3677001637300042,0.0,0.0,0.0,0.0,0.21668675883539654,0.0,234.2007998370315,0.0,-1.1102230246251565e-16,1.1801699101775063,0.0,1.05e-08
2540.0,0.9478774119867994,0.730948149,0.623019987,0.0,0.0,0.7735599326749605,0.3910042381472356,0.0,0.0,0.0,0.0,0.21668675883539654,0.0,234.30697367723866,0.0,-1.1102230246251565e-16,1.1934728237633172,0.0,1.05e-08
2541.0,0.9531815374425534,0.699124176,0.631253352,0.0,0.0,0.7398807306070586,0.42998756567089147,0.0,0.0,0.0,0.0,0.21668675883539654,0.0,234.41314751623463,0.0,-1.1102230246251565e-16,1.1754287570291182,0.0,1.05e-08
2542.0,0.9582693864869101,0.642191819,0.629505635,0.0,0.0,0.6796294114017248,0.4953267339205817,0.0,0.0,0.0,0.0,0.21668675883539654,0.0,234.5193213540194,0.0,0.0,1.1056447594721925,0.0,1.05e-08
2543.0,0.9658883119497976,0.534566995,0.624714994,0.0,0.0,0.5657304272925328,0.6168446434926613,0.0,0.0,0.0,0.0,0.21668675883539654,0.0,234.62549519059303,0.0,0.0,0.9719431945844956,0.0,1.05e-08
2544.0,0.9816850553842331,0.337620299,0.682409023,0.0,0.0,0.35730241074068303,0.8410694034789467,0.0,0.0,0.0,0.0,0.21668675883539654,0.0,234.7316690259555,0.0,0.0,0.8944470588272467,0.0,1.05e-08
2545.0,0.9796571963585573,0.073757979,0.724405487,0.0,0.0,0.07805781757233937,1.1182861376216144,0.0,0.0,0.0,0.0,0.21668675883539654,0.0,234.8378428601068,0.0,0.0,0.7240365833565858,0.0,1.05e-08
2546.0,0.9487339522299572,9.33e-05,0.735894464,0.0,0.0,9.873907173485954e-05,1.165321971993619,0.0,0.0,0.0,0.0,0.21668675883539654,0.0,234.94401669304693,0.0,0.0,0.7062197482160104,0.0,1.05e-08
2547.0,0.9036585219337843,0.0,0.731135319,0.0,0.0,0.0,1.120345280769181,0.0,0.0,0.0,0.0,0.21668675883539654,0.0,235.0501905247759,0.0,0.0,0.7390928853905743,0.0,1.05e-08
2548.0,0.8580862982965798,0.0,0.721694806,0.0,0.0,0.0,1.0747730571319765,0.0,0.0,0.0,0.0,0.21668675883539654,0.0,235.15636435529368,0.0,0.0,0.7606558049712651,0.0,1.05e-08
2549.0,0.8253257753464065,0.0,0.706730674,0.0,0.0,0.0,1.0420125341818032,0.0,0.0,0.0,0.0,0.21668675883539654,0.0,235.26253818460032,0.0,0.0,0.7553592440394701,0.0,1.05e-08
2550.0,0.8047945057179169,0.0,0.693250805,0.0,0.0,0.0,1.0214812645533136,0.0,0.0,0.0,0.0,0.21668675883539654,0.0,235.3687120126958,0.0,0.0,0.7416082375392179,0.0,1.05e-08
2551.0,0.7963897045819321,0.0,0.678200861,0.0,0.0,0.0,1.0130764634173288,0.0,0.0,0.0,0.0,0.21668675883539654,0.0,235.47488583958005,0.0,0.0,0.7117377159751006,0.0,1.05e-08
2552.0,0.8009957497395126,0.0,0.660591011,0.0,0.0,0.0,1.0176825085749093,0.0,0.0,0.0,0.0,0.21668675883539654,0.0,235.58105966525318,0.0,0.0,0.6623459432792387,0.0,1.05e-08
2553.0,0.8290859870138687,0.0,0.636009561,0.0,0.0,0.0,1.0457727458492652,0.0,0.0,0.0,0.0,0.21668675883539654,0.0,235.68723348971517,0.0,0.0,0.5717396640058945,0.0,1.05e-08
2554.0,0.8934121592750105,0.0,0.613064784,0.0,0.0,0.0,1.110098918110407,0.0,0.0,0.0,0.0,0.21668675883539654,0.0,235.79340731296594,0.0,0.0,0.44905986970091805,0.0,1.05e-08
2555.0,0.9456546900558053,0.0,0.590910512,0.0,0.0,0.0,1.1623414488912018,0.0,0.0,0.0,0.0,0.21668675883539654,0.0,235.89958113500558,0.0,0.0,0.3404741452188156,0.0,1.05e-08
2556.0,0.9643529635639374,0.006954397,0.531910382,0.0,0.0,0.007359814622247502,1.1736799077770865,0.0,0.0,0.0,0.0,0.21668675883539654,0.0,236.00575495583402,0.0,8.673617379884035e-19,0.17908535956108573,0.0,1.05e-08
2557.0,0.9641281217501085,0.250323158,0.473000377,0.0,0.0,0.26491614420855925,0.9158987363769459,0.0,0.0,0.0,0.0,0.21668675883539654,0.0,236.1119287754513,0.0,0.0,0.2870454119165563,0.0,1.05e-08
2558.0,0.9596077306168439,0.586486517,0.538134602,0.0,0.0,0.6206766803171588,0.5556178091350816,0.0,0.0,0.0,0.0,0.21668675883539654,0.0,236.21810259385742,0.0,0.0,0.8129770206955775,0.0,1.05e-08
2559.0,0.9498795748051805,0.774930417,0.600423868,0.0,0.0,0.8201062168669626,0.34646011677361443,0.0,0.0,0.0,0.0,0.21668675883539654,0.0,236.3242764110524,0.0,0.0,1.18055003718732,0.0,1.05e-08
2560.0,0.9403098789385014,0.843602181,0.609156249,0.0,0.0,0.8927813104549085,0.26421532731898945,0.0,0.0,0.0,0.0,0.21668675883539654,0.0,236.43045022703618,0.0,-1.1102230246251565e-16,1.2850031950395442,0.0,1.05e-08
2561.0,0.9340549938128424,0.852658586,0.605432354,0.0,0.0,0.9023656729731823,0.24837607967505673,0.0,0.0,0.0,0.0,0.21668675883539654,0.0,236.5366240418088,0.0,-1.1102230246251565e-16,1.2913717574220371,0.0,1.05e-08
2562.0,0.930581723126838,0.845570895,0.609342339,0.0,0.0,0.8948647937654275,0.25240368819680703,0.0,0.0,0.0,0.0,0.21668675883539654,0.0,236.64279785537025,0.0,0.0,1.2972881020224751,0.0,1.05e-08
2563.0,0.9313675987999351,0.835994611,0.621016428,0.0,0.0,0.8847302450748661,0.2633241125604657,0.0,0.0,0.0,0.0,0.21668675883539654,0.0,236.74897166772053,0.0,-1.1102230246251565e-16,1.316057457481566,0.0,1.05e-08
2564.0,0.9359136861404945,0.835965054,0.626754169,0.0,0.0,0.8846989650025908,0.2679014799733002,0.0,0.0,0.0,0.0,0.21668675883539654,0.0,236.85514547885967,0.0,0.0,1.3260724293056487,0.0,1.05e-08
2565.0,0.9417938349097721,0.834875483,0.618696162,0.0,0.0,0.8835458757300376,0.27493471801513103,0.0,0.0,0.0,0.0,0.21668675883539654,0.0,236.96131928878762,0.0,0.0,1.2985459044951306,0.0,1.05e-08
2566.0,0.9459930234518525,0.806264556,0.605264826,0.0,0.0,0.8532670292835871,0.309412753003662,0.0,0.0,0.0,0.0,0.21668675883539654,0.0,237.0674930975044,0.0,0.0,1.2299090234874055,0.0,1.05e-08
2567.0,0.9516975814712827,0.711167152,0.606361118,0.0,0.0,0.7526257710268356,0.41575856927984367,0.0,0.0,0.0,0.0,0.21668675883539654,0.0,237.17366690501004,0.0,0.0,1.1263513192516101,0.0,1.05e-08
2568.0,0.9657298520048134,0.521533233,0.656035533,0.0,0.0,0.5519368414287268,0.6304797694114832,0.0,0.0,0.0,0.0,0.21668675883539654,0.0,237.27984071130447,0.0,0.0,1.0379630984362915,0.0,1.05e-08
2569.0,0.9656591874347529,0.135678393,0.678405801,0.0,0.0,0.1435879804855034,1.0387579657846462,0.0,0.0,0.0,0.0,0.21668675883539654,0.0,237.38601451638775,0.0,-2.7755575615628914e-17,0.6865774211706925,0.0,1.05e-08
2570.0,0.9330635484813874,0.000179662,0.678388247,0.0,0.0,0.0001901356817366381,1.1495601716350474,0.0,0.0,0.0,0.0,0.21668675883539654,0.0,237.49218832025988,0.0,-2.710505431213761e-20,0.5757305716316052,0.0,1.05e-08
2571.0,0.8862472001409964,0.0,0.668401101,0.0,0.0,0.0,1.1029339589763931,0.0,0.0,0.0,0.0,0.21668675883539654,0.0,237.5983621229208,0.0,0.0,0.5969572721058267,0.0,1.05e-08
2572.0,0.8380132776981796,0.0,0.659960303,0.0,0.0,0.0,1.0547000365335761,0.0,0.0,0.0,0.0,0.21668675883539654,0.0,237.7045359243706,0.0,0.0,0.6237243859481347,0.0,1.05e-08
2573.0,0.8017495051534913,0.0,0.657680988,0.0,0.0,0.0,1.018436263988888,0.0,0.0,0.0,0.0,0.21668675883539654,0.0,237.8107097246092,0.0,0.0,0.6541913583744847,0.0,1.05e-08
2574.0,0.7792953026791127,0.0,0.650059048,0.0,0.0,0.0,0.9959820615145094,0.0,0.0,0.0,0.0,0.21668675883539654,0.0,237.91688352363667,0.0,0.0,0.6572612885153042,0.0,1.05e-08
2575.0,0.7684943302128944,0.0,0.634297077,0.0,0.0,0.0,0.985181089048291,0.0,0.0,0.0,0.0,0.21668675883539654,0.0,238.02305732145294,0.0,0.0,0.6279760967795396,0.0,1.05e-08
2576.0,0.7676078110612262,0.0,0.616730374,0.0,0.0,0.0,0.9842945698966228,0.0,0.0,0.0,0.0,0.21668675883539654,0.0,238.12923111805807,0.0,0.0,0.5841866207180793,0.0,1.05e-08
2577.0,0.7925909486035279,0.0,0.588603705,0.0,0.0,0.0,1.0092777074389245,0.0,0.0,0.0,0.0,0.21668675883539654,0.0,238.235404913452,0.0,0.0,0.487671168340988,0.0,1.05e-08
2578.0,0.8513988603481263,0.0,0.564772431,0.0,0.0,0.0,1.0680856191835228,0.0,0.0,0.0,0.0,0.21668675883539654,0.0,238.3415787076348,0.0,0.0,0.3682550774095068,0.0,1.05e-08
2579.0,0.8994079409771142,0.0,0.545131666,0.0,0.0,0.0,1.1160946998125107,0.0,0.0,0.0,0.0,0.21668675883539654,0.0,238.4477525006064,0.0,0.0,0.270295205039907,0.0,1.05e-08
2580.0,0.9185023643477068,0.005048648,0.493626864,0.0,0.0,0.005342966956442177,1.129846156226661,0.0,0.0,0.0,0.0,0.21668675883539654,0.0,238.55392629236684,0.0,0.0,0.12555569198216676,0.0,1.05e-08
2581.0,0.9271641275566389,0.311176204,0.434541035,0.0,0.0,0.32931671520833106,0.8145341711837044,0.0,0.0,0.0,0.0,0.21668675883539654,0.0,238.66010008291613,0.0,0.0,0.2905993988190356,0.0,1.05e-08
2582.0,0.9302519551332223,0.607653707,0.480278936,0.0,0.0,0.6430778452885993,0.5038608686800194,0.0,0.0,0.0,0.0,0.21668675883539654,0.0,238.76627387225426,0.0,0.0,0.7175942584262098,0.0,1.05e-08
2583.0,0.9275281571599808,0.761159072,0.476030539,0.0,0.0,0.8055320494303014,0.33868286656507607,0.0,0.0,0.0,0.0,0.21668675883539654,0.0,238.8724476603812,0.0,-1.1102230246251565e-16,0.8719676511596735,0.0,1.05e-08
2584.0,0.925014211546313,0.825747891,0.462342852,0.0,0.0,0.8738861762524971,0.26781479412921244,0.0,0.0,0.0,0.0,0.21668675883539654,0.0,238.97862144729697,0.0,0.0,0.9080249205159383,0.0,1.05e-08
2585.0,0.9269221549379468,0.840723978,0.454799191,0.0,0.0,0.8897353180381401,0.25387359573520324,0.0,0.0,0.0,0.0,0.21668675883539654,0.0,239.08479523300156,0.0,0.0,0.9027809273161997,0.0,1.05e-08
2586.0,0.9308879362637669,0.83269472,0.449673612,0.0,0.0,0.8812379816861605,0.26633671341300286,0.0,0.0,0.0,0.0,0.21668675883539654,0.0,239.19096901749504,0.0,0.0,0.8772823332107227,0.0,1.05e-08
2587.0,0.9347680635652712,0.821689802,0.442648058,0.0,0.0,0.8695915145067581,0.28186330789390973,0.0,0.0,0.0,0.0,0.21668675883539654,0.0,239.29714280077732,0.0,0.0,0.843888207362457,0.0,1.05e-08
2588.0,0.9410015351848512,0.816794113,0.43255092,0.0,0.0,0.8644104235382419,0.2932778704820058,0.0,0.0,0.0,0.0,0.21668675883539654,0.0,239.40331658284842,0.0,0.0,0.8067943987055739,0.0,1.05e-08
2589.0,0.9501408195793436,0.803520753,0.41847888,0.0,0.0,0.8503632719283533,0.31646430648638696,0.0,0.0,0.0,0.0,0.21668675883539654,0.0,239.50949036370835,0.0,-1.1102230246251565e-16,0.7478196652797044,0.0,1.05e-08
2590.0,0.9544021072890531,0.749639747,0.402249496,0.0,0.0,0.7933411870775452,0.37774767904690454,0.0,0.0,0.0,0.0,0.21668675883539654,0.0,239.61566414335712,0.0,-1.1102230246251565e-16,0.6452613942993741,0.0,1.05e-08
2591.0,0.9553378775047029,0.614745576,0.385894822,0.0,0.0,0.6505831460595021,0.5214414902805973,0.0,0.0,0.0,0.0,0.21668675883539654,0.0,239.72183792179476,0.0,0.0,0.45997404457776625,0.0,1.05e-08
2592.0,0.9657898098218345,0.421889238,0.41155903,0.0,0.0,0.44648394142601533,0.7359926272312157,0.0,0.0,0.0,0.0,0.21668675883539654,0.0,239.82801169902118,0.0,-5.551115123125783e-17,0.310692641723337,0.0,1.05e-08
2593.0,0.9596526989796097,0.087183733,0.516008628,0.0,0.0,0.09226624723258137,1.084073210582425,0.0,0.0,0.0,0.0,0.21668675883539654,0.0,239.93418547503646,0.0,-1.3877787807814457e-17,0.22825039359423416,0.0,1.05e-08
2594.0,0.9249478296774684,0.00016637,0.554775227,0.0,0.0,0.0001760688034783342,1.1414585197093867,0.0,0.0,0.0,0.0,0.21668675883539654,0.0,240.0403592498406,0.0,0.0,0.26945708498969645,0.0,1.05e-08
2595.0,0.8756282424764491,0.0,0.560437289,0.0,0.0,0.0,1.0923150013118457,0.0,0.0,0.0,0.0,0.21668675883539654,0.0,240.14653302343353,0.0,0.0,0.3330004742570549,0.0,1.05e-08
2596.0,0.8275463559267927,0.0,0.553345522,0.0,0.0,0.0,1.0442331147621893,0.0,0.0,0.0,0.0,0.21668675883539654,0.0,240.2527067958153,0.0,0.0,0.3630464351953644,0.0,1.05e-08
2597.0,0.787708669217529,0.0,0.538898001,0.0,0.0,0.0,1.0043954280529257,0.0,0.0,0.0,0.0,0.21668675883539654,0.0,240.3588805669859,0.0,0.0,0.36614089359151936,0.0,1.05e-08
2598.0,0.7611195187193067,0.0,0.524972862,0.0,0.0,0.0,0.9778062775547034,0.0,0.0,0.0,0.0,0.21668675883539654,0.0,240.46505433694534,0.0,0.0,0.35731534826969247,0.0,1.05e-08
2599.0,0.7480016048953468,0.0,0.512162045,0.0,0.0,0.0,1.0533784978644622,0.0,0.08869013413371883,0.0,0.0,0.21668675883539654,0.0,240.57122810569362,0.0,0.0,0.249162398441807,0.0,1.05e-08
2600.0,0.748686837089873,0.0,0.500194425,0.0,0.0,0.0,1.2586522431708884,0.0,0.2932786472456189,0.0,0.07982112072034694,0.21668675883539654,0.0,240.67740187323076,0.0,0.0,0.013452359322447371,0.0,1.05e-08
2601.0,0.7726528330934249,0.0,0.472815471,0.0,0.0,0.0,1.202473891605558,0.0,0.2131342996767363,0.0,0.34377181263405515,0.21668675883539654,0.0,240.7835756395567,0.0,0.0,-2.220446049250313e-16,0.0,1.0500023837770588e-08
2602.0,0.8276812610150901,0.0,0.44353918,0.0,0.0,0.0,1.1280178347931809,0.0,0.08364981494269416,0.0,0.5355922921174202,0.21668675883539654,0.0,240.88974940467148,0.0,0.0,0.0,0.0,1.0500035756676175e-08
2603.0,0.8836840034633471,0.0,0.412745585,0.0,0.0,0.0,1.0497029396865116,0.0,0.0,0.05066782261223199,0.6108765175989664,0.21668675883539654,0.0,240.9959231685751,0.0,0.0,0.0,0.0,1.1666719639550327e-08
2604.0,0.9125237134504662,0.004969372,0.336983401,0.0,0.0,0.005259069436068621,0.8570230173516176,0.0,0.0,0.26692838549817655,0.560208001562473,0.21668675883539654,0.0,241.10209693126754,0.0,0.0,1.1102230246251565e-16,0.0,1.1666732882808823e-08
2605.0,0.9311705945440089,0.209638311,0.248584352,0.0,0.0,0.221859509412688,0.6322047637516621,0.0,0.0,0.2932786472456189,0.2932789801553876,0.2161723258659601,0.0,241.2082706927488,0.0,2.7755575615628914e-17,0.0,0.0,0.019954035654964484
2606.0,0.9412820521144853,0.439173872,0.305271346,0.0,0.0,0.46477621062683844,0.6931926003230434,0.0,0.0,0.0,0.0,0.21668675883539654,0.0,241.3141923808639,0.0,-5.551115123125783e-17,0.0831796758292459,0.0,1.05e-08
2607.0,0.9420979066960931,0.594591627,0.352141705,0.0,0.0,0.6292542905819919,0.5295303749494976,0.0,0.0,0.0,0.0,0.21668675883539654,0.0,241.42036613992573,0.0,0.0,0.3660435484510892,0.0,1.05e-08
2608.0,0.9386182119582649,0.68314369,0.351571962,0.0,0.0,0.7229686367859234,0.43233633400773813,0.0,0.0,0.0,0.0,0.21668675883539654,0.0,241.5265398977764,0.0,-1.1102230246251565e-16,0.4617886074444026,0.0,1.05e-08
2609.0,0.9369201209262048,0.722389985,0.344687665,0.0,0.0,0.7645028569073858,0.3891040228542155,0.0,0.0,0.0,0.0,0.21668675883539654,0.0,241.63271365441585,0.0,0.0,0.4875126348967801,0.0,1.05e-08
2610.0,0.9346567133336606,0.734844221,0.343533934,0.0,0.0,0.7776831323822719,0.3736603397867852,0.0,0.0,0.0,0.0,0.21668675883539654,0.0,241.73888740984415,0.0,0.0,0.5000221258945183,0.0,1.05e-08
2611.0,0.9328965231339716,0.732441953,0.348770985,0.0,0.0,0.7751408203524933,0.37444246161687494,0.0,0.0,0.0,0.0,0.21668675883539654,0.0,241.84506116406132,0.0,-1.1102230246251565e-16,0.5125589783424651,0.0,1.05e-08
2612.0,0.9323997297929402,0.724334325,0.360088902,0.0,0.0,0.7665605452968495,0.38252594333148726,0.0,0.0,0.0,0.0,0.21668675883539654,0.0,241.95123491706732,0.0,0.0,0.5332594525992486,0.0,1.05e-08
2613.0,0.9327723247987137,0.692511233,0.380009287,0.0,0.0,0.7328822755882425,0.4165768080458678,0.0,0.0,0.0,0.0,0.21668675883539654,0.0,242.05740866886214,0.0,0.0,0.5498705148784351,0.0,1.05e-08
2614.0,0.9295859950941672,0.616792034,0.401571597,0.0,0.0,0.6527489055800206,0.49352384834954305,0.0,0.0,0.0,0.0,0.21668675883539654,0.0,242.1635824194458,0.0,0.0,0.5277611785163583,0.0,1.05e-08
2615.0,0.929448948655262,0.498248714,0.438248575,0.0,0.0,0.527294914399223,0.6188407930914355,0.0,0.0,0.0,0.0,0.21668675883539654,0.0,242.26975616881828,0.0,0.0,0.49572186780516647,0.0,1.05e-08
2616.0,0.9444426856117372,0.327011781,0.520175304,0.0,0.0,0.34607545232908016,0.8150539921180536,0.0,0.0,0.0,0.0,0.21668675883539654,0.0,242.3759299169796,0.0,0.0,0.5078663869360914,0.0,1.05e-08
2617.0,0.9471600595331549,0.092520491,0.632355476,0.0,0.0,0.09791412001922213,1.0659326983493294,0.0,0.0,0.0,0.0,0.21668675883539654,0.0,242.48210366392976,0.0,1.3877787807814457e-17,0.5422865684517033,0.0,1.05e-08
2618.0,0.9171404653610861,0.000274059,0.670433994,0.0,0.0,0.00029003570482940915,1.1335371884916534,0.0,0.0,0.0,0.0,0.21668675883539654,0.0,242.58827740966876,0.0,-5.421010862427522e-20,0.5715241372825983,0.0,1.05e-08
2619.0,0.875711755150157,0.0,0.669926834,0.0,0.0,0.0,1.0923985139855537,0.0,0.0,0.0,0.0,0.21668675883539654,0.0,242.69445115419657,0.0,0.0,0.611372992194646,0.0,1.05e-08
2620.0,0.8332316417907518,0.0,0.655588516,0.0,0.0,0.0,1.0499184006261484,0.0,0.0,0.0,0.0,0.21668675883539654,0.0,242.80062489751322,0.0,0.0,0.6173876045245006,0.0,1.05e-08
2621.0,0.8007602011726442,0.0,0.633504007,0.0,0.0,0.0,1.017446960008041,0.0,0.0,0.0,0.0,0.21668675883539654,0.0,242.90679863961873,0.0,0.0,0.5936932741172603,0.0,1.05e-08
2622.0,0.779916294355402,0.0,0.604915842,0.0,0.0,0.0,0.9966030531907986,0.0,0.0,0.0,0.0,0.21668675883539654,0.0,243.01297238051302,0.0,0.0,0.5418311801162432,0.0,1.05e-08
2623.0,0.7705478854458649,0.0,0.573828408,0.0,0.0,0.0,0.9872346442812616,0.0,0.0,0.0,0.0,0.21668675883539654,0.0,243.11914612019618,0.0,0.0,0.47213739661708254,0.0,1.05e-08
2624.0,0.7737384978516273,0.0,0.547104624,0.0,0.0,0.0,0.990425256687024,0.0,0.0,0.0,0.0,0.21668675883539654,0.0,243.2253198586682,0.0,0.0,0.4009823149503169,0.0,1.05e-08
2625.0,0.8007966041329784,0.0,0.513992995,0.0,0.0,0.0,1.2586681340998955,0.0,0.24118477113152056,0.0,0.0,0.21668675883539654,0.0,243.331493595929,0.0,0.0,0.04852927136665697,0.0,1.05e-08
2626.0,0.8608036722179976,0.0,0.480695028,0.0,0.0,0.0,1.2225133407163882,0.0,0.14502290966299416,0.0,0.2170662940183685,0.21668675883539654,0.0,243.43766733197864,0.0,0.0,2.220446049250313e-16,0.0,1.050001191887853e-08
2627.0,0.9136993149342001,0.0,0.445463943,0.0,0.0,0.0,1.1329129310770085,0.0,0.00252685730741196,0.0,0.34758666631660096,0.21668675883539654,0.0,243.54384106681715,0.0,0.0,2.220446049250313e-16,0.0,1.0500023837770588e-08
2628.0,0.9304917864013065,0.006261039,0.36052459,0.0,0.0,0.006626036216031654,0.9168934464853797,0.0,0.0,0.22365906253529164,0.34986044333721916,0.21668675883539654,0.0,243.65001480044447,0.0,0.0,1.1102230246251565e-16,0.0,1.166670639630686e-08
2629.0,0.9329157952894427,0.217959138,0.311705718,0.0,0.0,0.23066541224276688,0.7927363014717524,0.0,0.0,0.12620084041031993,0.1262009836648425,0.21668675883539654,0.0,243.75618853286065,0.0,0.0,0.0,0.0,1.1666719639550327e-08
2630.0,0.9290870604025279,0.523767052,0.383737658,0.0,0.0,0.5543008844564191,0.5914729347815052,0.0,0.0,0.0,0.0,0.21668675883539654,0.0,243.86236226406564,0.0,0.0,0.38445645685818297,0.0,1.05e-08
2631.0,0.9181019317840307,0.666242623,0.411678399,0.0,0.0,0.7050822952327759,0.42970639538665134,0.0,0.0,0.0,0.0,0.21668675883539654,0.0,243.96853599405947,0.0,-1.1102230246251565e-16,0.6172824552287626,0.0,1.05e-08
2632.0,0.9059519084348389,0.736759836,0.414504028,0.0,0.0,0.7797104212022223,0.3429282460680131,0.0,0.0,0.0,0.0,0.21668675883539654,0.0,244.07470972284213,0.0,0.0,0.7112468015063907,0.0,1.05e-08
2633.0,0.8975042802866963,0.761211075,0.41610337,0.0,0.0,0.8055870840278085,0.30860395509428423,0.0,0.0,0.0,0.0,0.21668675883539654,0.0,244.18088345041363,0.0,0.0,0.7496385714792324,0.0,1.05e-08
2634.0,0.8906369688871796,0.758021135,0.419235622,0.0,0.0,0.8022111814073382,0.305112546315238,0.0,0.0,0.0,0.0,0.21668675883539654,0.0,244.28705717677394,0.0,0.0,0.7610959870472767,0.0,1.05e-08
2635.0,0.8862043731288386,0.740090058,0.427461116,0.0,0.0,0.7832347837847627,0.31965634817947247,0.0,0.0,0.0,0.0,0.21668675883539654,0.0,244.3932309019231,0.0,0.0,0.7674714282857242,0.0,1.05e-08
2636.0,0.8863414195677438,0.721320743,0.437387293,0.0,0.0,0.7633712817461864,0.339656896656954,0.0,0.0,0.0,0.0,0.21668675883539654,0.0,244.4994046258611,0.0,-1.1102230246251565e-16,0.7727153343958035,0.0,1.05e-08
2637.0,0.8834998473110682,0.696852886,0.439714823,0.0,0.0,0.7374770321478873,0.3627095739985774,0.0,0.0,0.0,0.0,0.21668675883539654,0.0,244.60557834858793,0.0,0.0,0.7555820785380186,0.0,1.05e-08
2638.0,0.8803542032680717,0.651657552,0.440689841,0.0,0.0,0.6896469643460982,0.40739399775737006,0.0,0.0,0.0,0.0,0.21668675883539654,0.0,244.71175207010359,0.0,0.0,0.7133773403241298,0.0,1.05e-08
2639.0,0.8773584537676277,0.553460256,0.449662505,0.0,0.0,0.5857251009601042,0.50832011164292,0.0,0.0,0.0,0.0,0.21668675883539654,0.0,244.81792579040808,0.0,0.0,0.6352706874332245,0.0,1.05e-08
2640.0,0.8919003657458372,0.405345358,0.481437392,0.0,0.0,0.42897560965653075,0.679611514924703,0.0,0.0,0.0,0.0,0.21668675883539654,0.0,244.92409950950145,0.0,0.0,0.5447898209670122,0.0,1.05e-08
2641.0,0.8969796493877622,0.157921527,0.525297938,0.0,0.0,0.16712781332188165,1.011358850343403,0.0,0.06482025544212601,0.0,0.0,0.21668675883539654,0.0,245.0302732273836,0.0,0.0,0.32458951535471336,0.0,1.05e-08
2642.0,0.8770543819813067,0.000375527,0.531055052,0.0,0.0,0.00039741894310157125,1.3505899747413974,0.0,0.25724625286779573,0.0,0.058338229897913416,0.21668675883539654,0.0,245.1364469440546,0.0,0.0,0.0,0.0,1.050001191887853e-08
2643.0,0.8452553254540778,0.0,0.515096058,0.0,0.0,0.0,1.310002737651413,0.0,0.24806065336193842,0.0,0.2898597912574547,0.21668675883539654,0.0,245.24262065951444,0.0,0.0,-2.220446049250313e-16,0.0,1.0500023837770588e-08
2644.0,0.8053833771350878,0.0,0.489860255,0.0,0.0,0.0,1.2458225318366136,0.0,0.22375239586612924,0.0,0.5131140502546544,0.21668675883539654,0.0,245.3487943737631,0.0,0.0,0.0,0.0,1.0500035756676175e-08
2645.0,0.7752695635362716,0.0,0.463545525,0.0,0.0,0.0,1.1788983770014823,0.0,0.18694205462981411,0.0,0.7144906240830189,0.21668675883539654,0.0,245.4549680868006,0.0,0.0,0.0,0.0,1.0500047675595293e-08
2646.0,0.7544963212890899,0.0,0.43472509,0.0,0.0,0.0,1.105601662410231,0.0,0.13441858228574444,0.0,0.8827376622101095,0.21668675883539654,0.0,245.56114179862695,0.0,0.0,0.0,0.0,1.050005959452794e-08
2647.0,0.7429758550186192,0.0,0.406712368,0.0,0.0,0.0,1.034359139895978,0.0,0.07469652604196231,0.0,1.003713384245277,0.21668675883539654,0.0,245.6673155092421,0.0,0.0,0.0,0.0,1.0500071513474118e-08
2648.0,0.7410315086666512,0.0,0.383789041,0.0,0.0,0.0,0.976060069927016,0.0,0.01834180242496815,0.0,1.0709391183378691,0.21668675883539654,0.0,245.7734892186461,0.0,0.0,0.0,0.0,1.0500083432433824e-08
2649.0,0.7483163834347073,0.0,0.355303896,0.0,0.0,0.0,0.9036160716613616,0.0,0.0,0.061387070608742315,1.087445524865219,0.21668675883539654,0.0,245.87966292683893,0.0,0.0,0.0,0.0,1.1666772612674513e-08
2650.0,0.7691003324349285,0.0,0.327503797,0.0,0.0,0.0,0.8329142962713811,0.0,0.0,0.15287279499894393,1.0260572198644382,0.21668675883539654,0.0,245.9858366338206,0.0,0.0,0.0,0.0,1.1666785855993142e-08
2651.0,0.7934667610021565,0.0,0.306579821,0.0,0.0,0.0,0.7797000163000277,0.0,0.0,0.23045350353752533,0.8731832601571622,0.21668675883539654,0.0,246.09201033959113,0.0,0.0,0.0,0.0,1.16667990993268e-08
2652.0,0.8157881997388456,0.002851775,0.241504515,0.0,0.0,0.0030180237545196042,0.6141991787581815,0.0,0.0,0.2932786472456189,0.6427287654431229,0.09470765001947438,0.0,246.19818404415048,0.0,-4.336808689942018e-19,1.1102230246251565e-16,0.0,0.019954046353279752
2653.0,0.8317690993255601,0.240167682,0.160919689,0.0,0.0,0.2541686386001386,0.40925421551568913,0.0,0.0,0.2932786472456189,0.3494493886168004,0.12493240203588664,0.0,246.24458798417885,0.0,0.0,5.551115123125783e-17,0.0,0.019954046580903547
2654.0,0.8410261580034868,0.566980552,0.157874273,0.0,0.0,0.6000335840964444,0.40150905180238544,0.0,0.0,0.05617028094005363,0.05617034470069701,0.21668675883539654,0.0,246.30580205216592,0.0,0.0,0.0,0.0,1.1666838829417986e-08
2655.0,0.8431332470016546,0.752205987,0.185932232,0.0,0.0,0.7960570301155822,0.2637629757214689,0.0,0.0,0.0,0.0,0.21668675883539654,0.0,246.41197575428643,0.0,0.0,0.2091036462506946,0.0,1.05e-08
2656.0,0.8377884358843507,0.827998083,0.206548706,0.0,0.0,0.8762675467702378,0.17820764794950952,0.0,0.0,0.0,0.0,0.21668675883539654,0.0,246.51814945519578,0.0,0.0,0.3470912086733785,0.0,1.05e-08
2657.0,0.8309767996006393,0.846493092,0.211984449,0.0,0.0,0.8958407517047273,0.15182280673130857,0.0,0.0,0.0,0.0,0.21668675883539654,0.0,246.624323154894,0.0,-1.1102230246251565e-16,0.3873003416922546,0.0,1.05e-08
2658.0,0.8285163877521688,0.839471862,0.215778076,0.0,0.0,0.8884102079465607,0.15679293864100474,0.0,0.0,0.0,0.0,0.21668675883539654,0.0,246.73049685338103,0.0,0.0,0.39197823888012984,0.0,1.05e-08
2659.0,0.8297647951565712,0.831047479,0.220476899,0.0,0.0,0.8794947121549322,0.16695684183703552,0.0,0.0,0.0,0.0,0.21668675883539654,0.0,246.83667055065692,0.0,-1.1102230246251565e-16,0.39376447760061783,0.0,1.05e-08
2660.0,0.8346642053474331,0.831174799,0.223360833,0.0,0.0,0.879629454476618,0.17172150970621164,0.0,0.0,0.0,0.0,0.21668675883539654,0.0,246.9428442467216,0.0,0.0,0.3963342891484945,0.0,1.05e-08
2661.0,0.8394158623463503,0.824785169,0.223638976,0.0,0.0,0.8728673308439362,0.1832352903378107,0.0,0.0,0.0,0.0,0.21668675883539654,0.0,247.04901794157513,0.0,0.0,0.3855278874335062,0.0,1.05e-08
2662.0,0.8425893439472495,0.792376038,0.233125589,0.0,0.0,0.8385688580607266,0.23247148967608056,0.0,0.011764244954161071,0.0,0.0,0.21668675883539654,0.0,247.1551916352175,0.0,0.0,0.3604182346063718,0.0,1.05e-08
2663.0,0.846525146364559,0.681453527,0.261754269,0.0,0.0,0.7211799430485106,0.6353106093970639,0.0,0.2932786472456189,0.0,0.010587820458744965,0.21668675883539654,0.0,247.26136532764872,0.0,-1.1102230246251565e-16,0.030388154273040424,0.0,1.05e-08
2664.0,0.8650028607600782,0.495603948,0.321995127,0.0,0.0,0.524495967563254,0.8189045350457999,0.0,0.2617108830135791,0.0,0.2745385909612494,0.21668675883539654,0.0,247.36753901886874,0.0,0.0,-1.1102230246251565e-16,0.0,1.0500023837770588e-08
2665.0,0.8665981669629593,0.147026663,0.408088375,0.0,0.0,0.15559781591526278,1.0378586287952456,0.0,0.11017151891215254,0.0,0.5100780740364798,0.21668675883539654,0.0,247.47371270887763,0.0,0.0,0.0,0.0,1.0500035756676175e-08
2666.0,0.8476536381349193,0.000484657,0.45234925,0.0,0.0,0.0005129108498371042,1.1504237834306301,0.0,0.08659629731015131,0.0,0.6092318620524929,0.21668675883539654,0.0,247.57988639767535,0.0,-1.0842021724855044e-19,0.0,0.0,1.0500047675595293e-08
2667.0,0.8174070607984137,0.0,0.454579299,0.0,0.0,0.0,1.15609528925896,0.0,0.12200146962514982,0.0,0.6871678380742655,0.21668675883539654,0.0,247.6860600852619,0.0,0.0,2.220446049250313e-16,0.0,1.050005959452794e-08
2668.0,0.7820447968596489,0.0,0.441799659,0.0,0.0,0.0,1.1235938497193094,0.0,0.12486229402426377,0.0,0.7969683807120722,0.21668675883539654,0.0,247.79223377163726,0.0,0.0,-2.220446049250313e-16,0.0,1.0500071513474118e-08
2669.0,0.748040149206289,0.0,0.42253005,0.0,0.0,0.0,1.0745869894426339,0.0,0.10986008140094815,0.0,0.9093435406711916,0.21668675883539654,0.0,247.89840745680146,0.0,0.0,0.0,0.0,1.0500083432433824e-08
2670.0,0.7257957990914841,0.0,0.393601676,0.0,0.0,0.0,1.0010157621982507,0.0,0.05853320427137014,0.0,1.0082165817089117,0.21668675883539654,0.0,248.0045811407545,0.0,0.0,0.0,0.0,1.050009535140706e-08
2671.0,0.7129391300416873,0.0,0.362503538,0.0,0.0,0.0,0.9219263471597426,0.0,0.0,0.0076995417173411785,1.0608953210962564,0.21668675883539654,0.0,248.11075482349636,0.0,0.0,0.0,0.0,1.1666785855993142e-08
2672.0,0.7073030952417098,0.0,0.337668045,0.0,0.0,0.0,0.8587642178527417,0.0,0.0,0.06522563622436463,1.0531945751248095,0.21668675883539654,0.0,248.21692850502708,0.0,0.0,0.0,0.0,1.16667990993268e-08
2673.0,0.7103844987664695,0.0,0.314921429,0.0,0.0,0.0,0.8009145628815799,0.0,0.0,0.1261566947202861,0.9879677433876868,0.21668675883539654,0.0,248.32310218534667,0.0,0.0,1.1102230246251565e-16,0.0,1.1666812342675498e-08
2674.0,0.7197678971302619,0.0,0.301284459,0.0,0.0,0.0,0.7662327443046065,0.0,0.0,0.17022191166105194,0.861809927195576,0.21668675883539654,0.0,248.42927586445504,0.0,0.0,1.1102230246251565e-16,0.0,1.1666825586039226e-08
2675.0,0.7351770561046685,0.0,0.292399798,0.0,0.0,0.0,0.7436370943237156,0.0,0.0,0.20822672061634961,0.6915870372682216,0.21668675883539654,0.0,248.53544954235224,0.0,0.0,0.0,0.0,1.1666838829417986e-08
2676.0,0.7557575767971397,0.006957386,0.241989412,0.0,0.0,0.00736297787075142,0.6154323786392782,0.0,0.0,0.2932786472456189,0.4833595316106783,0.16031642695850876,0.0,248.64162321903828,0.0,-8.673617379884035e-19,0.0,0.0,0.019954051816251466
2677.0,0.7779055661345894,0.309672662,0.187473609,0.0,0.0,0.3277255218386164,0.4767866832081067,0.0,0.0,0.19008011992326285,0.1900803356891543,0.21668675883539654,0.0,248.7201754318935,0.0,0.0,0.0,0.0,1.1666865316220604e-08
2678.0,0.7915695243635623,0.609900147,0.180973646,0.0,0.0,0.6454552450775388,0.36280103812142,0.0,0.0,0.0,0.0,0.21668675883539654,0.0,248.82634910647232,0.0,0.0,0.0974548074062459,0.0,1.05e-08
2679.0,0.7979871521354213,0.769509007,0.204257887,0.0,0.0,0.8143687571574869,0.20030515381333083,0.0,0.0,0.0,0.0,0.21668675883539654,0.0,248.93252277983996,0.0,0.0,0.3191676454851894,0.0,1.05e-08
2680.0,0.8040878600173118,0.838072291,0.205499021,0.0,0.0,0.88692904673148,0.13384557212122836,0.0,0.0,0.0,0.0,0.21668675883539654,0.0,249.03869645199643,0.0,0.0,0.38878370432857345,0.0,1.05e-08
2681.0,0.8069123014691242,0.845412062,0.20147043,0.0,0.0,0.8946967013433389,0.12890235896118182,0.0,0.0,0.0,0.0,0.21668675883539654,0.0,249.14487012294174,0.0,-1.1102230246251565e-16,0.3834813231826394,0.0,1.05e-08
2682.0,0.8087645697449527,0.834079695,0.20026179,0.0,0.0,0.8827036960042312,0.14274763257611817,0.0,0.0,0.0,0.0,0.21668675883539654,0.0,249.25104379267592,0.0,0.0,0.36656221181599774,0.0,1.05e-08
2683.0,0.8133363532928068,0.82280517,0.201812089,0.0,0.0,0.8707719046564126,0.15925120747179083,0.0,0.0,0.0,0.0,0.21668675883539654,0.0,249.35721746119887,0.0,-1.1102230246251565e-16,0.3540013887675509,0.0,1.05e-08
2684.0,0.8206469242681577,0.819620309,0.203773267,0.0,0.0,0.8674013771243166,0.16993230597923759,0.0,0.0,0.0,0.0,0.21668675883539654,0.0,249.4633911285107,0.0,0.0,0.34830799791020184,0.0,1.05e-08
2685.0,0.8344436462348199,0.809567324,0.207736571,0.0,0.0,0.8567623373915785,0.19436806767863804,0.0,0.0,0.0,0.0,0.21668675883539654,0.0,249.56956479461135,0.0,0.0,0.3339517912947675,0.0,1.05e-08
2686.0,0.8487478682955533,0.779266339,0.214735648,0.0,0.0,0.8246949083288572,0.24073971880209266,0.0,0.0,0.0,0.0,0.21668675883539654,0.0,249.67573845950082,0.0,-1.1102230246251565e-16,0.30538033469548254,0.0,1.05e-08
2687.0,0.8618186724061394,0.684918284,0.239331686,0.0,0.0,0.7248466835626248,0.35365874767891115,0.0,0.0,0.0,0.0,0.21668675883539654,0.0,249.78191212317915,0.0,0.0,0.2550144483150063,0.0,1.05e-08
2688.0,0.8833263979118288,0.479818772,0.313304576,0.0,0.0,0.5077905696488769,0.5922225870983484,0.0,0.0,0.0,0.0,0.21668675883539654,0.0,249.88808578564633,0.0,0.0,0.20457996245390442,0.0,1.05e-08
2689.0,0.8855919468549809,0.146370097,0.44102755,0.0,0.0,0.154902974357142,0.9473757313332354,0.0,0.0,0.0,0.0,0.21668675883539654,0.0,249.99425944690228,0.0,0.0,0.1742544751237034,0.0,1.05e-08
2690.0,0.8566216144807802,0.000651783,0.519087309,0.0,0.0,0.0006897797255365697,1.0726185935906403,0.0,0.0,0.0,0.0,0.21668675883539654,0.0,250.10043310694712,0.0,0.0,0.24753477452173,0.0,1.05e-08
2691.0,0.8175119869782005,0.0,0.522856198,0.0,0.0,0.0,1.034198745813597,0.0,0.0,0.0,0.0,0.21668675883539654,0.0,250.20660676578078,0.0,0.0,0.2955397372132118,0.0,1.05e-08
2692.0,0.7738070210710799,0.0,0.500101021,0.0,0.0,0.0,1.2620475212078388,0.0,0.27155374130136234,0.0,0.0,0.21668675883539654,0.0,250.31278042340324,0.0,0.0,0.009819534339044589,0.0,1.05e-08
2693.0,0.7378965713766942,0.0,0.469880907,0.0,0.0,0.0,1.1950106489460435,0.0,0.24042731873395273,0.0,0.2443983671712261,0.21668675883539654,0.0,250.4189540798146,0.0,0.0,0.0,0.0,1.050001191887853e-08
2694.0,0.7150569257928946,0.0,0.440112795,0.0,0.0,0.0,1.1193037829953942,0.0,0.18756009836710297,0.0,0.46078267660786504,0.21668675883539654,0.0,250.52512773501476,0.0,0.0,0.0,0.0,1.0500023837770588e-08
2695.0,0.7040610904213579,0.0,0.417771499,0.0,0.0,0.0,1.0624849460656025,0.0,0.14173709680884794,0.0,0.629586242090018,0.21668675883539654,0.0,250.63130138900374,0.0,0.0,0.0,0.0,1.0500035756676175e-08
2696.0,0.7081767662897306,0.0,0.405722466,0.0,0.0,0.0,1.0318416010605196,0.0,0.10697807593539234,0.0,0.7571489145557503,0.21668675883539654,0.0,250.73747504178155,0.0,0.0,0.0,0.0,1.0500047675595293e-08
2697.0,0.7358237439882526,0.0,0.391491186,0.0,0.0,0.0,0.9956483212426339,0.0,0.0431378184189848,0.0,0.8534283234351558,0.21668675883539654,0.0,250.84364869334826,0.0,0.0,0.0,0.0,1.050005959452794e-08
2698.0,0.7947301578608141,0.0,0.376272866,0.0,0.0,0.0,0.9569447812857134,0.0,0.0,0.05447213541049725,0.8922513912601494,0.21668675883539654,0.0,250.94982234370374,0.0,0.0,1.1102230246251565e-16,0.0,1.1666746126082354e-08
2699.0,0.8489705687587742,0.0,0.352863732,0.0,0.0,0.0,0.8974101971052055,0.0,0.0,0.1682471304889652,0.8377782430283305,0.21668675883539654,0.0,251.05599599284807,0.0,0.0,0.0,0.0,1.1666759369370917e-08
2700.0,0.8752363753152045,0.01075099,0.265245836,0.0,0.0,0.011377736043202118,0.6745785876517767,0.0,0.0,0.2932786472456189,0.6695301615521482,0.10399859562539325,0.0,251.16216964078126,0.0,-1.734723475976807e-18,0.0,0.0,0.019954057279224672
2701.0,0.8907868634297321,0.344824278,0.142190212,0.0,0.0,0.3649263571421559,0.3616210298919328,0.0,0.0,0.2932786472456189,0.37625075430275706,0.12903917084997546,0.0,251.21312608753036,0.0,0.0,5.551115123125783e-17,0.0,0.01995405750684859
2702.0,0.9025321715140319,0.643724492,0.1395852,0.0,0.0,0.6812514340093678,0.3549959105600842,0.0,0.0,0.08297158577997635,0.08297167996361941,0.21668675883539654,0.0,251.27635241555822,0.0,0.0,0.0,0.0,1.16667990993268e-08
2703.0,0.9077035332320964,0.783233487,0.18995955,0.0,0.0,0.8288933275245142,0.2954969645429788,0.0,0.0,0.0,0.0,0.21668675883539654,0.0,251.38252606097768,0.0,0.0,0.1876120142157568,0.0,1.05e-08
2704.0,0.9096564449864959,0.84455226,0.200375143,0.0,0.0,0.8937867758196972,0.2325564280021952,0.0,0.0,0.0,0.0,0.21668675883539654,0.0,251.488699705186,0.0,0.0,0.2770416980376148,0.0,1.05e-08
2705.0,0.912851340093474,0.854130748,0.199393876,0.0,0.0,0.9039236569959404,0.2256144419329302,0.0,0.0,0.0,0.0,0.21668675883539654,0.0,251.59487334818314,0.0,0.0,0.2814881059784854,0.0,1.05e-08
2706.0,0.9163160453770468,0.843338352,0.197100686,0.0,0.0,0.8925021011241825,0.24050070308826085,0.0,0.0,0.0,0.0,0.21668675883539654,0.0,251.70104698996911,0.0,-1.1102230246251565e-16,0.26076975752351783,0.0,1.05e-08
2707.0,0.9202325756388853,0.833567016,0.196189207,0.0,0.0,0.8821611295673828,0.25475820490689904,0.0,0.0,0.0,0.0,0.21668675883539654,0.0,251.80722063054392,0.0,0.0,0.244194163832952,0.0,1.05e-08
2708.0,0.9276716276507098,0.831226958,0.195346237,0.0,0.0,0.8796846541683931,0.26467373231771313,0.0,0.0,0.0,0.0,0.21668675883539654,0.0,251.9133942699076,0.0,0.0,0.2321347780279469,0.0,1.05e-08
2709.0,0.9387723892020333,0.825034616,0.194686856,0.0,0.0,0.8731313197531222,0.34152175304128357,0.0,0.05919392475697587,0.0,0.0,0.21668675883539654,0.0,252.01956790806005,0.0,0.0,0.15360980617702896,0.0,1.05e-08
2710.0,0.9455026541626448,0.792431763,0.197576409,0.0,0.0,0.8386278316381374,0.5024803289900837,0.0,0.17891874763017962,0.0,0.05327453228127829,0.21668675883539654,0.0,252.1257415450014,0.0,-1.1102230246251565e-16,0.0,0.0,1.050001191887853e-08
2711.0,0.9505947859082172,0.689814066,0.218336745,0.0,0.0,0.7300278729527238,0.5552784363958351,0.0,0.11802476460494515,0.0,0.21430134467492012,0.21668675883539654,0.0,252.23191518073156,0.0,0.0,0.0,0.0,1.0500023837770588e-08
2712.0,0.9612629946367461,0.495482188,0.281760524,0.0,0.0,0.5243671093706019,0.716579076988581,0.0,0.06299643288704028,0.0,0.3205233895594854,0.21668675883539654,0.0,252.33808881525053,0.0,0.0,0.0,0.0,1.0500035756676175e-08
2713.0,0.9501215474238726,0.157066724,0.387636722,0.0,0.0,0.1662231782228873,0.9858455702532664,0.0,0.0,0.014739557783115444,0.37721981532210647,0.21668675883539654,0.0,252.44426244855836,0.0,-2.7755575615628914e-17,1.1102230246251565e-16,0.0,1.1666719639550327e-08
2714.0,0.9092131854106618,0.000868018,0.449965552,0.0,0.0,0.0009186204884153196,1.1443615143504535,0.0,0.01938019059281062,0.0,0.362479829345462,0.21668675883539654,0.0,252.55043608065503,0.0,-1.0842021724855044e-19,2.220446049250313e-16,0.0,1.050005959452794e-08
2715.0,0.8559749265971962,0.0,0.463609152,0.0,0.0,0.0,1.1790601944778423,0.0,0.10639850904524957,0.0,0.37992158941726295,0.21668675883539654,0.0,252.6566097115405,0.0,0.0,0.0,0.0,1.0500071513474118e-08
2716.0,0.8039401068253671,0.0,0.444077093,0.0,0.0,0.0,1.1293858660403122,0.0,0.10875900037954873,0.0,0.47567981629759376,0.21668675883539654,0.0,252.76278334121486,0.0,0.0,2.220446049250313e-16,0.0,1.0500083432433824e-08
2717.0,0.7520658883491301,0.0,0.419453163,0.0,0.0,0.0,1.0667617880440938,0.0,0.09800914085956715,0.0,0.5735623766807577,0.21668675883539654,0.0,252.868956969678,0.0,0.0,0.0,0.0,1.050009535140706e-08
2718.0,0.7239456721662635,0.0,0.399512193,0.0,0.0,0.0,1.016047508861191,0.0,0.07541507785953105,0.0,0.6617699523865076,0.21668675883539654,0.0,252.97513059693,0.0,0.0,0.0,0.0,1.0500107270393827e-08
2719.0,0.7098641505687512,0.0,0.38382345,0.0,0.0,0.0,0.9761475795934166,0.0,0.04959667018926881,0.0,0.7296427712651594,0.21668675883539654,0.0,253.08130422297086,0.0,0.0,0.0,0.0,1.0500119189394123e-08
2720.0,0.7094508699014276,0.0,0.373754614,0.0,0.0,0.0,0.9505403117448182,0.0,0.024402683007994107,0.0,0.7742789461961024,0.21668675883539654,0.0,253.1874778478005,0.0,0.0,1.1102230246251565e-16,0.0,1.0500131108407949e-08
2721.0,0.7312605258428301,0.0,0.35901854,0.0,0.0,0.0,0.9130632295920487,0.0,0.0,0.034884055086177986,0.796240481996037,0.21668675883539654,0.0,253.293651471419,0.0,0.0,0.0,0.0,1.1666825586039226e-08
2722.0,0.7847900083389693,0.0,0.345256022,0.0,0.0,0.0,0.8780621147961424,0.0,0.0,0.12341465237822351,0.7613555230734006,0.21668675883539654,0.0,253.39982509382634,0.0,0.0,-1.1102230246251565e-16,0.0,1.1666838829417986e-08
2723.0,0.8345207348567042,0.0,0.333328092,0.0,0.0,0.0,0.8477267613958753,0.0,0.0,0.2034807322962254,0.6379400064576822,0.21668675883539654,0.0,253.50599871502254,0.0,0.0,1.1102230246251565e-16,0.0,1.1666852072811778e-08
2724.0,0.8619921218053789,0.011653553,0.287164287,0.0,0.0,0.012332915387277465,0.7303220366049006,0.0,0.0,0.2932786472456189,0.43445855001661726,0.17394147743241806,0.0,253.61217233500753,0.0,1.734723475976807e-18,0.0,0.0,0.019954062742199373
2725.0,0.8795297832840324,0.315718649,0.244144532,0.0,0.0,0.3341239692566339,0.6209133235157138,0.0,0.0,0.14117924934708123,0.14117940960406447,0.21668675883539654,0.0,253.69740076589392,0.0,0.0,1.1102230246251565e-16,0.0,1.1666878559644462e-08
2726.0,0.8939796171861024,0.612439042,0.250351775,0.0,0.0,0.6481421489953554,0.4625242270261436,0.0,0.0,0.0,0.0,0.21668675883539654,0.0,253.80357438369552,0.0,-1.1102230246251565e-16,0.1741754827314692,0.0,1.05e-08
2727.0,0.9025364542152476,0.762947874,0.265455804,0.0,0.0,0.8074251324849365,0.3117980805657078,0.0,0.0,0.0,0.0,0.21668675883539654,0.0,253.90974800028596,0.0,-1.1102230246251565e-16,0.3633145019605146,0.0,1.05e-08
2728.0,0.9175644527814492,0.837100887,0.259085065,0.0,0.0,0.885901013191935,0.24835019842491068,0.0,0.0,0.0,0.0,0.21668675883539654,0.0,254.01592161566526,0.0,0.0,0.4105601915175303,0.0,1.05e-08
2729.0,0.9256159310671314,0.84606099,0.247027338,0.0,0.0,0.8953834596321145,0.24691923027041343,0.0,0.0,0.0,0.0,0.21668675883539654,0.0,254.12209522983335,0.0,-1.1102230246251565e-16,0.3813257039098844,0.0,1.05e-08
2730.0,0.9324875251678638,0.836515115,0.239620268,0.0,0.0,0.8852810926825218,0.26389319132073863,0.0,0.0,0.0,0.0,0.21668675883539654,0.0,254.2282688427903,0.0,-1.1102230246251565e-16,0.34551393226622773,0.0,1.05e-08
2731.0,0.9394190770856173,0.823394252,0.238276649,0.0,0.0,0.8713953281275351,0.28471050779347884,0.0,0.0,0.0,0.0,0.21668675883539654,0.0,254.3344424545361,0.0,-1.1102230246251565e-16,0.32127949671244727,0.0,1.05e-08
2732.0,0.9505669483503145,0.81718205,0.243918802,0.0,0.0,0.8648209759420105,0.3024327312437007,0.0,0.0,0.0,0.0,0.21668675883539654,0.0,254.4406160650707,0.0,0.0,0.31790651115961216,0.0,1.05e-08
2733.0,0.9619632162855275,0.800695637,0.25573342,0.0,0.0,0.8473734613025944,0.3312765138183297,0.0,0.0,0.0,0.0,0.21668675883539654,0.0,254.54678967439415,0.0,0.0,0.3191099046095872,0.0,1.05e-08
2734.0,0.9653958013099819,0.757209506,0.272149793,0.0,0.0,0.8013522372052686,0.38073032294010994,0.0,0.0,0.0,0.0,0.21668675883539654,0.0,254.65296328250648,0.0,-1.1102230246251565e-16,0.31140654812339424,0.0,1.05e-08
2735.0,0.9661088710624107,0.643559294,0.302369276,0.0,0.0,0.6810766055294916,0.5017190243683158,0.0,0.0,0.0,0.0,0.21668675883539654,0.0,254.75913688940759,0.0,0.0,0.26727264852403554,0.0,1.05e-08
2736.0,0.9699440300011491,0.479629983,0.357251243,0.0,0.0,0.5075907748941743,0.6790400139423715,0.0,0.0,0.0,0.0,0.21668675883539654,0.0,254.86531049509753,0.0,0.0,0.229528590089481,0.0,1.05e-08
2737.0,0.9583272029533232,0.158638666,0.437721565,0.0,0.0,0.16788675907927572,1.007127202709444,0.0,0.0,0.0,0.0,0.21668675883539654,0.0,254.97148409957634,0.0,0.0,0.10609515567067151,0.0,1.05e-08
2738.0,0.9157143258562286,0.001048077,0.483311986,0.0,0.0,0.0011091763138977103,1.1312919083777275,0.0,0.0,0.0,0.0,0.21668675883539654,0.0,255.07765770284396,0.0,0.0,0.09787693297990008,0.0,1.05e-08
2739.0,0.8668958146974566,0.0,0.507364158,0.0,0.0,0.0,1.0835825735328533,0.0,0.0,0.0,0.0,0.21668675883539654,0.0,255.18383130490045,0.0,0.0,0.20675623928369502,0.0,1.05e-08
2740.0,0.8188952994709002,0.0,0.513452432,0.0,0.0,0.0,1.035582058306297,0.0,0.0,0.0,0.0,0.21668675883539654,0.0,255.29000490574572,0.0,0.0,0.2702405763793987,0.0,1.05e-08
2741.0,0.7704515246685096,0.0,0.509213881,0.0,0.0,0.0,0.9871382835039062,0.0,0.0,0.0,0.0,0.21668675883539654,0.0,255.39617850537988,0.0,0.0,0.30790478234712526,0.0,1.05e-08
2742.0,0.7414811922943091,0.0,0.500377013,0.0,0.0,0.0,0.9581679511297057,0.0,0.0,0.0,0.0,0.21668675883539654,0.0,255.50235210380285,0.0,0.0,0.31440101286697986,0.0,1.05e-08
2743.0,0.725735841274463,0.0,0.490538015,0.0,0.0,0.0,0.9424226001098596,0.0,0.0,0.0,0.0,0.21668675883539654,0.0,255.60852570101466,0.0,0.0,0.3051236246995134,0.0,1.05e-08
2744.0,0.7245795119462001,0.0,0.478857067,0.0,0.0,0.0,0.9412662707815966,0.0,0.0,0.0,0.0,0.21668675883539654,0.0,255.71469929701527,0.0,0.0,0.2765727302571688,0.0,1.05e-08
2745.0,0.7451429018338082,0.0,0.463783629,0.0,0.0,0.0,0.9693040628298795,0.0,0.007474402160674896,0.0,0.0,0.21668675883539654,0.0,255.82087289180475,0.0,0.0,0.21019986509167166,0.0,1.05e-08
2746.0,0.7967494514840584,0.0,0.449396712,0.0,0.0,0.0,1.1429148289299147,0.0,0.1294786186104598,0.0,0.006726961944607408,0.21668675883539654,0.0,255.92704648538307,0.0,0.0,0.0,0.0,1.050001191887853e-08
2747.0,0.8463003045507301,0.0,0.432438208,0.0,0.0,0.0,1.099785617744081,0.0,0.03679855435795442,0.0,0.12325771105804494,0.21668675883539654,0.0,256.03322007775023,0.0,0.0,2.220446049250313e-16,0.0,1.0500023837770588e-08
2748.0,0.8759387383145938,0.0075341,0.380810866,0.0,0.0,0.007973312329663508,0.9684859148881417,0.0,0.0,0.1161662699321851,0.15637627006667834,0.21668675883539654,0.0,256.1393936689062,0.0,0.0,0.0,0.0,1.166670639630686e-08
2749.0,0.8946905455879233,0.290089665,0.300472056,0.0,0.0,0.30700090291507365,0.7641666245245243,0.0,0.0,0.04020977698372187,0.040209822627097824,0.21668675883539654,0.0,256.24556725885105,0.0,0.0,0.0,0.0,1.1666719639550327e-08
2750.0,0.909412331017196,0.556755326,0.269306859,0.0,0.0,0.589212262300955,0.5368868275516375,0.0,0.0,0.0,0.0,0.21668675883539654,0.0,256.35174084758467,0.0,0.0,0.14801983612603908,0.0,1.05e-08
2751.0,0.9155708553654996,0.73986189,0.267510568,0.0,0.0,0.7829933143686898,0.34926429983220636,0.0,0.0,0.0,0.0,0.21668675883539654,0.0,256.45791443510717,0.0,0.0,0.33107400015665595,0.0,1.05e-08
2752.0,0.9205152339191274,0.816633924,0.256684153,0.0,0.0,0.8642408960659789,0.27296109668854496,0.0,0.0,0.0,0.0,0.21668675883539654,0.0,256.5640880214185,0.0,0.0,0.37984324517992674,0.0,1.05e-08
2753.0,0.9273953934222914,0.834715378,0.244668982,0.0,0.0,0.8833764371546879,0.26070571510299995,0.0,0.0,0.0,0.0,0.21668675883539654,0.0,256.67026160651864,0.0,0.0,0.36154140028529963,0.0,1.05e-08
2754.0,0.9350293083394342,0.832129207,0.237223327,0.0,0.0,0.8806395012073396,0.27107656596749113,0.0,0.0,0.0,0.0,0.21668675883539654,0.0,256.77643519040765,0.0,0.0,0.33223460867321314,0.0,1.05e-08
2755.0,0.9394490559941279,0.827615622,0.237322832,0.0,0.0,0.8758627895985894,0.2802730252309349,0.0,0.0,0.0,0.0,0.21668675883539654,0.0,256.88260877308545,0.0,0.0,0.3232912125431121,0.0,1.05e-08
2756.0,0.946145059345013,0.832193787,0.242064091,0.0,0.0,0.8807078460010442,0.2821239721793654,0.0,0.0,0.0,0.0,0.21668675883539654,0.0,256.98878235455214,0.0,-1.1102230246251565e-16,0.33349833160673875,0.0,1.05e-08
2757.0,0.951793942248638,0.834953867,0.248340494,0.0,0.0,0.8836288292498539,0.2848518718341807,0.0,0.0,0.0,0.0,0.21668675883539654,0.0,257.0949559348077,0.0,0.0,0.34673270730795713,0.0,1.05e-08
2758.0,0.9509952184718934,0.809408457,0.255026437,0.0,0.0,0.8565942089874059,0.3110877683198841,0.0,0.0,0.0,0.0,0.21668675883539654,0.0,257.201129513852,0.0,0.0,0.33750063660921265,0.0,1.05e-08
2759.0,0.9491108299369465,0.702604513,0.262859755,0.0,0.0,0.7435639593820264,0.42484448605637576,0.0,0.0026108566660589454,0.0,0.0,0.21668675883539654,0.0,257.3073030916851,0.0,-1.1102230246251565e-16,0.24366577202131195,0.0,1.05e-08
2760.0,0.9562607996167053,0.528511003,0.303703829,0.0,0.0,0.5593213916171443,0.7723857351383894,0.0,0.15875956830343185,0.0,0.0023497709994530513,0.21668675883539654,0.0,257.41347666830717,0.0,-1.1102230246251565e-16,1.1102230246251565e-16,0.0,1.050001191887853e-08
2761.0,0.9490444480681018,0.159037339,0.365924934,0.0,0.0,0.1683086733552216,0.9306277108315834,0.0,0.0,0.06679482271669344,0.14523337980524614,0.21668675883539654,0.0,257.519650243718,0.0,0.0,0.0,0.0,1.166669315307843e-08
2762.0,0.9087549363805724,0.001251819,0.411163204,0.0,0.0,0.001324795777492606,1.045678596246462,0.0,0.0,0.07843830319201413,0.0784383922297863,0.21668675883539654,0.0,257.6258238179177,0.0,-2.168404344971009e-19,2.220446049250313e-16,0.0,1.166670639630686e-08
2763.0,0.857576656851901,0.0,0.43125759,0.0,0.0,0.0,1.0742634156872977,0.0,0.0,0.0,0.0,0.21668675883539654,0.0,257.7319973909062,0.0,0.0,0.022519630423590176,0.0,1.05e-08
2764.0,0.8076724809349267,0.0,0.437043561,0.0,0.0,0.0,1.0243592397703234,0.0,0.0,0.0,0.0,0.21668675883539654,0.0,257.83817096268353,0.0,0.0,0.08713880509128624,0.0,1.05e-08
2765.0,0.7656313444501398,0.0,0.435217327,0.0,0.0,0.0,0.9823181032855364,0.0,0.0,0.0,0.0,0.21668675883539654,0.0,257.94434453324976,0.0,0.0,0.12453542624260083,0.0,1.05e-08
2766.0,0.7399372785060173,0.0,0.429725424,0.0,0.0,0.0,1.0912491173713617,0.0,0.13462508002994764,0.0,0.0,0.21668675883539654,0.0,258.05051810260477,0.0,0.0,0.0016372931055248507,0.0,1.05e-08
2767.0,0.726200514356376,0.0,0.425876765,0.0,0.0,0.0,1.0830984228812082,0.0,0.1402111496894356,0.0,0.12116257202695288,0.21668675883539654,0.0,258.1566916707486,0.0,0.0,0.0,0.0,1.050001191887853e-08
2768.0,0.7253996492290236,0.0,0.423543473,0.0,0.0,0.0,1.077164347362152,0.0,0.13507793929773187,0.0,0.24735246921217455,0.21668675883539654,0.0,258.2628652376813,0.0,0.0,2.220446049250313e-16,0.0,1.0500023837770588e-08
2769.0,0.7459159294032579,0.0,0.419111055,0.0,0.0,0.0,1.0658917320426704,0.0,0.1032890438040159,0.0,0.3689223338029249,0.21668675883539654,0.0,258.3690388034028,0.0,0.0,0.0,0.0,1.0500035756676175e-08
2770.0,0.799892954176447,0.0,0.414808324,0.0,0.0,0.0,1.054948939330835,0.0,0.0383692263189913,0.0,0.4618820544517304,0.21668675883539654,0.0,258.47521236791323,0.0,0.0,0.0,0.0,1.0500047675595293e-08
2771.0,0.8502725099283739,0.0,0.397555667,0.0,0.0,0.0,1.011071632271807,0.0,0.0,0.05588763649196343,0.4964138338426461,0.21668675883539654,0.0,258.5813859312124,0.0,0.0,2.220446049250313e-16,0.0,1.1666732882808823e-08
2772.0,0.8738830417310154,0.015595162,0.311401934,0.0,0.0,0.01650430674635322,0.7919637118441013,0.0,0.0,0.2821017819759573,0.4405256338564475,0.21668675883539654,0.0,258.68755949330045,0.0,0.0,1.1102230246251565e-16,0.0,1.1666746126082354e-08
2773.0,0.8858960186413019,0.351734613,0.224880271,0.0,0.0,0.37223954110010776,0.5719200643810626,0.0,0.0,0.15842317199552802,0.15842335182662737,0.21668675883539654,0.0,258.7937330541773,0.0,0.0,1.1102230246251565e-16,0.0,1.1666759369370917e-08
2774.0,0.8936005981285051,0.639944972,0.238531361,0.0,0.0,0.6772515808860737,0.43303577607782795,0.0,0.0,0.0,0.0,0.21668675883539654,0.0,258.89990661384303,0.0,0.0,0.17360201715047396,0.0,1.05e-08
2775.0,0.8969689426347227,0.795784761,0.275652467,0.0,0.0,0.842176297983784,0.27147940348633515,0.0,0.0,0.0,0.0,0.21668675883539654,0.0,259.0060801722976,0.0,0.0,0.4295655391064225,0.0,1.05e-08
2776.0,0.8992644704863854,0.849057796,0.282235199,0.0,0.0,0.898554969199204,0.2173962601225779,0.0,0.0,0.0,0.0,0.21668675883539654,0.0,259.11225372954095,0.0,0.0,0.5003900199494611,0.0,1.05e-08
2777.0,0.9048876571827155,0.856421765,0.281314569,0.0,0.0,0.9063482324719186,0.21522618354619327,0.0,0.0,0.0,0.0,0.21668675883539654,0.0,259.21842728557317,0.0,1.1102230246251565e-16,0.5002187316451928,0.0,1.05e-08
2778.0,0.9105172679308693,0.846746801,0.284775079,0.0,0.0,0.8961092510739747,0.23109477569229117,0.0,0.0,0.0,0.0,0.21668675883539654,0.0,259.3246008403942,0.0,0.0,0.49315097868872426,0.0,1.05e-08
2779.0,0.9158021212311522,0.836337404,0.292192324,0.0,0.0,0.8850930217374298,0.24739585832911892,0.0,0.0,0.0,0.0,0.21668675883539654,0.0,259.4307743940041,0.0,0.0,0.49571358391151377,0.0,1.05e-08
2780.0,0.923517407471395,0.833958345,0.300421789,0.0,0.0,0.8825752717131805,0.2576288945936111,0.0,0.0,0.0,0.0,0.21668675883539654,0.0,259.5369479464028,0.0,-1.1102230246251565e-16,0.506409889877411,0.0,1.05e-08
2781.0,0.9300078411639223,0.822944205,0.30583885,0.0,0.0,0.870919044922636,0.2757755550766827,0.0,0.0,0.0,0.0,0.21668675883539654,0.0,259.64312149759036,0.0,1.1102230246251565e-16,0.5020400087538597,0.0,1.05e-08
2782.0,0.9313290544889931,0.778058952,0.308196795,0.0,0.0,0.8234171347853979,0.32459867853899166,0.0,0.0,0.0,0.0,0.21668675883539654,0.0,259.74929504756676,0.0,0.0,0.4592136588200166,0.0,1.05e-08
2783.0,0.9324489808569217,0.661064909,0.314430352,0.0,0.0,0.6996027381688038,0.44953300152351444,0.0,0.0,0.0,0.0,0.21668675883539654,0.0,259.855468596332,0.0,0.0,0.350132644375677,0.0,1.05e-08
2784.0,0.9412542145565826,0.461894088,0.340780489,0.0,0.0,0.4888209377163936,0.6691200356755855,0.0,0.0,0.0,0.0,0.21668675883539654,0.0,259.9616421438861,0.0,-5.551115123125783e-17,0.19755981285897106,0.0,1.05e-08
2785.0,0.9370871462736206,0.137024788,0.403665782,0.0,0.0,0.14501286572117816,1.0185600826949066,0.0,0.009799043307067552,0.0,0.0,0.21668675883539654,0.0,260.067815690229,0.0,-2.7755575615628914e-17,0.008050917920047196,0.0,1.05e-08
2786.0,0.8995642595714906,0.001486176,0.434826305,0.0,0.0,0.0015728149911535545,1.105859074450242,0.0,0.0,0.008819128965491571,0.008819138976360798,0.21668675883539654,0.0,260.1739892353607,0.0,-2.168404344971009e-19,2.220446049250313e-16,0.0,1.1666679909865032e-08
2787.0,0.8512618139092211,0.0,0.436718829,0.0,0.0,0.0,1.0679485727446176,0.0,0.0,0.0,0.0,0.21668675883539654,0.0,260.2801627792813,0.0,0.0,0.042723607111045725,0.0,1.05e-08
2788.0,0.8013983236537967,0.0,0.430375066,0.0,0.0,0.0,1.0180850824891934,0.0,0.0,0.0,0.0,0.21668675883539654,0.0,260.3863363219907,0.0,0.0,0.07645351069279416,0.0,1.05e-08
2789.0,0.7608732633993989,0.0,0.425043222,0.0,0.0,0.0,0.9775600222347955,0.0,0.0,0.0,0.0,0.21668675883539654,0.0,260.4925098634889,0.0,0.0,0.1034185171897426,0.0,1.05e-08
2790.0,0.7338065917156162,0.0,0.427093232,0.0,0.0,0.0,0.9504933505510128,0.0,0.0,0.0,0.0,0.21668675883539654,0.0,260.598683403776,0.0,0.0,0.13569881586698374,0.0,1.05e-08
2791.0,0.7193075067495646,0.0,0.446741479,0.0,0.0,0.0,0.9359942655849611,0.0,0.0,0.0,0.0,0.21668675883539654,0.0,260.70485694285196,0.0,0.0,0.2001677209477355,0.0,1.05e-08
2792.0,0.7185965783477437,0.0,0.468003338,0.0,0.0,0.0,0.9352833371831403,0.0,0.0,0.0,0.0,0.21668675883539654,0.0,260.8110304807167,0.0,0.0,0.2549522402166763,0.0,1.05e-08
2793.0,0.7375989236421968,0.0,0.476439432,0.0,0.0,0.0,1.1356614756298056,0.0,0.18137579315221236,0.0,0.0,0.21668675883539654,0.0,260.9172040173703,0.0,0.0,0.07602894706235208,0.0,1.05e-08
2794.0,0.7880812642233026,0.0,0.474472327,0.0,0.0,0.0,1.2066876413754972,0.0,0.20191961831679806,0.0,0.16323821383699114,0.21668675883539654,0.0,261.0233775528127,0.0,0.0,0.0,0.0,1.050001191887853e-08
2795.0,0.836852665668701,0.0,0.462924474,0.0,0.0,0.0,1.1773189075072288,0.0,0.12377948300313135,0.0,0.3449656850255157,0.21668675883539654,0.0,261.129551087044,0.0,0.0,0.0,0.0,1.0500023837770588e-08
2796.0,0.864559601184244,0.021691814,0.344534679,0.0,0.0,0.022956372761042124,0.8762275806541907,0.0,0.0,0.18206240660440776,0.4563668281474359,0.21668675883539654,0.0,261.23572462006405,0.0,3.469446951953614e-18,0.0,0.0,1.166670639630686e-08
2797.0,0.8826154695100079,0.296950552,0.202779778,0.0,0.0,0.3142617562233026,0.5157136425228587,0.0,0.0,0.26932682959924314,0.27430390350735057,0.21668675883539654,0.0,261.341898151873,0.0,0.0,1.1102230246251565e-16,0.0,1.1666719639550327e-08
2798.0,0.8988233522611591,0.567491429,0.200517083,0.0,0.0,0.6005742434828398,0.5099591107254708,0.0,0.0,0.0049767568882449495,0.004976762537517408,0.21668675883539654,0.0,261.44807168247075,0.0,0.0,0.0,0.0,1.1666732882808823e-08
2799.0,0.9079176682928858,0.728364888,0.247689041,0.0,0.0,0.7708260763706853,0.35377835075759706,0.0,0.0,0.0,0.0,0.21668675883539654,0.0,261.5542452118574,0.0,-1.1102230246251565e-16,0.2761494399075239,0.0,1.05e-08
2800.0,0.9122838821823821,0.799942956,0.245619616,0.0,0.0,0.8465769015678412,0.2823937394499374,0.0,0.0,0.0,0.0,0.21668675883539654,0.0,261.6604187400328,0.0,0.0,0.34227104760010985,0.0,1.05e-08
2801.0,0.9174509611992308,0.819311714,0.244309243,0.0,0.0,0.8670747920884966,0.26706292794613073,0.0,0.0,0.0,0.0,0.21668675883539654,0.0,261.76659226699707,0.0,-1.1102230246251565e-16,0.3542692919240983,0.0,1.05e-08
2802.0,0.9208985356779404,0.814131183,0.253097143,0.0,0.0,0.8615922538030338,0.2759930407103032,0.0,0.0,0.0,0.0,0.21668675883539654,0.0,261.8727657927502,0.0,0.0,0.36768874460390544,0.0,1.05e-08
2803.0,0.9236951395718502,0.803968727,0.266894307,0.0,0.0,0.8508373612844234,0.28954453712282335,0.0,0.0,0.0,0.0,0.21668675883539654,0.0,261.97893931729215,0.0,-1.1102230246251565e-16,0.38922647539689703,0.0,1.05e-08
2804.0,0.9274467858368809,0.799530443,0.281292022,0.0,0.0,0.8461403404671063,0.297993204205171,0.0,0.0,0.0,0.0,0.21668675883539654,0.0,262.0851128406229,0.0,0.0,0.4173943689987019,0.0,1.05e-08
2805.0,0.9290892017531357,0.785202222,0.292785217,0.0,0.0,0.8309768330592616,0.3147991275292707,0.0,0.0,0.0,0.0,0.21668675883539654,0.0,262.1912863627426,0.0,-1.1102230246251565e-16,0.42981817220914614,0.0,1.05e-08
2806.0,0.9238064898034608,0.740510167,0.299960924,0.0,0.0,0.7836793837063861,0.35681386493247125,0.0,0.0,0.0,0.0,0.21668675883539654,0.0,262.297459883651,0.0,-1.1102230246251565e-16,0.40605283832707373,0.0,1.05e-08
2807.0,0.9160076908895101,0.637947921,0.313002198,0.0,0.0,0.6751381086251179,0.45755634109978865,0.0,0.0,0.0,0.0,0.21668675883539654,0.0,262.4036334033483,0.0,0.0,0.3384771945925182,0.0,1.05e-08
2808.0,0.9142774795983316,0.459909915,0.347816947,0.0,0.0,0.4867210941989084,0.6442431442348199,0.0,0.0,0.0,0.0,0.21668675883539654,0.0,262.5098069218344,0.0,-5.551115123125783e-17,0.2403319669409607,0.0,1.05e-08
2809.0,0.9077613496985095,0.168528556,0.469019004,0.0,0.0,0.1783531959298638,0.9460949126040422,0.0,0.0,0.0,0.0,0.21668675883539654,0.0,262.6159804391094,0.0,0.0,0.24672372715836677,0.0,1.05e-08
2810.0,0.8777010698648907,0.001846669,0.542983697,0.0,0.0,0.0019543235033391356,1.092433505196948,0.0,0.0,0.0,0.0,0.21668675883539654,0.0,262.7221539551732,0.0,-4.336808689942018e-19,0.2884936413472121,0.0,1.05e-08
2811.0,0.8370047015618615,0.0,0.56408042,0.0,0.0,0.0,1.053691460397258,0.0,0.0,0.0,0.0,0.21668675883539654,0.0,262.82832747002584,0.0,0.0,0.3808892997908908,0.0,1.05e-08
2812.0,0.7931434170603645,0.0,0.56127631,0.0,0.0,0.0,1.009830175895761,0.0,0.0,0.0,0.0,0.21668675883539654,0.0,262.9345009836673,0.0,0.0,0.4176191148904693,0.0,1.05e-08
2813.0,0.7527125762327141,0.0,0.545567209,0.0,0.0,0.0,0.9693993350681107,0.0,0.0,0.0,0.0,0.21668675883539654,0.0,263.0406744960976,0.0,0.0,0.4180982515720115,0.0,1.05e-08
2814.0,0.7262240692130628,0.0,0.522400458,0.0,0.0,0.0,0.9429108280484595,0.0,0.0,0.0,0.0,0.21668675883539654,0.0,263.1468480073168,0.0,0.0,0.3856686077707754,0.0,1.05e-08
2815.0,0.7088298782251383,0.0,0.498480795,0.0,0.0,0.0,0.9255166370605349,0.0,0.0,0.0,0.0,0.21668675883539654,0.0,263.2530215173247,0.0,0.0,0.3422298268750378,0.0,1.05e-08
2816.0,0.7019796976304847,0.0,0.478004219,0.0,0.0,0.0,0.9186664564658813,0.0,0.0,0.0,0.0,0.21668675883539654,0.0,263.3591950261216,0.0,0.0,0.2970035642488287,0.0,1.05e-08
2817.0,0.7078191607382122,0.0,0.455678666,0.0,0.0,0.0,1.1260023841097044,0.0,0.20149646453609565,0.0,0.0,0.21668675883539654,0.0,263.46536853370725,0.0,0.0,0.03288883759198402,0.0,1.05e-08
2818.0,0.7226544377497033,0.0,0.433538439,0.0,0.0,0.0,1.102583747529126,0.0,0.16324255094402607,0.0,0.1813468180824861,0.21668675883539654,0.0,263.57154204008174,0.0,0.0,0.0,0.0,1.050001191887853e-08
2819.0,0.7428195364242429,0.0,0.394361805,0.0,0.0,0.0,1.0029489376817413,0.0,0.043442642422101774,0.0,0.32826490807989595,0.21668675883539654,0.0,263.67771554524506,0.0,0.0,0.0,0.0,1.0500023837770588e-08
2820.0,0.7703573052417624,0.02145346,0.29723705,0.0,0.0,0.022704123535915752,0.7559392916795139,0.0,0.0,0.20840064886172918,0.36736291363644247,0.21668675883539654,0.0,263.7838890491972,0.0,0.0,1.1102230246251565e-16,0.0,1.166670639630686e-08
2821.0,0.7949485756228193,0.348787743,0.190134057,0.0,0.0,0.36912087863147647,0.4835527884990526,0.0,0.0,0.15896166732768682,0.1589618477700491,0.21668675883539654,0.0,263.89006255193823,0.0,-5.551115123125783e-17,5.551115123125783e-17,0.0,1.1666719639550327e-08
2822.0,0.8114605301602915,0.627234122,0.218093989,0.0,0.0,0.6637997316903498,0.36434755730533824,0.0,0.0,0.0,0.0,0.21668675883539654,0.0,263.99623605346807,0.0,0.0,0.1903134971097143,0.0,1.05e-08
2823.0,0.8231865660891201,0.775347156,0.238352922,0.0,0.0,0.8205472503290818,0.21932607459543485,0.0,0.0,0.0,0.0,0.21668675883539654,0.0,264.10240955378674,0.0,0.0,0.3868579089504335,0.0,1.05e-08
2824.0,0.8307712299422814,0.832297935,0.239663289,0.0,0.0,0.8808180654741743,0.16663992330350358,0.0,0.0,0.0,0.0,0.21668675883539654,0.0,264.20858305289426,0.0,0.0,0.4428766121628613,0.0,1.05e-08
2825.0,0.8386107145177821,0.840086254,0.247574283,0.0,0.0,0.8890604169043455,0.16623705644883316,0.0,0.0,0.0,0.0,0.21668675883539654,0.0,264.3147565507906,0.0,0.0,0.46339887934410906,0.0,1.05e-08
2826.0,0.8464137961329485,0.828891646,0.261385775,0.0,0.0,0.8772132014450139,0.18588735352333113,0.0,0.0,0.0,0.0,0.21668675883539654,0.0,264.4209300474758,0.0,0.0,0.4788742487352056,0.0,1.05e-08
2827.0,0.8564974161455223,0.812475904,0.27829077,0.0,0.0,0.8598404776838249,0.2133436972970941,0.0,0.0,0.0,0.0,0.21668675883539654,0.0,264.5271035429498,0.0,-1.1102230246251565e-16,0.4944110309736466,0.0,1.05e-08
2828.0,0.8690178931498798,0.799753121,0.297231322,0.0,0.0,0.8463759998349067,0.2393286521503696,0.0,0.0,0.0,0.0,0.21668675883539654,0.0,264.6332770372127,0.0,-1.1102230246251565e-16,0.5165960719634162,0.0,1.05e-08
2829.0,0.8808702687645741,0.776065174,0.317528454,0.0,0.0,0.8213071263291774,0.2762499012707933,0.0,0.0,0.0,0.0,0.21668675883539654,0.0,264.7394505302643,0.0,0.0,0.5312949004450465,0.0,1.05e-08
2830.0,0.8855641092970782,0.735691059,0.34335647,0.0,0.0,0.7785793381489365,0.32367152998353815,0.0,0.0,0.0,0.0,0.21668675883539654,0.0,264.84562402210486,0.0,0.0,0.5495596056550989,0.0,1.05e-08
2831.0,0.8822407331536264,0.643659559,0.384684961,0.0,0.0,0.6811827156369674,0.4177447763520555,0.0,0.0,0.0,0.0,0.21668675883539654,0.0,264.95179751273423,0.0,0.0,0.5605938154826484,0.0,1.05e-08
2832.0,0.8830672944882736,0.462113191,0.506007262,0.0,0.0,0.48905281367388903,0.6107012396497812,0.0,0.0,0.0,0.0,0.21668675883539654,0.0,265.05797100215244,0.0,-5.551115123125783e-17,0.6761866877501518,0.0,1.05e-08
2833.0,0.8794698254670114,0.167699971,0.671207539,0.0,0.0,0.17747630725083458,0.9186802770515734,0.0,0.0,0.0,0.0,0.21668675883539654,0.0,265.1641444903595,0.0,-2.7755575615628914e-17,0.7883483440493617,0.0,1.05e-08
2834.0,0.8542404326048019,0.001671667,0.725597088,0.0,0.0,0.0017691194837062961,1.0691580719564922,0.0,0.0,0.0,0.0,0.21668675883539654,0.0,265.2703179773554,0.0,0.0,0.7761951528431685,0.0,1.05e-08
2835.0,0.8180259111240952,0.0,0.747721862,0.0,0.0,0.0,1.0347126699594917,0.0,0.0,0.0,0.0,0.21668675883539654,0.0,265.3764914631401,0.0,0.0,0.8669087286298407,0.0,1.05e-08
2836.0,0.7790726022158917,0.0,0.750783467,0.0,0.0,0.0,0.9957593610512884,0.0,0.0,0.0,0.0,0.21668675883539654,0.0,265.4826649477136,0.0,0.0,0.91364837344436,0.0,1.05e-08
2837.0,0.7433527327256085,0.0,0.74100485,0.0,0.0,0.0,0.9600394915610051,0.0,0.0,0.0,0.0,0.21668675883539654,0.0,265.58883843107606,0.0,0.0,0.9244990659306822,0.0,1.05e-08
2838.0,0.7169220421723704,0.0,0.721844853,0.0,0.0,0.0,0.9336088010077671,0.0,0.0,0.0,0.0,0.21668675883539654,0.0,265.69501191322723,0.0,0.0,0.9022016636678946,0.0,1.05e-08
2839.0,0.7007334315766903,0.0,0.697608565,0.0,0.0,0.0,0.9174201904120869,0.0,0.0,0.0,0.0,0.21668675883539654,0.0,265.8011853941673,0.0,0.0,0.8567520552607262,0.0,1.05e-08
2840.0,0.6925406241508871,0.0,0.674936362,0.0,0.0,0.0,0.9092273829862837,0.0,0.0,0.0,0.0,0.21668675883539654,0.0,265.9073588738962,0.0,0.0,0.8072844563656006,0.0,1.05e-08
2841.0,0.6934292846531632,0.0,0.646624274,0.0,0.0,0.0,0.9101160434885598,0.0,0.0,0.0,0.0,0.21668675883539654,0.0,266.01353235241396,0.0,0.0,0.7343919196685902,0.0,1.05e-08
2842.0,0.7004571973482719,0.0,0.622624639,0.0,0.0,0.0,0.9171439561836686,0.0,0.0,0.0,0.0,0.21668675883539654,0.0,266.1197058297205,0.0,0.0,0.6663276486780844,0.0,1.05e-08
2843.0,0.715393117838334,0.0,0.591387472,0.0,0.0,0.0,0.9320798766737306,0.0,0.0,0.0,0.0,0.21668675883539654,0.0,266.2258793058159,0.0,0.0,0.5719487317780703,0.0,1.05e-08
2844.0,0.7434383867499244,0.030595784,0.46025028,0.0,0.0,0.03237941383880244,0.9277457317465184,0.0,0.0,0.0,0.0,0.21668675883539654,0.0,266.33205278070017,0.0,0.0,0.2427721113638811,0.0,1.05e-08
2845.0,0.7717020734235199,0.364169568,0.370063057,0.0,0.0,0.38539941155846524,0.6029894207004511,0.0,0.0,0.0,0.0,0.21668675883539654,0.0,266.4382262543732,0.0,0.0,0.3381624484401409,0.0,1.05e-08
2846.0,0.7907558111325625,0.580107616,0.460125439,0.0,0.0,0.6139259111485784,0.39351665881938075,0.0,0.0,0.0,0.0,0.21668675883539654,0.0,266.54439972683514,0.0,-1.1102230246251565e-16,0.7766836861288193,0.0,1.05e-08
2847.0,0.8043041364287091,0.731881738,0.51824096,0.0,0.0,0.7745479467289997,0.24644294853510593,0.0,0.0,0.0,0.0,0.21668675883539654,0.0,266.65057319808585,0.0,0.0,1.0715579676417681,0.0,1.05e-08
2848.0,0.8175398245361032,0.790565937,0.517651425,0.0,0.0,0.8366532343470466,0.19757334902445312,0.0,0.0,0.0,0.0,0.21668675883539654,0.0,266.75674666812546,0.0,-1.1102230246251565e-16,1.1189282497883164,0.0,1.05e-08
2849.0,0.8258161446356143,0.799246682,0.514342167,0.0,0.0,0.8458400371687724,0.1966628663022383,0.0,0.0,0.0,0.0,0.21668675883539654,0.0,266.8629201369539,0.0,0.0,1.1114225604737518,0.0,1.05e-08
2850.0,0.833229500440144,0.790554668,0.51961883,0.0,0.0,0.8366413084027874,0.2132749508727532,0.0,0.0,0.0,0.0,0.21668675883539654,0.0,266.9690936045711,0.0,0.0,1.1082301922227586,0.0,1.05e-08
2851.0,0.841122518780842,0.775771506,0.536158162,0.0,0.0,0.8209963384865382,0.23681293912970036,0.0,0.0,0.0,0.0,0.21668675883539654,0.0,267.07526707097725,0.0,0.0,1.126755368423043,0.0,1.05e-08
2852.0,0.8538228692362625,0.767111911,0.558277782,0.0,0.0,0.8118319186376654,0.25867770943399354,0.0,0.0,0.0,0.0,0.21668675883539654,0.0,267.1814405361722,0.0,0.0,1.1611456641511302,0.0,1.05e-08
2853.0,0.8681570702055063,0.74804391,0.582642365,0.0,0.0,0.7916523182241674,0.2931915108167354,0.0,0.0,0.0,0.0,0.21668675883539654,0.0,267.28761400015594,0.0,0.0,1.1885963642162622,0.0,1.05e-08
2854.0,0.8793199309244587,0.70402794,0.606496175,0.0,0.0,0.7450703673205294,0.35093632243932593,0.0,0.0,0.0,0.0,0.21668675883539654,0.0,267.3937874629286,0.0,-1.1102230246251565e-16,1.191517045792644,0.0,1.05e-08
2855.0,0.8842364719201838,0.596690197,0.632737918,0.0,0.0,0.631475200054346,0.4694480307012345,0.0,0.0,0.0,0.0,0.21668675883539654,0.0,267.49996092449004,0.0,-1.1102230246251565e-16,1.1397438703477445,0.0,1.05e-08
2856.0,0.8964849973973387,0.421974231,0.703136599,0.0,0.0,0.446573889227987,0.6665978670047482,0.0,0.0,0.0,0.0,0.21668675883539654,0.0,267.6061343848403,0.0,-5.551115123125783e-17,1.1216333868110278,0.0,1.05e-08
2857.0,0.8968575924031122,0.13555932,0.743576072,0.0,0.0,0.14346196593578542,0.9700823853027234,0.0,0.0,0.0,0.0,0.21668675883539654,0.0,267.71230784397943,0.0,0.0,0.9209953561077613,0.0,1.05e-08
2858.0,0.8695746443079322,0.002519161,0.754055357,0.0,0.0,0.002666019492933124,1.0835953836503955,0.0,0.0,0.0,0.0,0.21668675883539654,0.0,267.8184813019074,0.0,0.0,0.8341334878268414,0.0,1.05e-08
2859.0,0.8248354060571987,0.0,0.752239144,0.0,0.0,0.0,1.0415221648925954,0.0,0.0,0.0,0.0,0.21668675883539654,0.0,267.9246547586242,0.0,0.0,0.8715876768615329,0.0,1.05e-08
2860.0,0.782548014252504,0.0,0.743048307,0.0,0.0,0.0,0.9992347730879007,0.0,0.0,0.0,0.0,0.21668675883539654,0.0,268.0308282141298,0.0,0.0,0.8905007456747908,0.0,1.05e-08
2861.0,0.7474833980482365,0.0,0.736391194,0.0,0.0,0.0,0.9641701568836331,0.0,0.0,0.0,0.0,0.21668675883539654,0.0,268.13700166842426,0.0,0.0,0.9086348571325925,0.0,1.05e-08
2862.0,0.7251491112078999,0.0,0.731670703,0.0,0.0,0.0,0.9418358700432965,0.0,0.0,0.0,0.0,0.21668675883539654,0.0,268.2431751215076,0.0,0.0,0.9189638955595181,0.0,1.05e-08
2863.0,0.7141639825894027,0.0,0.71951342,0.0,0.0,0.0,0.9308507414247993,0.0,0.0,0.0,0.0,0.21668675883539654,0.0,268.3493485733797,0.0,0.0,0.8990303755782951,0.0,1.05e-08
2864.0,0.7178299748301176,0.0,0.70457365,0.0,0.0,0.0,0.9345167336655141,0.0,0.0,0.0,0.0,0.21668675883539654,0.0,268.4555220240407,0.0,0.0,0.8573692573879222,0.0,1.05e-08
2865.0,0.7482928285780205,0.0,0.677199023,0.0,0.0,0.0,0.9649795874134172,0.0,0.0,0.0,0.0,0.21668675883539654,0.0,268.56169547349054,0.0,0.0,0.757286697266366,0.0,1.05e-08
2866.0,0.8083491477270213,0.0,0.649540308,0.0,0.0,0.0,1.025035906562418,0.0,0.0,0.0,0.0,0.21668675883539654,0.0,268.66786892172917,0.0,0.0,0.6268881733825731,0.0,1.05e-08
2867.0,0.8601869632429241,0.0,0.616111277,0.0,0.0,0.0,1.0768737220783207,0.0,0.0,0.0,0.0,0.21668675883539654,0.0,268.7740423687567,0.0,0.0,0.49003296849454303,0.0,1.05e-08
2868.0,0.8837182650730734,0.033696476,0.488595601,0.0,0.0,0.035660865605315895,1.064744158303154,0.0,0.0,0.0,0.0,0.21668675883539654,0.0,268.880215814573,0.0,0.0,0.1778620798413384,0.0,1.05e-08
2869.0,0.8965535206167913,0.345696404,0.434834666,0.0,0.0,0.3658493251129581,0.7473909543392298,0.0,0.0,0.0,0.0,0.21668675883539654,0.0,268.98638925917817,0.0,-5.551115123125783e-17,0.3584893839757214,0.0,1.05e-08
2870.0,0.9106950000313245,0.587872884,0.520219927,0.0,0.0,0.622143867784081,0.5052378910826401,0.0,0.0,0.0,0.0,0.21668675883539654,0.0,269.09256270257214,0.0,0.0,0.817795974089782,0.0,1.05e-08
2871.0,0.9198385671270328,0.73431059,0.57005704,0.0,0.0,0.777118392515295,0.3594069334471343,0.0,0.0,0.0,0.0,0.21668675883539654,0.0,269.198736144755,0.0,0.0,1.0903736878937125,0.0,1.05e-08
2872.0,0.9259349923077076,0.798562503,0.563986615,0.0,0.0,0.8451159728669452,0.29750577827615904,0.0,0.0,0.0,0.0,0.21668675883539654,0.0,269.3049095857267,0.0,0.0,1.1368364151342074,0.0,1.05e-08
2873.0,0.9327209323841243,0.801493799,0.561874756,0.0,0.0,0.8482181534245026,0.3011895377950184,0.0,0.0,0.0,0.0,0.21668675883539654,0.0,269.4110830254872,0.0,0.0,1.1277817329911766,0.0,1.05e-08
2874.0,0.9392499103875938,0.791575006,0.567314668,0.0,0.0,0.8377211286276084,0.3182155405953818,0.0,0.0,0.0,0.0,0.21668675883539654,0.0,269.5172564640365,0.0,0.0,1.1245906246768094,0.0,1.05e-08
2875.0,0.9431642992988243,0.774500152,0.577427533,0.0,0.0,0.8196508688851835,0.3402001892490374,0.0,0.0,0.0,0.0,0.21668675883539654,0.0,269.6234299013747,0.0,0.0,1.1283252193171869,0.0,1.05e-08
2876.0,0.951145113014446,0.759962683,0.589173631,0.0,0.0,0.8042659150327258,0.3635659568171168,0.0,0.0,0.0,0.0,0.21668675883539654,0.0,269.72960333750177,0.0,0.0,1.1348323663205517,0.0,1.05e-08
2877.0,0.9577468969385838,0.733156219,0.600826904,0.0,0.0,0.7758967256237878,0.3985369301501927,0.0,0.0,0.0,0.0,0.21668675883539654,0.0,269.8357767724176,0.0,0.0,1.1294982331370065,0.0,1.05e-08
2878.0,0.9582222767735363,0.673103439,0.614151523,0.0,0.0,0.712343073401947,0.462565962206986,0.0,0.0,0.0,0.0,0.21668675883539654,0.0,269.9419502061223,0.0,-1.1102230246251565e-16,1.09935664226145,0.0,1.05e-08
2879.0,0.9526654719460509,0.553300019,0.649758068,0.0,0.0,0.585555522689605,0.5837967080918424,0.0,0.0,0.0,0.0,0.21668675883539654,0.0,270.04812363861583,0.0,0.0,1.0686811834999679,0.0,1.05e-08
2880.0,0.9567554516071288,0.366755025,0.684300371,0.0,0.0,0.3881355918820494,0.7853066185604759,0.0,0.0,0.0,0.0,0.21668675883539654,0.0,270.15429706989823,0.0,-5.551115123125783e-17,0.9550199583240969,0.0,1.05e-08
2881.0,0.9519673916478774,0.099668516,0.715848252,0.0,0.0,0.10547885049336544,1.0631752999899085,0.0,0.0,0.0,0.0,0.21668675883539654,0.0,270.2604704999694,0.0,-1.3877787807814457e-17,0.7573844874487647,0.0,1.05e-08
2882.0,0.9120140720057874,0.002345519,0.729879932,0.0,0.0,0.0024822547566610504,1.126218576084523,0.0,0.0,0.0,0.0,0.21668675883539654,0.0,270.3666439288295,0.0,0.0,0.7300268644053887,0.0,1.05e-08
2883.0,0.8592469103260585,0.0,0.72681961,0.0,0.0,0.0,1.0759336691614552,0.0,0.0,0.0,0.0,0.21668675883539654,0.0,270.47281735647834,0.0,0.0,0.7725286983737514,0.0,1.05e-08
2884.0,0.8069187255209479,0.0,0.715639749,0.0,0.0,0.0,1.0236054843563445,0.0,0.0,0.0,0.0,0.21668675883539654,0.0,270.57899078291604,0.0,0.0,0.7964240340255841,0.0,1.05e-08
2885.0,0.7651452578621478,0.0,0.699072278,0.0,0.0,0.0,0.9818320166975444,0.0,0.0,0.0,0.0,0.21668675883539654,0.0,270.6851642081426,0.0,0.0,0.7960627735518687,0.0,1.05e-08
2886.0,0.7391085758207623,0.0,0.679069721,0.0,0.0,0.0,0.955795334656159,0.0,0.0,0.0,0.0,0.21668675883539654,0.0,270.79133763215805,0.0,0.0,0.7712285471033498,0.0,1.05e-08
2887.0,0.7250013580159552,0.0,0.657493534,0.0,0.0,0.0,0.9416881168513518,0.0,0.0,0.0,0.0,0.21668675883539654,0.0,270.89751105496225,0.0,0.0,0.7304627686988192,0.0,1.05e-08
2888.0,0.724622338958358,0.0,0.630661209,0.0,0.0,0.0,0.9413090977937546,0.0,0.0,0.0,0.0,0.21668675883539654,0.0,271.0036844765553,0.0,0.0,0.6626012748236763,0.0,1.05e-08
2889.0,0.7467467734391209,0.0,0.593231181,0.0,0.0,0.0,0.9634335322745174,0.0,0.0,0.0,0.0,0.21668675883539654,0.0,271.1098578969372,0.0,0.0,0.5452840342850404,0.0,1.05e-08
2890.0,0.7962569408442427,0.0,0.555547334,0.0,0.0,0.0,1.0129436996796393,0.0,0.0,0.0,0.0,0.21668675883539654,0.0,271.21603131610794,0.0,0.0,0.3999355431953737,0.0,1.05e-08
2891.0,0.8433302512575809,0.0,0.503444853,0.0,0.0,0.0,1.2172961921616445,0.0,0.1572791820686671,0.0,0.0,0.21668675883539654,0.0,271.32220473406755,0.0,0.0,0.06307496471976393,0.0,1.05e-08
2892.0,0.8675767641907669,0.010722868,0.373855582,0.0,0.0,0.011347974626531938,0.9507970956094217,0.0,0.0,0.12211845279020976,0.1415512638618004,0.21668675883539654,0.0,271.42837815081594,0.0,0.0,0.0,0.0,1.1666679909865032e-08
2893.0,0.8868210821039121,0.26683655,0.315223581,0.0,0.0,0.28239221063164455,0.8016830019737441,0.0,0.0,0.019432628333920038,0.01943265039250448,0.21668675883539654,0.0,271.53455156635323,0.0,0.0,0.0,0.0,1.166669315307843e-08
2894.0,0.9051467606062706,0.503270781,0.384451239,0.0,0.0,0.5326097507740385,0.5892237686676288,0.0,0.0,0.0,0.0,0.21668675883539654,0.0,271.64072498067935,0.0,-1.1102230246251565e-16,0.3885204166382459,0.0,1.05e-08
2895.0,0.919915655748917,0.65792384,0.42796426,0.0,0.0,0.6962785555609244,0.4403238590233891,0.0,0.0,0.0,0.0,0.21668675883539654,0.0,271.74689839379425,0.0,0.0,0.64808352346324,0.0,1.05e-08
2896.0,0.9322584006528192,0.73301718,0.437693429,0.0,0.0,0.7757495811243779,0.37319557836383793,0.0,0.0,0.0,0.0,0.21668675883539654,0.0,271.85307180569805,0.0,-1.1102230246251565e-16,0.7399552239706546,0.0,1.05e-08
2897.0,0.9455690360314896,0.749202635,0.452282945,0.0,0.0,0.7928785929390223,0.3693772019278637,0.0,0.0,0.0,0.0,0.21668675883539654,0.0,271.9592452163906,0.0,0.0,0.7808779532825133,0.0,1.05e-08
2898.0,0.9553614323613897,0.741762439,0.475715098,0.0,0.0,0.7850046588922334,0.3870435323045528,0.0,0.0,0.0,0.0,0.21668675883539654,0.0,272.0654186258721,0.0,0.0,0.8228047494738143,0.0,1.05e-08
2899.0,0.9666870357265421,0.724909379,0.497148049,0.0,0.0,0.7671691229834242,0.4162046715785145,0.0,0.0,0.0,0.0,0.21668675883539654,0.0,272.17159203414235,0.0,0.0,0.8481523257100546,0.0,1.05e-08
2900.0,0.9774451811806025,0.69954751,0.507042218,0.0,0.0,0.7403287435351809,0.45380319648081824,0.0,0.0,0.0,0.0,0.21668675883539654,0.0,272.2777654412015,0.0,0.0,0.8357168520007885,0.0,1.05e-08
2901.0,0.9863060899960688,0.64824494,0.507770059,0.0,0.0,0.6860354087076068,0.5169574401238586,0.0,0.0,0.0,0.0,0.21668675883539654,0.0,272.3839388470494,0.0,0.0,0.7744136683450387,0.0,1.05e-08
2902.0,0.9853253514176532,0.5651242,0.507722071,0.0,0.0,0.5980690131072358,0.6039430971458138,0.0,0.0,0.0,0.0,0.21668675883539654,0.0,272.49011225168624,0.0,0.0,0.687305967268585,0.0,1.05e-08
2903.0,0.978691447234397,0.446957563,0.527008554,0.0,0.0,0.4730136642603966,0.7223645418093971,0.0,0.0,0.0,0.0,0.21668675883539654,0.0,272.5962856551119,0.0,0.0,0.617934297180577,0.0,1.05e-08
2904.0,0.9808627767508017,0.285427449,0.564327655,0.0,0.0,0.3020668956260339,0.8954826399601643,0.0,0.0,0.0,0.0,0.21668675883539654,0.0,272.70245905732634,0.0,0.0,0.5397268932923733,0.0,1.05e-08
2905.0,0.9753573643379058,0.083891954,0.605601418,0.0,0.0,0.08878256874580426,1.103261554427498,0.0,0.0,0.0,0.0,0.21668675883539654,0.0,272.8086324583296,0.0,0.0,0.43691624966196296,0.0,1.05e-08
2906.0,0.9344832639344213,0.003097031,0.617164558,0.0,0.0,0.003277577342701863,1.147892445427116,0.0,0.0,0.0,0.0,0.21668675883539654,0.0,272.9148058581218,0.0,-4.336808689942018e-19,0.4216929707389385,0.0,1.05e-08
2907.0,0.879861692628256,0.0,0.610560578,0.0,0.0,0.0,1.0965484514636525,0.0,0.0,0.0,0.0,0.21668675883539654,0.0,273.02097925670273,0.0,0.0,0.456241588878743,0.0,1.05e-08
2908.0,0.8240024206707278,0.0,0.593892337,0.0,0.0,0.0,1.0406891795061244,0.0,0.0,0.0,0.0,0.21668675883539654,0.0,273.1271526540726,0.0,0.0,0.46970985239676666,0.0,1.05e-08
2909.0,0.7799912416266783,0.0,0.580106853,0.0,0.0,0.0,0.996678000462075,0.0,0.0,0.0,0.0,0.21668675883539654,0.0,273.23332605023126,0.0,0.0,0.4786615090481019,0.0,1.05e-08
2910.0,0.7497939153541543,0.0,0.570725794,0.0,0.0,0.0,0.9664806741895509,0.0,0.0,0.0,0.0,0.21668675883539654,0.0,273.3394994451787,0.0,0.0,0.48500073588226966,0.0,1.05e-08
2911.0,0.731643827601643,0.0,0.561792916,0.0,0.0,0.0,0.9483305864370397,0.0,0.0,0.0,0.0,0.21668675883539654,0.0,273.4456728389151,0.0,0.0,0.48043254720194883,0.0,1.05e-08
2912.0,0.7277851138062177,0.0,0.548919578,0.0,0.0,0.0,0.9444718726416143,0.0,0.0,0.0,0.0,0.21668675883539654,0.0,273.5518462314402,0.0,0.0,0.4515515268045104,0.0,1.05e-08
2913.0,0.7459908766745342,0.0,0.528903371,0.0,0.0,0.0,0.9626776355099308,0.0,0.0,0.0,0.0,0.21668675883539654,0.0,273.65801962275424,0.0,0.0,0.3824401404895522,0.0,1.05e-08
2914.0,0.794308311791059,0.0,0.506065147,0.0,0.0,0.0,1.168873956621187,0.0,0.15787888599473143,0.0,0.0,0.21668675883539654,0.0,273.7641930128571,0.0,0.0,0.11816118508429407,0.0,1.05e-08
2915.0,0.8435401036171546,0.0,0.47124591,0.0,0.0,0.0,1.1984821522494185,0.0,0.13825528979686724,0.0,0.1420909973952583,0.21668675883539654,0.0,273.87036640174875,0.0,0.0,0.0,0.0,1.050001191887853e-08
2916.0,0.8759023353542595,0.010801656,0.3719923,0.0,0.0,0.01143135569817016,0.9460583590512464,0.0,0.0,0.1350993794402396,0.2665205969206849,0.21668675883539654,0.0,273.9765397894293,0.0,0.0,0.0,0.0,1.166669315307843e-08
2917.0,0.905101792243505,0.178481523,0.31514431,0.0,0.0,0.1888863869543835,0.801481398359421,0.0,0.0,0.13142076576509698,0.13142091494492017,0.21668675883539654,0.0,274.0827131758987,0.0,0.0,1.1102230246251565e-16,0.0,1.166670639630686e-08
2918.0,0.9316695292356483,0.406130132,0.366889251,0.0,0.0,0.4298061333037082,0.7185501547673366,0.0,0.0,0.0,0.0,0.21668675883539654,0.0,274.18888656115683,0.0,-5.551115123125783e-17,0.21453002660900067,0.0,1.05e-08
2919.0,0.954849649566103,0.557083771,0.411285826,0.0,0.0,0.5895598545240629,0.5819765538774366,0.0,0.0,0.0,0.0,0.21668675883539654,0.0,274.2950599452039,0.0,-1.1102230246251565e-16,0.4640138971254375,0.0,1.05e-08
2920.0,0.9767556662848607,0.641698675,0.424999401,0.0,0.0,0.6791075187887387,0.5143349063315186,0.0,0.0,0.0,0.0,0.21668675883539654,0.0,274.4012333280397,0.0,0.0,0.566532186637402,0.0,1.05e-08
2921.0,0.9999893203805127,0.669440522,0.428961928,0.0,0.0,0.7084666208357965,0.5082094583801127,0.0,0.0,0.0,0.0,0.21668675883539654,0.0,274.50740670966445,0.0,1.1102230246251565e-16,0.5827352135906214,0.0,1.05e-08
2922.0,1.0224028371933414,0.672927486,0.434951921,0.0,0.0,0.7121568629422582,0.5269327330864797,0.0,0.0,0.0,0.0,0.21668675883539654,0.0,274.613580090078,0.0,-1.1102230246251565e-16,0.579245810521674,0.0,1.05e-08
2923.0,1.0409533575095289,0.665967911,0.440588608,0.0,0.0,0.7047915684602738,0.5528485478846517,0.0,0.0,0.0,0.0,0.21668675883539654,0.0,274.71975346928036,0.0,0.0,0.5676653323788721,0.0,1.05e-08
2924.0,1.0559235396093172,0.65608564,0.436661325,0.0,0.0,0.6943331947713959,0.5782771036733179,0.0,0.0,0.0,0.0,0.21668675883539654,0.0,274.8259268472716,0.0,0.0,0.5322488308437219,0.0,1.05e-08
2925.0,1.0654761046711332,0.630107165,0.428610785,0.0,0.0,0.66684026329672,0.6153226002098098,0.0,0.0,0.0,0.0,0.21668675883539654,0.0,274.9321002240517,0.0,0.0,0.4747290377643272,0.0,1.05e-08
2926.0,1.0608379392544343,0.579277348,0.434797883,0.0,0.0,0.61304724135639,0.6644774567334407,0.0,0.0,0.0,0.0,0.21668675883539654,0.0,275.03827359962054,0.0,0.0,0.4413093343101798,0.0,1.05e-08
2927.0,1.0476771984183166,0.499692574,0.459701464,0.0,0.0,0.5288229465119251,0.7355410107417881,0.0,0.0,0.0,0.0,0.21668675883539654,0.0,275.1444469739783,0.0,0.0,0.4335810723908349,0.0,1.05e-08
2928.0,1.0434951406810993,0.353481111,0.485510464,0.0,0.0,0.3740878539758505,0.8860940455406454,0.0,0.0,0.0,0.0,0.21668675883539654,0.0,275.2506203471249,0.0,0.0,0.3486660096380483,0.0,1.05e-08
2929.0,1.0298654440618527,0.143427041,0.503746214,0.0,0.0,0.15178834823170032,1.094763854665549,0.0,0.0,0.0,0.0,0.21668675883539654,0.0,275.3567937190603,0.0,0.0,0.18637372962078702,0.0,1.05e-08
2930.0,0.9810747704609832,0.003911901,0.511926254,0.0,0.0,0.004139951484015743,1.193621577812364,0.0,0.0,0.0,0.0,0.21668675883539654,0.0,275.4629670897845,0.0,-8.673617379884035e-19,0.1083196500423298,0.0,1.05e-08
2931.0,0.9198878181910144,0.0,0.50762718,0.0,0.0,0.0,1.1365745770264108,0.0,0.0,0.0,0.0,0.21668675883539654,0.0,275.5691404592976,0.0,0.0,0.15443315867298835,0.0,1.05e-08
2932.0,0.8583111401104088,0.0,0.500311975,0.0,0.0,0.0,1.0749978989458053,0.0,0.0,0.0,0.0,0.21668675883539654,0.0,275.67531382759955,0.0,0.0,0.19740565909071384,0.0,1.05e-08
2933.0,0.8104476713227575,0.0,0.484640873,0.0,0.0,0.0,1.0271344301581542,0.0,0.0,0.0,0.0,0.21668675883539654,0.0,275.7814871946903,0.0,0.0,0.20541406355944036,0.0,1.05e-08
2934.0,0.7759847746393083,0.0,0.471036458,0.0,0.0,0.0,0.9926715334747048,0.0,0.0,0.0,0.0,0.21668675883539654,0.0,275.8876605605699,0.0,0.0,0.20527793620192913,0.0,1.05e-08
2935.0,0.753746848576327,0.0,0.462930152,0.0,0.0,0.0,0.9704336074117237,0.0,0.0,0.0,0.0,0.21668675883539654,0.0,275.99383392523833,0.0,0.0,0.20689974050021975,0.0,1.05e-08
2936.0,0.7471857503137392,0.0,0.453337034,0.0,0.0,0.0,1.0036079065592791,0.0,0.03973539741014336,0.0,0.0,0.21668675883539654,0.0,276.1000072886956,0.0,0.0,0.14932802916626975,0.0,1.05e-08
2937.0,0.7653486861698978,0.0,0.448229794,0.0,0.0,0.0,1.1399470994144723,0.0,0.1579116544091779,0.0,0.03576185766912903,0.21668675883539654,0.0,276.20618065094175,0.0,0.0,0.0,0.0,1.050001191887853e-08
2938.0,0.8151993283216747,0.0,0.444166407,0.0,0.0,0.0,1.129613011215845,0.0,0.0977269240587738,0.0,0.17788230604303162,0.21668675883539654,0.0,276.3123540119767,0.0,0.0,2.220446049250313e-16,0.0,1.0500023837770588e-08
2939.0,0.8649471856442729,0.0,0.427891765,0.0,0.0,0.0,1.0882230117328813,0.0,0.006589067253211907,0.0,0.265836335776386,0.21668675883539654,0.0,276.41852737180045,0.0,0.0,0.0,0.0,1.0500035756676175e-08
2940.0,0.8988790273769643,0.034009208,0.351436464,0.0,0.0,0.03599182881412388,0.8937803401914836,0.0,0.0,0.18579361720675347,0.2717661945454769,0.21668675883539654,0.0,276.5247007304131,0.0,6.938893903907228e-18,0.0,0.0,1.1666719639550327e-08
2941.0,0.9288129675247174,0.381651817,0.257793926,0.0,0.0,0.40390081603968364,0.6556267390613688,0.0,0.0,0.08597217125906147,0.085972268848763,0.21668675883539654,0.0,276.63087408781456,0.0,0.0,0.0,0.0,1.1666732882808823e-08
2942.0,0.959282245324444,0.6571626,0.29739245,0.0,0.0,0.6954729378656679,0.4804960662941727,0.0,0.0,0.0,0.0,0.21668675883539654,0.0,276.7370474440049,0.0,-1.1102230246251565e-16,0.2758384418158872,0.0,1.05e-08
2943.0,0.9851219231099033,0.793698426,0.338119775,0.0,0.0,0.839968336770194,0.3618403451751058,0.0,0.0,0.0,0.0,0.21668675883539654,0.0,276.843220798984,0.0,0.0,0.4980727215719119,0.0,1.05e-08
2944.0,1.0063448489847426,0.85477631,0.350662897,0.0,0.0,0.904606853058398,0.3184247547617412,0.0,0.0,0.0,0.0,0.21668675883539654,0.0,276.949394152752,0.0,-1.1102230246251565e-16,0.5733882341522127,0.0,1.05e-08
2945.0,1.028340802429032,0.863554664,0.354449156,0.0,0.0,0.9138969551518599,0.3311306061125685,0.0,0.0,0.0,0.0,0.21668675883539654,0.0,277.05556750530883,0.0,0.0,0.5703116734519795,0.0,1.05e-08
2946.0,1.0480369453204428,0.851215045,0.363189942,0.0,0.0,0.900837978457092,0.3638857256987472,0.0,0.0,0.0,0.0,0.21668675883539654,0.0,277.1617408566545,0.0,0.0,0.5597862980298013,0.0,1.05e-08
2947.0,1.0649086467600413,0.839900576,0.374877568,0.0,0.0,0.8888639145103306,0.3927314910851072,0.0,0.0,0.0,0.0,0.21668675883539654,0.0,277.267914206789,0.0,0.0,0.5606647400390371,0.0,1.05e-08
2948.0,1.0770393979537618,0.839276224,0.377928863,0.0,0.0,0.8882031649185214,0.405522991870637,0.0,0.0,0.0,0.0,0.21668675883539654,0.0,277.3740875557123,0.0,0.0,0.5556333545588007,0.0,1.05e-08
2949.0,1.084482732666802,0.831934997,0.376097495,0.0,0.0,0.880433969426829,0.4207355220753695,0.0,0.0,0.0,0.0,0.21668675883539654,0.0,277.4802609034245,0.0,0.0,0.5357632521277103,0.0,1.05e-08
2950.0,1.0776068558648537,0.79596346,0.376849379,0.0,0.0,0.8423654145259056,0.45192820017434465,0.0,0.0,0.0,0.0,0.21668675883539654,0.0,277.58643424992545,0.0,0.0,0.5064827806610683,0.0,1.05e-08
2951.0,1.060822949800179,0.70026269,0.386928324,0.0,0.0,0.7410856160895574,0.5364240925460182,0.0,0.0,0.0,0.0,0.21668675883539654,0.0,277.6926075952153,0.0,0.0,0.4476198655517407,0.0,1.05e-08
2952.0,1.0546687081530912,0.535532347,0.424795377,0.0,0.0,0.5667520560211221,0.7046034109673657,0.0,0.0,0.0,0.0,0.21668675883539654,0.0,277.798780939294,0.0,-1.1102230246251565e-16,0.3757448040284167,0.0,1.05e-08
2953.0,1.0393837475139422,0.215479538,0.485712523,0.0,0.0,0.2280412600211832,1.0280292463281557,0.0,0.0,0.0,0.0,0.21668675883539654,0.0,277.90495428216155,0.0,0.0,0.2072446893958384,0.0,1.05e-08
2954.0,0.9934967453373775,0.004834748,0.507278701,0.0,0.0,0.005116597316098271,1.2050669068566757,0.0,0.0,0.0,0.0,0.21668675883539654,0.0,278.0111276238179,0.0,-8.673617379884035e-19,0.0850545699849361,0.0,1.05e-08
2955.0,0.933800173090503,0.0,0.508817261,0.0,0.0,0.0,1.1504869319258997,0.0,0.0,0.0,0.0,0.21668675883539654,0.0,278.1173009642631,0.0,0.0,0.1435474419001439,0.0,1.05e-08
2956.0,0.8706217647551925,0.0,0.51568643,0.0,0.0,0.0,1.087308523590589,0.0,0.0,0.0,0.0,0.21668675883539654,0.0,278.22347430349714,0.0,0.0,0.22419566010029768,0.0,1.05e-08
2957.0,0.8207047407345708,0.0,0.538814782,0.0,0.0,0.0,1.0373914995699673,0.0,0.0,0.0,0.0,0.21668675883539654,0.0,278.32964764152,0.0,0.0,0.3329331778265139,0.0,1.05e-08
2958.0,0.78611122166404,0.0,0.551498068,0.0,0.0,0.0,1.0027979804994367,0.0,0.0,0.0,0.0,0.21668675883539654,0.0,278.4358209783317,0.0,0.0,0.3997830869904353,0.0,1.05e-08
2959.0,0.7638390339913324,0.0,0.560262157,0.0,0.0,0.0,0.980525792826729,0.0,0.0,0.0,0.0,0.21668675883539654,0.0,278.54199431393226,0.0,0.0,0.44434428348918353,0.0,1.05e-08
2960.0,0.7567083364670447,0.0,0.565505543,0.0,0.0,0.0,0.9733950953024413,0.0,0.0,0.0,0.0,0.21668675883539654,0.0,278.6481676483217,0.0,0.0,0.46481006659194213,0.0,1.05e-08
2961.0,0.773622864918801,0.0,0.5700188,0.0,0.0,0.0,0.9903096237541975,0.0,0.0,0.0,0.0,0.21668675883539654,0.0,278.7543409814999,0.0,0.0,0.4593737448433801,0.0,1.05e-08
2962.0,0.817927408996132,0.0,0.574699222,0.0,0.0,0.0,1.0346141678315286,0.0,0.0,0.0,0.0,0.21668675883539654,0.0,278.860514313467,0.0,0.0,0.42697254488630976,0.0,1.05e-08
2963.0,0.866360477045483,0.0,0.56361392,0.0,0.0,0.0,1.0830472358808796,0.0,0.0,0.0,0.0,0.21668675883539654,0.0,278.9666876442229,0.0,0.0,0.35034711204954916,0.0,1.05e-08
2964.0,0.9027099036144871,0.035805475,0.454640232,0.0,0.0,0.037892812052794426,1.0815038503970893,0.0,0.0,0.0,0.0,0.21668675883539654,0.0,279.0728609737676,0.0,0.0,0.07474640490281326,0.0,1.05e-08
2965.0,0.9316224195222745,0.415817187,0.311206727,0.0,0.0,0.4400579105657074,0.7082512677919638,0.0,0.0,0.0,0.0,0.21668675883539654,0.0,279.17903430210123,0.0,-5.551115123125783e-17,0.08321598965215327,0.0,1.05e-08
2966.0,0.9602886801101542,0.690462917,0.304029724,0.0,0.0,0.730714549752662,0.44626088919288875,0.0,0.0,0.0,0.0,0.21668675883539654,0.0,279.28520762922363,0.0,-1.1102230246251565e-16,0.32695366871662535,0.0,1.05e-08
2967.0,0.9833231885992721,0.803815264,0.334946564,0.0,0.0,0.8506749519150167,0.4975332849719924,0.0,0.14819828945234048,0.0,0.0,0.21668675883539654,0.0,279.3913809551349,0.0,0.0,0.3543096072268334,0.0,1.05e-08
2968.0,1.0020642891195621,0.866059413,0.319655256,0.0,0.0,0.9165477224743552,0.5954819727262223,0.0,0.2932786472456189,0.0,0.13337846050710642,0.21668675883539654,0.0,279.497554279835,0.0,0.0,0.21747175495434012,0.0,1.05e-08
2969.0,1.021013100648818,0.876806501,0.294083112,0.0,0.0,0.9279213290442679,0.6030571776855654,0.0,0.2932786472456189,0.0,0.3973290916262716,0.21668675883539654,0.0,279.60372760332393,0.0,-1.1102230246251565e-16,0.1448609549300932,0.0,1.05e-08
2970.0,1.037223124750577,0.867685077,0.278488738,0.0,0.0,0.918268157140087,0.6289203736915054,0.0,0.2932786472456189,0.0,0.6612794231271568,0.21668675883539654,0.0,279.7099009256017,0.0,0.0,0.07933783081039547,0.0,1.05e-08
2971.0,1.0515230641100946,0.856953183,0.264223422,0.0,0.0,0.9069106303285447,0.6545778398625655,0.0,0.2932786472456189,0.0,0.9252294550101023,0.21668675883539654,0.0,279.81607424666834,0.0,-1.1102230246251565e-16,0.017400523776211374,0.0,1.05e-08
2972.0,1.0599300065966872,0.853216405,0.25050645,0.0,0.0,0.902956010918049,0.6370930823534602,0.0,0.26343232783942533,0.0,1.189179187275448,0.21668675883539654,0.0,279.92224756652377,0.0,-1.1102230246251565e-16,1.1102230246251565e-16,0.0,1.050005959452794e-08
2973.0,1.0589235718109768,0.842432179,0.233042664,0.0,0.0,0.8915431013294216,0.5926788277412489,0.0,0.20861159842429705,0.0,1.42626693245796,0.21668675883539654,0.0,280.0284208851681,0.0,-1.1102230246251565e-16,0.0,0.0,1.0500071513474118e-08
2974.0,1.0449448350426436,0.810879647,0.21169343,0.0,0.0,0.8581511643458798,0.538383023002707,0.0,0.13490259347054664,0.0,1.6140157520414444,0.21668675883539654,0.0,280.1345942026012,0.0,0.0,0.0,0.0,1.0500083432433824e-08
2975.0,1.0237390399726674,0.725866382,0.197305985,0.0,0.0,0.7681819159937937,0.5017925811907661,0.0,0.029548698376495895,0.0,1.7354262540472356,0.21668675883539654,0.0,280.24076751882313,0.0,0.0,0.0,0.0,1.050009535140706e-08
2976.0,1.0119915905377597,0.565318579,0.215176149,0.0,0.0,0.5982747237398699,0.547240344571397,0.0,0.0,0.08316328106188926,1.7620181126516783,0.21668675883539654,0.0,280.34694083383397,0.0,0.0,0.0,0.0,0.019954007989296134
2977.0,0.9940620618978616,0.205629678,0.234624355,0.0,0.0,0.21761718678304467,0.5967014163593093,0.0,0.0,0.2932786472456189,1.6788528314701687,0.11353518849011131,0.0,280.4531141476336,0.0,0.0,0.0,0.0,0.01995412033114869
2978.0,0.9542072443837347,0.007346354,0.250404757,0.0,0.0,0.007774621378303026,0.6368344546541583,0.0,0.0,0.2932786472456189,1.3855722785083353,0.0,0.016319521105654468,280.5087431907529,0.0,0.0,0.0,0.0,0.040722695017904736
2979.0,0.9019133211883504,0.0,0.270035128,0.0,0.0,0.0,0.6867588121632444,0.0,0.0,0.2932786472456189,1.092292058458056,0.07812413822051288,0.0,280.4924204697718,0.0,0.0,0.0,0.0,0.01995412078639796
2980.0,0.8414415800214182,0.0,0.291253416,0.0,0.0,0.0,0.7407215923798154,0.0,0.0,0.2932786472456189,0.7990121713189526,0.19255865960401608,0.0,280.5306980978106,0.0,0.0,0.0,0.0,0.0199541210140226
2981.0,0.7920170666406122,0.0,0.309787444,0.0,0.0,0.0,0.7878577081442811,0.0,0.0,0.022042577414527344,0.5057326170906478,0.017883218918196338,0.0,280.62504864089067,0.0,0.0,1.1102230246251565e-16,0.0,0.019954121241647246
2982.0,0.755710467083766,0.0,0.330680413,0.0,0.0,0.0,0.8409931304846052,0.0,0.0,0.0,0.48368946560385473,0.08528266340083927,0.0,280.6338082169584,0.0,0.0,1.1102230246251565e-16,0.0,0.019954121469271894
2983.0,0.7323247770949535,0.0,0.352148547,0.0,0.0,0.0,0.8955913241136998,0.0,0.0,0.0,0.4836889165534317,0.16326654701874638,0.0,280.6755935207227,0.0,0.0,1.1102230246251565e-16,0.0,0.019954121696896542
2984.0,0.7173310401384783,0.0,0.37018327,0.0,0.0,0.0,0.9414575972793643,0.0,0.007439798305489478,0.0,0.4836883675036318,0.21668675883539654,0.0,280.75559092698313,0.0,0.0,1.1102230246251565e-16,0.0,0.017958770274029805
2985.0,0.7144851851805869,0.0,0.378978146,0.0,0.0,0.0,0.9638249042279737,0.0,0.032652960211990247,0.0,0.49038363692939574,0.21668675883539654,0.0,280.86176423612113,0.0,0.0,0.0,0.0,0.01795879065959184
2986.0,0.7210591315468221,0.0,0.390984255,0.0,0.0,0.0,0.9943590840460248,0.0,0.05661319366380605,0.0,0.5197707444710092,0.21668675883539654,0.0,280.96793754404797,0.0,0.0,0.0,0.0,0.017958811045177023
2987.0,0.7390678901592123,0.0,0.392569118,0.0,0.0,0.0,0.9983897397587935,0.0,0.04263509076418478,0.0,0.5707220287610695,0.21668675883539654,0.0,281.07411085076365,0.0,0.0,1.1102230246251565e-16,0.0,0.01795883143078535
2988.0,0.7708797947900885,0.064606091,0.288628333,0.0,0.0,0.06837240572087742,0.7340454280738518,0.0,0.0,0.0,0.6090929626051392,0.03153803900464073,0.0,281.1802841562682,0.0,0.0,1.1102230246251565e-16,0.0,0.01995412283501982
2989.0,0.8042784402214144,0.412247138,0.115673315,0.0,0.0,0.4362797398871655,0.2941827198437116,0.0,0.0,0.07381598049053732,0.6090922712054446,0.0,0.0,281.1957345878445,0.0,0.0,0.0,0.0,0.019954302446746015
2990.0,0.8405486368179264,0.645098601,0.073082086,0.0,0.0,0.6827056488767046,0.18586384276556817,0.0,0.0,0.0,0.5352755993159976,0.028020854824346363,0.0,281.19573138013226,0.0,0.0,2.7755575615628914e-17,0.0,0.01995412329026915
2991.0,0.8683969014735904,0.763798135,0.089853636,0.0,0.0,0.8083249608008246,0.22851758874833697,0.0,0.0,0.0,0.5352749917086065,0.16844564807557125,0.0,281.209458391284,0.0,0.0,2.7755575615628914e-17,0.0,0.01995412351789382
2992.0,0.8895534454795851,0.814455151,0.090512232,0.0,0.0,0.8619351080323135,0.2301925434477695,0.0,0.0,0.0,0.5352743841019051,0.2025742060004979,0.0,281.2919935509722,0.0,0.0,2.7755575615628914e-17,0.0,0.01995412374551849
2993.0,0.9066885330439545,0.820948221,0.089002394,0.0,0.0,0.8688067018641407,0.2263526928360412,0.0,0.0,0.0,0.5352737764958935,0.18847086165622737,0.0,281.39125170310217,0.0,-1.1102230246251565e-16,0.0,0.0,0.019954123973143164
2994.0,0.9196586936759696,0.812470795,0.091297323,0.0,0.0,0.8598350708465526,0.23218920279573424,0.0,0.0,0.0,0.5352731688905716,0.17236557996631724,0.0,281.4835992153712,0.0,-1.1102230246251565e-16,0.0,0.0,0.01995412420076784
2995.0,0.9323590441313901,0.804225863,0.095215633,0.0,0.0,0.8511094874360806,0.24215432822670171,0.0,0.0,0.0,0.5352725612859394,0.16090477153139218,0.0,281.56805513855863,0.0,-1.1102230246251565e-16,0.0,0.0,0.019954124428392523
2996.0,0.9454084347358974,0.798903868,0.099782151,0.0,0.0,0.8454772382819802,0.2537679893848977,0.0,0.0,0.0,0.5352719536819969,0.1538367929309805,0.0,281.6468952646496,0.0,0.0,0.0,0.0,0.019954124656017206
2997.0,0.9551580040536397,0.784478058,0.102181969,0.0,0.0,0.8302104527683313,0.25987125517588755,0.0,0.0,0.0,0.535271346078744,0.13492370389057917,0.0,281.722272080327,0.0,-1.1102230246251565e-16,0.0,0.0,0.01995412488364189
2998.0,0.9546483626089609,0.743607469,0.102097095,0.0,0.0,0.7869572478474633,0.2596554018983705,0.0,0.0,0.0,0.535270738476181,0.09196428713687299,0.0,281.7883814815147,0.0,0.0,0.0,0.0,0.019954125111266575
2999.0,0.947481262124339,0.647637467,0.111969416,0.0,0.0,0.6853925221039199,0.2847628888148663,0.0,0.0,0.0,0.5352701308743076,0.022674148794447194,0.0,281.833440767739,0.0,0.0,0.0,0.0,0.019954125338891265
3000.0,0.9430957760793717,0.457660443,0.159508357,0.0,0.0,0.4843404856547116,0.40566488736025014,0.0,0.0,0.05309040306440997,0.535269523273124,0.0,0.0,281.8445478856614,0.0,0.0,0.0,0.0,0.019954551606443684
3001.0,0.9285966911133201,0.142108466,0.242829226,0.0,0.0,0.15039290480712592,0.6175682106302853,0.0,0.0,0.16063557567590894,0.4821785126082201,0.0,0.0,281.8445446705479,0.0,-2.7755575615628914e-17,-1.1102230246251565e-16,0.0,0.01995457425747956
3002.0,0.8945984675117838,0.004838918,0.308318084,0.0,0.0,0.005121010412873559,0.784120802002795,0.0,0.0,0.10535665509611525,0.3215423895970161,0.0,0.0,281.8445414554345,0.0,0.0,0.0,0.0,0.01995459690854115
3003.0,0.8511740185342974,0.0,0.338504875,0.0,0.0,0.0,0.8608924608744516,0.0,0.0,0.0,0.21618536950848816,0.00971844234015418,0.0,281.84453824032107,0.0,0.0,0.0,0.0,0.01995412624939005
3004.0,0.8028415939635174,0.0,0.344218464,0.0,0.0,0.0,0.8754233762553163,0.0,0.0,0.0,0.2161851241099897,0.07258178229179887,0.0,281.84929706195436,0.0,0.0,1.1102230246251565e-16,0.0,0.019954126477014757
3005.0,0.7620510062337408,0.0,0.336574022,0.0,0.0,0.0,0.8559818763791563,0.0,0.0,0.0,0.21618487871176975,0.09393087014541567,0.0,281.88485892010965,0.0,0.0,1.1102230246251565e-16,0.0,0.019954126704639457
3006.0,0.7273932466449731,0.0,0.328903617,0.0,0.0,0.0,0.8364743468750283,0.0,0.0,0.0,0.21618463331382837,0.10908110023005527,0.0,281.93088183090754,0.0,0.0,0.0,0.0,0.019954126932264168
3007.0,0.7039454574885317,0.0,0.325415236,0.0,0.0,0.0,0.8276026255931482,0.0,0.0,0.0,0.21618438791616557,0.12365716810461656,0.0,281.9843283539219,0.0,0.0,0.0,0.0,0.01995412715988888
3008.0,0.690943176597398,0.0,0.326596224,0.0,0.0,0.0,0.8306061382178429,0.0,0.0,0.0,0.21618414251878132,0.13966296162044478,0.0,282.04491714958516,0.0,0.0,0.0,0.0,0.019954127387513593
3009.0,0.6873628383809989,0.0,0.332097847,0.0,0.0,0.0,0.844597977370155,0.0,0.0,0.0,0.2161838971216756,0.157235138989156,0.0,282.11334878338,0.0,0.0,0.0,0.0,0.019954127615138307
3010.0,0.6905020583721718,0.0,0.337176892,0.0,0.0,0.0,0.8575151075856122,0.0,0.0,0.0,0.2161836517248485,0.1670130492134403,0.0,282.19039078330485,0.0,0.0,0.0,0.0,0.019954127842763025
3011.0,0.701022513908756,0.0,0.326995304,0.0,0.0,0.0,0.8316210865647042,0.0,0.0,0.0,0.2161834063282999,0.13059857265594826,0.0,282.27222395836077,0.0,0.0,0.0,0.0,0.019954128070387746
3012.0,0.7294832048382779,0.04786511,0.222934124,0.0,0.0,0.05065548263544419,0.5669705838749003,0.0,0.0,0.11185713832793331,0.21618316093202986,0.0,0.0,282.33621403897,0.0,-6.938893903907228e-18,0.0,0.0,0.019954823420571192
3013.0,0.7671217244732342,0.35440289,0.113137151,0.0,0.0,0.3750633695471762,0.28773269614127245,0.0,0.0,0.10432565878478559,0.10432577720810507,0.0,0.0,282.3362108182479,0.0,0.0,5.551115123125783e-17,0.0,0.019954846071915618
3014.0,0.8027709293934568,0.558887101,0.089918897,0.0,0.0,0.5914683125115402,0.22868356184662433,0.0,0.0,0.0,0.0,0.01738094496470768,0.0,282.33620759752574,0.0,-1.1102230246251565e-16,0.0,0.0,0.019954128753261923
3015.0,0.8351117476244829,0.687292756,0.116732605,0.0,0.0,0.7273595791804213,0.2968767276475274,0.0,0.0,0.0,0.0,0.18912455920346585,0.0,282.34472103983643,0.0,0.0,0.0,0.0,0.019954128980886658
3016.0,0.862413967875134,0.745155192,0.115005321,0.0,0.0,0.7885951978187679,0.2924838639601461,0.0,0.0019783350683832478,0.0,0.0,0.21668675883539654,0.0,282.43738885302696,0.0,-1.1102230246251565e-16,-5.551115123125783e-17,0.0,0.01795869610704466
3017.0,0.887309310042512,0.761272013,0.108074483,0.0,0.0,0.8056515745053368,0.274857216244239,0.0,0.0,0.0017804995404441853,0.0017805015615449228,0.19497998024750804,0.0,282.54356214298,0.0,0.0,0.0,0.0,0.019954129436136125
3018.0,0.9093266769928802,0.760890581,0.106248067,0.0,0.0,0.8052479063208783,0.2702122380446769,0.0,0.0,0.0,0.0,0.16613346737267515,0.0,282.63909911021386,0.0,0.0,5.551115123125783e-17,0.0,0.019954129663760867
3019.0,0.9315367654979588,0.752529177,0.109085761,0.0,0.0,0.7963990609901158,0.27742911895626987,0.0,0.0,0.0,0.0,0.14229141444842694,0.0,282.7205012850492,0.0,0.0,5.551115123125783e-17,0.0,0.019954129891385605
3020.0,0.9526269276351088,0.744826575,0.117470872,0.0,0.0,0.7882474235686467,0.2987543032493925,0.0,0.0,0.0,0.0,0.13437479918293055,0.0,282.7902208530231,0.0,0.0,5.551115123125783e-17,0.0,0.019954130119010354
3021.0,0.9731432078093432,0.726077317,0.128171119,0.0,0.0,0.7684051477847519,0.3259673883542805,0.0,0.0,0.0,0.0,0.12122932832968925,0.0,282.8560612787215,0.0,0.0,0.0,0.0,0.019954130346635103
3022.0,0.9813445806375779,0.688684148,0.138603694,0.0,0.0,0.7288320845877023,0.3524997246020444,0.0,0.0,0.0,0.0,0.0999872285521688,0.0,282.9154604229508,0.0,-1.1102230246251565e-16,5.551115123125783e-17,0.0,0.019954130574259845
3023.0,0.978569390249747,0.594493127,0.161665856,0.0,0.0,0.6291500483679954,0.4111518825577172,0.0,0.0,0.0,0.0,0.06173254067596552,0.0,282.96445093761156,0.0,-1.1102230246251565e-16,0.0,0.0,0.0199541308018846
3024.0,0.9740340096622271,0.426992994,0.241953835,0.0,0.0,0.45188522899087297,0.6153418984915979,0.0,0.0,0.0,0.0,0.09319311782024381,0.0,282.99469665465415,0.0,0.0,0.0,0.0,0.019954131029509357
3025.0,0.9581837324625943,0.151823642,0.375159056,0.0,0.0,0.16067444242749876,0.9541121171125709,0.0,0.0,0.0,0.0,0.15660282707747547,0.0,283.0403580541523,0.0,0.0,0.0,0.0,0.019954131257134113
3026.0,0.9165258977366205,0.003773504,0.470481644,0.0,0.0,0.003993486411015857,1.1292191701610013,0.0,0.0,0.0,0.0,0.21668675883539654,0.0,283.1170902106657,0.0,-8.673617379884035e-19,0.06731928530265385,0.0,1.05e-08
3027.0,0.8600584822064504,0.0,0.508384697,0.0,0.0,0.0,1.076745241041847,0.0,0.0,0.0,0.0,0.21668675883539654,0.0,283.2232634928651,0.0,0.0,0.2161890272496878,0.0,1.05e-08
3028.0,0.8033619421612357,0.0,0.521508765,0.0,0.0,0.0,1.0200487009966324,0.0,0.0,0.0,0.0,0.21668675883539654,0.0,283.32943677385344,0.0,0.0,0.30626296310701195,0.0,1.05e-08
3029.0,0.7573186213902946,0.0,0.520271705,0.0,0.0,0.0,0.9740053802256912,0.0,0.0,0.0,0.0,0.21668675883539654,0.0,283.43561005363057,0.0,0.0,0.34916016780606673,0.0,1.05e-08
3030.0,0.7248064951106369,0.0,0.51010678,0.0,0.0,0.0,0.9414932539460334,0.0,0.0,0.0,0.0,0.21668675883539654,0.0,283.5417833321965,0.0,0.0,0.35582065074423874,0.0,1.05e-08
3031.0,0.7069369242877598,0.0,0.495867819,0.0,0.0,0.0,1.117128373606197,0.0,0.19350469048304064,0.0,0.0,0.21668675883539654,0.0,283.64795660955133,0.0,0.0,0.14397271679126677,0.0,1.05e-08
3032.0,0.7040525250189263,0.0,0.480658545,0.0,0.0,0.0,1.214017931099942,0.0,0.2932786472456189,0.0,0.17415422143473658,0.21668675883539654,0.0,283.75412988569497,0.0,0.0,0.008402625311197953,0.0,1.05e-08
3033.0,0.7227079715149006,0.0,0.454985723,0.0,0.0,0.0,1.1571289150155122,0.0,0.217734184665215,0.0,0.43810480626811227,0.21668675883539654,0.0,283.86030316062744,0.0,0.0,0.0,0.0,1.0500023837770588e-08
3034.0,0.770344457138115,0.0,0.436605418,0.0,0.0,0.0,1.1103837507011933,0.0,0.12335253472768175,0.0,0.6340650751608969,0.21668675883539654,0.0,283.96647643434875,0.0,0.0,0.0,0.0,1.0500035756676175e-08
3035.0,0.8189873775470397,0.0,0.410620905,0.0,0.0,0.0,1.04429941043521,0.0,0.008625274052773557,0.0,0.7450816366695219,0.21668675883539654,0.0,284.0726497068589,0.0,0.0,0.0,0.0,1.0500047675595293e-08
3036.0,0.8547051056867149,0.048079552,0.29355284,0.0,0.0,0.05088242587253922,0.746569534114639,0.0,0.0,0.2739399045349331,0.7528435375524998,0.21668675883539654,0.0,284.1788229781579,0.0,-6.938893903907228e-18,1.1102230246251565e-16,0.0,1.1666732882808823e-08
3037.0,0.8863264301134886,0.316740387,0.138522404,0.0,0.0,0.33520527109667925,0.35229298622598854,0.0,0.0,0.2932786472456189,0.47890277844228185,0.09445047445479814,0.0,284.2849962482457,0.0,0.0,0.0,0.0,0.019954133988631405
3038.0,0.9197079447399512,0.536081188,0.150768865,0.0,0.0,0.5673328925792146,0.383438434123284,0.0,0.0,0.18562337687284908,0.1856235875797521,0.21668675883539654,0.0,284.33127373777586,0.0,0.0,0.0,0.0,1.1666759369370917e-08
3039.0,0.9491600810009281,0.67603781,0.217066594,0.0,0.0,0.7154485082215148,0.45039833161480974,0.0,0.0,0.0,0.0,0.21668675883539654,0.0,284.4374470061246,0.0,0.0,0.10164983100705932,0.0,1.05e-08
3040.0,0.9769098435286291,0.743454597,0.226311547,0.0,0.0,0.7867954639313408,0.40680113843268484,0.0,0.0,0.0,0.0,0.21668675883539654,0.0,284.54362027326226,0.0,-1.1102230246251565e-16,0.16875897608895718,0.0,1.05e-08
3041.0,1.0065375705394533,0.76401525,0.232696884,0.0,0.0,0.8085547328647016,0.41466959651014834,0.0,0.0,0.0,0.0,0.21668675883539654,0.0,284.6497935391887,0.0,-1.1102230246251565e-16,0.17712983652483172,0.0,1.05e-08
3042.0,1.034957575807425,0.759534258,0.246738179,0.0,0.0,0.80381251431667,0.4478318203261515,0.0,0.0,0.0,0.0,0.21668675883539654,0.0,284.755966803904,0.0,0.0,0.1796777188229995,0.0,1.05e-08
3043.0,1.0585595422076348,0.748148378,0.264913386,0.0,0.0,0.7917628763522059,0.48348342469082545,0.0,0.0,0.0,0.0,0.21668675883539654,0.0,284.8621400674081,0.0,0.0,0.19024966938093196,0.0,1.05e-08
3044.0,1.079200020717127,0.737067653,0.283142175,0.0,0.0,0.7800361828832963,0.5158505966692272,0.0,0.0,0.0,0.0,0.21668675883539654,0.0,284.96831332970106,0.0,1.1102230246251565e-16,0.20424232315384672,0.0,1.05e-08
3045.0,1.0933243693267973,0.712625616,0.291019282,0.0,0.0,0.7541692585029203,0.5558418696592735,0.0,0.0,0.0,0.0,0.21668675883539654,0.0,285.0744865907829,0.0,0.0,0.18428426838495993,0.0,1.05e-08
3046.0,1.093249422055521,0.671216785,0.292227416,0.0,0.0,0.7103464339095048,0.5995897469814127,0.0,0.0,0.0,0.0,0.21668675883539654,0.0,285.1806598506535,0.0,0.0,0.14360894194506768,0.0,1.05e-08
3047.0,1.0806068880665136,0.585511071,0.318572338,0.0,0.0,0.6196443691428021,0.6776492777591081,0.0,0.0,0.0,0.0,0.21668675883539654,0.0,285.286833109313,0.0,0.0,0.13255035090900957,0.0,1.05e-08
3048.0,1.0671956092092723,0.436340568,0.426295385,0.0,0.0,0.4617777346686105,0.8221046333760583,0.0,0.0,0.0,0.0,0.21668675883539654,0.0,285.3930063667613,0.0,-5.551115123125783e-17,0.2620584323761611,0.0,1.05e-08
3049.0,1.0450326304175672,0.212419637,0.55040442,0.0,0.0,0.2248029772308234,1.0369164120221404,0.0,0.0,0.0,0.0,0.21668675883539654,0.0,285.49917962299844,0.0,0.0,0.36288326770174906,0.0,1.05e-08
3050.0,0.9883617865796472,0.008652968,0.63249896,0.0,0.0,0.009157406517378822,1.195891138897665,0.0,0.0,0.0,0.0,0.21668675883539654,0.0,285.60535287802446,0.0,0.0,0.41269303932113144,0.0,1.05e-08
3051.0,0.9204809723094011,0.0,0.662066365,0.0,0.0,0.0,1.1371677311447976,0.0,0.0,0.0,0.0,0.21668675883539654,0.0,285.71152613183926,0.0,0.0,0.5466128709131579,0.0,1.05e-08
3052.0,0.8537736181722809,0.0,0.668690385,0.0,0.0,0.0,1.0704603770076775,0.0,0.0,0.0,0.0,0.21668675883539654,0.0,285.81769938444296,0.0,0.0,0.6301665670082233,0.0,1.05e-08
3053.0,0.800117795990276,0.0,0.657758208,0.0,0.0,0.0,1.0168045548256726,0.0,0.0,0.0,0.0,0.21668675883539654,0.0,285.92387263583544,0.0,0.0,0.6560194550072416,0.0,1.05e-08
3054.0,0.7614535694141382,0.0,0.63253382,0.0,0.0,0.0,0.9781403282495348,0.0,0.0,0.0,0.0,0.21668675883539654,0.0,286.0300458860168,0.0,0.0,0.6305325066280055,0.0,1.05e-08
3055.0,0.7386738816473597,0.0,0.601691212,0.0,0.0,0.0,0.9553606404827564,0.0,0.0,0.0,0.0,0.21668675883539654,0.0,286.136219134987,0.0,0.0,0.5748726484328357,0.0,1.05e-08
3056.0,0.7310977831966301,0.0,0.566152779,0.0,0.0,0.0,0.9477845420320268,0.0,0.0,0.0,0.0,0.21668675883539654,0.0,286.24239238274606,0.0,0.0,0.49206668357947914,0.0,1.05e-08
3057.0,0.7442563826821399,0.0,0.526034718,0.0,0.0,0.0,1.015953490858087,0.0,0.05501034934055053,0.0,0.0,0.21668675883539654,0.0,286.34856562929394,0.0,0.0,0.3218686686733472,0.0,1.05e-08
3058.0,0.787545926571329,0.0,0.496226031,0.0,0.0,0.0,1.262012102418176,0.0,0.25777941701145046,0.0,0.049509314406495475,0.21668675883539654,0.0,286.4547388746306,0.0,0.0,2.220446049250313e-16,0.0,1.050001191887853e-08
3059.0,0.8329875278214519,0.0,0.462455656,0.0,0.0,0.0,1.1761266000649142,0.0,0.12645231340806593,0.0,0.28151073351729283,0.21668675883539654,0.0,286.56091211875616,0.0,0.0,2.220446049250313e-16,0.0,1.0500023837770588e-08
3060.0,0.8671227978618934,0.025895568,0.3278571,0.0,0.0,0.02740519127938835,0.8338128236237695,0.0,0.0,0.22259154179413204,0.39531749603327326,0.21668675883539654,0.0,286.66708536167056,0.0,0.0,1.1102230246251565e-16,0.0,1.166670639630686e-08
3061.0,0.8989796708555354,0.365919774,0.218498365,0.0,0.0,0.3872516485979592,0.555689471656484,0.0,0.0,0.17272530943648887,0.17272550550239194,0.21668675883539654,0.0,286.7732586033738,0.0,-5.551115123125783e-17,0.0,0.0,1.1666719639550327e-08
3062.0,0.931472524979722,0.584536432,0.269332637,0.0,0.0,0.6186129120137926,0.529546371801326,0.0,0.0,0.0,0.0,0.21668675883539654,0.0,286.87943184386586,0.0,-1.1102230246251565e-16,0.1554258510085681,0.0,1.05e-08
3063.0,0.9616719926028539,0.726276194,0.31868252,0.0,0.0,0.7686156186354423,0.40974313280280816,0.0,0.0,0.0,0.0,0.21668675883539654,0.0,286.98560508314677,0.0,0.0,0.4007367129615155,0.0,1.05e-08
3064.0,0.9887151094299498,0.797022002,0.327300327,0.0,0.0,0.8434856659136051,0.36191620235174127,0.0,0.0,0.0,0.0,0.21668675883539654,0.0,287.0917783212165,0.0,0.0,0.4704806248905332,0.0,1.05e-08
3065.0,1.0195270033269395,0.815317247,0.325689293,0.0,0.0,0.8628474612883301,0.37336630087400596,0.0,0.0,0.0,0.0,0.21668675883539654,0.0,287.1979515580751,0.0,-1.1102230246251565e-16,0.4549333120377144,0.0,1.05e-08
3066.0,1.048317462250077,0.811431156,0.321004143,0.0,0.0,0.8587348244392713,0.4062693966462023,0.0,0.0,0.0,0.0,0.21668675883539654,0.0,287.3041247937225,0.0,-1.1102230246251565e-16,0.4101148477998028,0.0,1.05e-08
3067.0,1.072945135591468,0.803484553,0.318005367,0.0,0.0,0.8503249615918388,0.439306932835026,0.0,0.0,0.0,0.0,0.21668675883539654,0.0,287.41029802815876,0.0,-1.1102230246251565e-16,0.3694507636912445,0.0,1.05e-08
3068.0,1.0953458043006494,0.800903028,0.316915425,0.0,0.0,0.8475929424904418,0.4644396206456042,0.0,0.0,0.0,0.0,0.21668675883539654,0.0,287.51647126138386,0.0,0.0,0.3415461132890184,0.0,1.05e-08
3069.0,1.110067589729922,0.791109172,0.31930966,0.0,0.0,0.8372281380944623,0.48952621047085615,0.0,0.0,0.0,0.0,0.21668675883539654,0.0,287.6226444933978,0.0,0.0,0.3225485904559679,0.0,1.05e-08
3070.0,1.107296682043307,0.762079662,0.329737825,0.0,0.0,0.8065063066869829,0.5174771341917205,0.0,0.0,0.0,0.0,0.21668675883539654,0.0,287.7288177242006,0.0,1.1102230246251565e-16,0.32111878738146005,0.0,1.05e-08
3071.0,1.090517058679848,0.673482187,0.352985021,0.0,0.0,0.712743901118361,0.5944599163968836,0.0,0.0,0.0,0.0,0.21668675883539654,0.0,287.83499095379227,0.0,0.0,0.30325874535210895,0.0,1.05e-08
3072.0,1.0756753576165332,0.503842135,0.401252173,0.0,0.0,0.5332144127632346,0.7591477036886952,0.0,0.0,0.0,0.0,0.21668675883539654,0.0,287.9411641821727,0.0,0.0,0.26132495758447305,0.0,1.05e-08
3073.0,1.0553646471006568,0.201741468,0.488095487,0.0,0.0,0.21350230740351417,1.0585490985325392,0.0,0.0,0.0,0.0,0.21668675883539654,0.0,288.047337409342,0.0,-2.7755575615628914e-17,0.18278523954795056,0.0,1.05e-08
3074.0,0.9995846051156208,0.009071074,0.530112753,0.0,0.0,0.009599886670934825,1.2066714772800826,0.0,0.0,0.0,0.0,0.21668675883539654,0.0,288.1535106353001,0.0,0.0,0.1415220235405492,0.0,1.05e-08
3075.0,0.9317209216502377,0.0,0.531489939,0.0,0.0,0.0,1.1484076804856342,0.0,0.0,0.0,0.0,0.21668675883539654,0.0,288.2596838600471,0.0,0.0,0.20328830769096773,0.0,1.05e-08
3076.0,0.8645831560409308,0.0,0.520745375,0.0,0.0,0.0,1.0812699148763274,0.0,0.0,0.0,0.0,0.21668675883539654,0.0,288.3658570835829,0.0,0.0,0.2431002803025133,0.0,1.05e-08
3077.0,0.809325603604221,0.0,0.508419538,0.0,0.0,0.0,1.0260123624396176,0.0,0.0,0.0,0.0,0.21668675883539654,0.0,288.47203030590754,0.0,0.0,0.26701051418947586,0.0,1.05e-08
3078.0,0.7698262502910046,0.0,0.5001398,0.0,0.0,0.0,0.9865130091264013,0.0,0.0,0.0,0.0,0.21668675883539654,0.0,288.57820352702106,0.0,0.0,0.28545266995947916,0.0,1.05e-08
3079.0,0.7473227967526445,0.0,0.490931055,0.0,0.0,0.0,1.0270256821831862,0.0,0.06301612659514519,0.0,0.0,0.21668675883539654,0.0,288.6843767469234,0.0,0.0,0.2215201299225944,0.0,1.05e-08
3080.0,0.739256329012707,0.0,0.485100013,0.0,0.0,0.0,1.2337161878740992,0.0,0.27777310002599553,0.0,0.05671451393563068,0.21668675883539654,0.0,288.7905499656146,0.0,0.0,0.0,0.0,1.050001191887853e-08
3081.0,0.7536954561617376,0.0,0.46021484,0.0,0.0,0.0,1.1704277113838968,0.0,0.20004549638676256,0.0,0.3067102395806805,0.21668675883539654,0.0,288.89672318309465,0.0,0.0,0.0,0.0,1.0500023837770588e-08
3082.0,0.7938843243706959,0.0,0.432210897,0.0,0.0,0.0,1.099207515800427,0.0,0.08863643259433464,0.0,0.48675083817277254,0.21668675883539654,0.0,289.0028963993635,0.0,0.0,0.0,0.0,1.0500035756676175e-08
3083.0,0.8382916532772059,0.0,0.392668134,0.0,0.0,0.0,0.9986415592574226,0.0,0.0,0.05633685285517994,0.5665230749821948,0.21668675883539654,0.0,289.1090696144212,0.0,0.0,0.0,0.0,1.1666719639550327e-08
3084.0,0.8713969336752502,0.056855898,0.262458966,0.0,0.0,0.06017040290645077,0.6674909633673786,0.0,0.0,0.2932786472456189,0.5101855790496768,0.14954307984419804,0.0,289.21524282826766,0.0,0.0,0.0,0.0,0.0199541446869994
3085.0,0.9038512434884947,0.374090611,0.199641802,0.0,0.0,0.3958988175226842,0.5077330783410137,0.0,0.0,0.21690610646019337,0.2169063526771015,0.21668675883539654,0.0,289.2885156381974,0.0,0.0,0.0,0.0,1.1666746126082354e-08
3086.0,0.9373483910477837,0.581816698,0.231184242,0.0,0.0,0.6157346267991545,0.5383005230840259,0.0,0.0,0.0,0.0,0.21668675883539654,0.0,289.39468884999695,0.0,0.0,0.049651928149578306,0.0,1.05e-08
3087.0,0.9696335341630046,0.716666405,0.269239664,0.0,0.0,0.7584456117176731,0.427874681280728,0.0,0.0,0.0,0.0,0.21668675883539654,0.0,289.5008620605853,0.0,0.0,0.2568610907106517,0.0,1.05e-08
3088.0,1.0016167468425123,0.783381549,0.29360596,0.0,0.0,0.8290500210340448,0.389253484643864,0.0,0.0,0.0,0.0,0.21668675883539654,0.0,289.6070352699625,0.0,0.0,0.3574511453317185,0.0,1.05e-08
3089.0,1.035970434644959,0.803837227,0.319488224,0.0,0.0,0.8506981952829966,0.40195899819735903,0.0,0.0,0.0,0.0,0.21668675883539654,0.0,289.71320847812854,0.0,-1.1102230246251565e-16,0.4105699303144328,0.0,1.05e-08
3090.0,1.0672962526878433,0.797426145,0.342805408,0.0,0.0,0.8439133690718917,0.44006964245134816,0.0,0.0,0.0,0.0,0.21668675883539654,0.0,289.81938168508344,0.0,0.0,0.43176002113677714,0.0,1.05e-08
3091.0,1.0928361413881973,0.785308953,0.365396625,0.0,0.0,0.8310897861124806,0.4784331141111132,0.0,0.0,0.0,0.0,0.21668675883539654,0.0,289.92555489082713,0.0,0.0,0.450850990560848,0.0,1.05e-08
3092.0,1.1172346902145438,0.778424653,0.388125823,0.0,0.0,0.8238041549062181,0.5101172941437222,0.0,0.0,0.0,0.0,0.21668675883539654,0.0,290.0317280953597,0.0,-1.1102230246251565e-16,0.4769721676886719,0.0,1.05e-08
3093.0,1.132917942066761,0.765533111,0.406178773,0.0,0.0,0.8101610799832711,0.5394436209188864,0.0,0.0,0.0,0.0,0.21668675883539654,0.0,290.13790129868113,0.0,-1.1102230246251565e-16,0.4935584693551023,0.0,1.05e-08
3094.0,1.131902941878619,0.727624941,0.41869986,0.0,0.0,0.7700429929846938,0.5785467077293218,0.0,0.0,0.0,0.0,0.21668675883539654,0.0,290.2440745007914,0.0,0.0,0.48629926485287034,0.0,1.05e-08
3095.0,1.1133952485745895,0.63671035,0.425700678,0.0,0.0,0.6738283914574225,0.6562536159525636,0.0,0.0,0.0,0.0,0.21668675883539654,0.0,290.3502477016904,0.0,0.0,0.42639697890029504,0.0,1.05e-08
3096.0,1.0965963530556595,0.487587166,0.47599566,0.0,0.0,0.5160118345195163,0.7972712773715398,0.0,0.0,0.0,0.0,0.21668675883539654,0.0,290.45642090137835,0.0,0.0,0.4132905353732803,0.0,1.05e-08
3097.0,1.0719922345709552,0.211873334,0.568144573,0.0,0.0,0.22422482662947327,1.0644541667768785,0.0,0.0,0.0,0.0,0.21668675883539654,0.0,290.5625940998551,0.0,-2.7755575615628914e-17,0.3804626297166269,0.0,1.05e-08
3098.0,1.0150537219070483,0.010560375,0.618890829,0.0,0.0,0.011176008838928376,1.2205644719035167,0.0,0.0,0.0,0.0,0.21668675883539654,0.0,290.66876729712067,0.0,-1.734723475976807e-18,0.35341123166778177,0.0,1.05e-08
3099.0,0.9469180869144629,0.0,0.620749752,0.0,0.0,0.0,1.1636048457498593,0.0,0.0,0.0,0.0,0.21668675883539654,0.0,290.77494049317517,0.0,0.0,0.415098508482441,0.0,1.05e-08
3100.0,0.8784548252788694,0.0,0.596257794,0.0,0.0,0.0,1.095141584114266,0.0,0.0,0.0,0.0,0.21668675883539654,0.0,290.88111368801844,0.0,0.0,0.42127332598778744,0.0,1.05e-08
3101.0,0.8226705005926177,0.0,0.573060763,0.0,0.0,0.0,1.0393572594280143,0.0,0.0,0.0,0.0,0.21668675883539654,0.0,290.98728688165056,0.0,0.0,0.41806249114326155,0.0,1.05e-08
3102.0,0.7836037001021958,0.0,0.54623161,0.0,0.0,0.0,1.0002904589375925,0.0,0.0,0.0,0.0,0.21668675883539654,0.0,291.0934600740715,0.0,0.0,0.38889684579565165,0.0,1.05e-08
3103.0,0.7577768704203839,0.0,0.517887225,0.0,0.0,0.0,0.9867382496020871,0.0,0.012274620346306692,0.0,0.0,0.21668675883539654,0.0,291.1996332652813,0.0,0.0,0.3303630405512401,0.0,1.05e-08
3104.0,0.7484898328339468,0.0,0.497346084,0.0,0.0,0.0,1.2584552389149621,0.0,0.2932786472456189,0.0,0.011047158311676023,0.21668675883539654,0.0,291.30580645527994,0.0,0.0,0.006405405000525777,0.0,1.05e-08
3105.0,0.764271586814127,0.0,0.463092364,0.0,0.0,0.0,1.1777458887589944,0.0,0.1967875431094708,0.0,0.2749979282927722,0.21668675883539654,0.0,291.41197964406746,0.0,0.0,0.0,0.0,1.0500023837770588e-08
3106.0,0.8064369216341717,0.0,0.42670345,0.0,0.0,0.0,1.0852008649332405,0.0,0.062077184463672413,0.0,0.4521064049328976,0.21668675883539654,0.0,291.51815283164376,0.0,0.0,2.220446049250313e-16,0.0,1.0500035756676175e-08
3107.0,0.8509770142783711,0.0,0.365490354,0.0,0.0,0.0,0.9295224781650027,0.0,0.0,0.13814129494876493,0.5079753577506594,0.21668675883539654,0.0,291.62432601800896,0.0,0.0,1.1102230246251565e-16,0.0,1.1666719639550327e-08
3108.0,0.8874335083777699,0.05313299,0.266214954,0.0,0.0,0.05623046206964174,0.677043268197065,0.0,0.0,0.2932786472456189,0.3698334861838266,0.13911886913455565,0.0,291.73049920316294,0.0,0.0,0.0,0.0,0.019954150149998028
3109.0,0.9218385885948059,0.426269299,0.240188267,0.0,0.0,0.4511193450410428,0.610851670159255,0.0,0.0,0.07655433222990472,0.07655441912912252,0.21668675883539654,0.0,291.7986641211524,0.0,-5.551115123125783e-17,0.0,0.0,1.1666746126082354e-08
3110.0,0.9565027722353973,0.660009839,0.246785908,0.0,0.0,0.6984861611868606,0.4747033698839332,0.0,0.0,0.0,0.0,0.21668675883539654,0.0,291.90483730431765,0.0,0.0,0.15292755462566515,0.0,1.05e-08
3111.0,0.9908693081414913,0.7651738,0.251211898,0.0,0.0,0.8097808223776535,0.3977752445992344,0.0,0.0,0.0,0.0,0.21668675883539654,0.0,292.0110104862717,0.0,0.0,0.2411119474099257,0.0,1.05e-08
3112.0,1.0226619406168964,0.812774283,0.254885115,0.0,0.0,0.8601562511616937,0.37919244829059917,0.0,0.0,0.0,0.0,0.21668675883539654,0.0,292.1171836670146,0.0,0.0,0.26903654366296603,0.0,1.05e-08
3113.0,1.0541719148120596,0.817022983,0.269015781,0.0,0.0,0.8646526358785201,0.40620603776893605,0.0,0.0,0.0,0.0,0.21668675883539654,0.0,292.22335684654644,0.0,-1.1102230246251565e-16,0.27796035043788836,0.0,1.05e-08
3114.0,1.0832535974178708,0.807005984,0.294053614,0.0,0.0,0.8540516800068265,0.4458886762464408,0.0,0.0,0.0,0.0,0.21668675883539654,0.0,292.32953002486704,0.0,-1.1102230246251565e-16,0.3019544364575819,0.0,1.05e-08
3115.0,1.1067656270925492,0.794697275,0.325735583,0.0,0.0,0.8410254152596184,0.48242697066832746,0.0,0.0,0.0,0.0,0.21668675883539654,0.0,292.4357032019765,0.0,0.0,0.3459903679098664,0.0,1.05e-08
3116.0,1.125269037695363,0.785510988,0.357233365,0.0,0.0,0.8313035990637984,0.510652197466961,0.0,0.0,0.0,0.0,0.21668675883539654,0.0,292.5418763778748,0.0,0.0,0.39787093887283687,0.0,1.05e-08
3117.0,1.1337894717641739,0.76684431,0.388381985,0.0,0.0,0.8115487174122065,0.5389275131873639,0.0,0.0,0.0,0.0,0.21668675883539654,0.0,292.64804955256193,0.0,0.0,0.4488134250368031,0.0,1.05e-08
3118.0,1.1240184889403526,0.722926859,0.425084419,0.0,0.0,0.7650710288302003,0.5756342189455488,0.0,0.0,0.0,0.0,0.21668675883539654,0.0,292.7542227260379,0.0,0.0,0.5054490935246083,0.0,1.05e-08
3119.0,1.1048191393899733,0.636945797,0.472368364,0.0,0.0,0.6740775642143653,0.6474283340110046,0.0,0.0,0.0,0.0,0.21668675883539654,0.0,292.86039589830267,0.0,0.0,0.5539084660076029,0.0,1.05e-08
3120.0,1.0864998849394385,0.470803615,0.545186951,0.0,0.0,0.4982498597482979,0.8049367840265371,0.0,0.0,0.0,0.0,0.21668675883539654,0.0,292.96656906935635,0.0,0.0,0.5815937227587169,0.0,1.05e-08
3121.0,1.0636495326025994,0.177686879,0.624545585,0.0,0.0,0.18804541791987467,1.0922908735181212,0.0,0.0,0.0,0.0,0.21668675883539654,0.0,293.0727422391989,0.0,0.0,0.49606612015567464,0.0,1.05e-08
3122.0,1.009920904499926,0.018398547,0.652714453,0.0,0.0,0.019471119528940886,1.2071365438063817,0.0,0.0,0.0,0.0,0.21668675883539654,0.0,293.1789154078302,0.0,0.0,0.4528600860545371,0.0,1.05e-08
3123.0,0.945337770165837,0.0,0.649199903,0.0,0.0,0.0,1.1620245290012337,0.0,0.0,0.0,0.0,0.21668675883539654,0.0,293.28508857525037,0.0,0.0,0.4890338260464604,0.0,1.05e-08
3124.0,0.8798445618233928,0.0,0.634025443,0.0,0.0,0.0,1.0965313206587894,0.0,0.0,0.0,0.0,0.21668675883539654,0.0,293.3912617414594,0.0,0.0,0.5159350400731921,0.0,1.05e-08
3125.0,0.8256726741448853,0.0,0.622047268,0.0,0.0,0.0,1.0423594329802819,0.0,0.0,0.0,0.0,0.21668675883539654,0.0,293.4974349064573,0.0,0.0,0.5396437902487765,0.0,1.05e-08
3126.0,0.786068394651882,0.0,0.599781044,0.0,0.0,0.0,1.0027551534872787,0.0,0.0,0.0,0.0,0.21668675883539654,0.0,293.6036080702439,0.0,0.0,0.5226201574443814,0.0,1.05e-08
3127.0,0.7612951094691541,0.0,0.571784125,0.0,0.0,0.0,0.9779818683045508,0.0,0.0,0.0,0.0,0.21668675883539654,0.0,293.7097812328195,0.0,0.0,0.4761911106228428,0.0,1.05e-08
3128.0,0.7509887889933593,0.0,0.549987891,0.0,0.0,0.0,0.9676755478287559,0.0,0.0,0.0,0.0,0.21668675883539654,0.0,293.81595439418385,0.0,0.0,0.43106480689771487,0.0,1.05e-08
3129.0,0.7657212811756714,0.0,0.526183019,0.0,0.0,0.0,0.982408040011068,0.0,0.0,0.0,0.0,0.21668675883539654,0.0,293.9221275543371,0.0,0.0,0.35579128163018847,0.0,1.05e-08
3130.0,0.8064883140487612,0.0,0.499949679,0.0,0.0,0.0,1.0231750728841578,0.0,0.0,0.0,0.0,0.21668675883539654,0.0,294.0283007132791,0.0,0.0,0.24830708662005074,0.0,1.05e-08
3131.0,0.8527050842189418,0.0,0.46121667,0.0,0.0,0.0,1.1551600619378564,0.0,0.085768218883518,0.0,0.0,0.21668675883539654,0.0,294.1344738710101,0.0,0.0,0.017815523812924505,0.0,1.05e-08
3132.0,0.8908061355852033,0.055480699,0.382030043,0.0,0.0,0.05871503449583226,0.9715865505518718,0.0,0.0,0.07719130937289574,0.07719139699516621,0.21668675883539654,0.0,294.2406470275298,0.0,-6.938893903907228e-18,0.0,0.0,1.1666679909865032e-08
3133.0,0.929305478164533,0.325624378,0.36155157,0.0,0.0,0.344607168466892,0.8013850685330376,0.0,0.0,0.0,0.0,0.21668675883539654,0.0,294.34682018283837,0.0,-5.551115123125783e-17,0.11812021430911213,0.0,1.05e-08
3134.0,0.9680682068686339,0.555042617,0.404887264,0.0,0.0,0.5873997082086514,0.5973552574953791,0.0,0.0,0.0,0.0,0.21668675883539654,0.0,294.45299333693583,0.0,-1.1102230246251565e-16,0.43236224090603614,0.0,1.05e-08
3135.0,1.0005353647855257,0.68639477,0.405710197,0.0,0.0,0.7264092436598331,0.4908128799610893,0.0,0.0,0.0,0.0,0.21668675883539654,0.0,294.5591664898221,0.0,-1.1102230246251565e-16,0.5409975183298912,0.0,1.05e-08
3136.0,1.03194255415151,0.742992716,0.38858337,0.0,0.0,0.7863066568446101,0.46232265614229634,0.0,0.0,0.0,0.0,0.21668675883539654,0.0,294.6653396414971,0.0,0.0,0.5259304484967064,0.0,1.05e-08
3137.0,1.0625553024419654,0.758469144,0.385336147,0.0,0.0,0.802685307803789,0.47655675347357296,0.0,0.0,0.0,0.0,0.21668675883539654,0.0,294.77151279196113,0.0,-1.1102230246251565e-16,0.5034379477983347,0.0,1.05e-08
3138.0,1.0884378072395826,0.75973814,0.396642719,0.0,0.0,0.8040282819417873,0.5010962841331918,0.0,0.0,0.0,0.0,0.21668675883539654,0.0,294.8776859412139,0.0,-1.1102230246251565e-16,0.5076535202761054,0.0,1.05e-08
3139.0,1.1066863971200571,0.752194743,0.414361173,0.0,0.0,0.7960451306287378,0.5273280253267159,0.0,0.0,0.0,0.0,0.21668675883539654,0.0,294.9838590892555,0.0,-1.1102230246251565e-16,0.5264837105154767,0.0,1.05e-08
3140.0,1.1229264001303267,0.746193482,0.430154275,0.0,0.0,0.7896940165839509,0.5499191423817723,0.0,0.0,0.0,0.0,0.21668675883539654,0.0,295.09003223608596,0.0,0.0,0.5440579306527463,0.0,1.05e-08
3141.0,1.125551695975605,0.729770101,0.44475839,0.0,0.0,0.7723132084951199,0.5699252463158816,0.0,0.0,0.0,0.0,0.21668675883539654,0.0,295.1962053817052,0.0,0.0,0.5611933080672985,0.0,1.05e-08
3142.0,1.1105279801106192,0.68434403,0.457819386,0.0,0.0,0.7242389525133212,0.6029757864326944,0.0,0.0,0.0,0.0,0.21668675883539654,0.0,295.30237852611344,0.0,0.0,0.5613597577734871,0.0,1.05e-08
3143.0,1.0837182704997839,0.602054669,0.479555398,0.0,0.0,0.6371524024726487,0.6632526268625317,0.0,0.0,0.0,0.0,0.21668675883539654,0.0,295.4085516693104,0.0,-1.1102230246251565e-16,0.5563623837332451,0.0,1.05e-08
3144.0,1.0606687725564108,0.449737189,0.51731102,0.0,0.0,0.475955332974331,0.8014001984174763,0.0,0.0,0.0,0.0,0.21668675883539654,0.0,295.5147248112963,0.0,-5.551115123125783e-17,0.5142356754979958,0.0,1.05e-08
3145.0,1.037103209116535,0.185934373,0.555263514,0.0,0.0,0.1967737126862072,1.0570162552657243,0.0,0.0,0.0,0.0,0.21668675883539654,0.0,295.6208979520709,0.0,-2.7755575615628914e-17,0.35514117083118335,0.0,1.05e-08
3146.0,0.9933083064838828,0.014141992,0.554444762,0.0,0.0,0.014966421892409536,1.1950286434268698,0.0,0.0,0.0,0.0,0.21668675883539654,0.0,295.7270710916344,0.0,0.0,0.2150465159844377,0.0,1.05e-08
3147.0,0.9360357431251445,0.0,0.545040397,0.0,0.0,0.0,1.152722501960541,0.0,0.0,0.0,0.0,0.21668675883539654,0.0,295.83324422998675,0.0,0.0,0.23343528572070893,0.0,1.05e-08
3148.0,0.8772192659781145,0.0,0.526393261,0.0,0.0,0.0,1.093906024813511,0.0,0.0,0.0,0.0,0.21668675883539654,0.0,295.93941736712793,0.0,0.0,0.24482798854454613,0.0,1.05e-08
3149.0,0.8259082227117537,0.0,0.505257813,0.0,0.0,0.0,1.0425949815471502,0.0,0.0,0.0,0.0,0.21668675883539654,0.0,296.04559050305795,0.0,0.0,0.24238693196181615,0.0,1.05e-08
3150.0,0.7868564116755872,0.0,0.482839238,0.0,0.0,0.0,1.0035431705109839,0.0,0.0,0.0,0.0,0.21668675883539654,0.0,296.1517636377768,0.0,0.0,0.2244233685486532,0.0,1.05e-08
3151.0,0.7594171449860309,0.0,0.463609028,0.0,0.0,0.0,0.9761039038214275,0.0,0.0,0.0,0.0,0.21668675883539654,0.0,296.2579367712845,0.0,0.0,0.20295597529710074,0.0,1.05e-08
3152.0,0.7441386083987057,0.0,0.451592163,0.0,0.0,0.0,1.069846536356811,0.0,0.10902116912270882,0.0,0.0,0.21668675883539654,0.0,296.36410990358104,0.0,0.0,0.07865180806640137,0.0,1.05e-08
3153.0,0.7408602006180197,0.0,0.427817321,0.0,0.0,0.0,1.0880336842428198,0.0,0.13048672478940343,0.0,0.09811905221043794,0.21668675883539654,0.0,296.47028303466647,0.0,0.0,0.0,0.0,1.050001191887853e-08
3154.0,0.749112965860844,0.0,0.401172091,0.0,0.0,0.0,1.0202689951072033,0.0,0.05446927041096267,0.0,0.21555699314302126,0.21668675883539654,0.0,296.5764561645407,0.0,0.0,0.0,0.0,1.0500023837770588e-08
3155.0,0.7673230114303763,0.0,0.368081258,0.0,0.0,0.0,0.9361117177452287,0.0,0.0,0.04789805252054415,0.2645790918276781,0.21668675883539654,0.0,296.6826292932038,0.0,0.0,1.1102230246251565e-16,0.0,1.166670639630686e-08
3156.0,0.8075204450417662,0.057933744,0.293413683,0.0,0.0,0.06131108365150041,0.7462156272110002,0.0,0.0,0.21668049301466216,0.21668073897546938,0.21668675883539654,0.0,296.7888024206557,0.0,0.0,0.0,0.0,1.1666719639550327e-08
3157.0,0.8538849684038914,0.407708852,0.274329966,0.0,0.0,0.4314768872943755,0.6390948399449125,0.0,0.0,0.0,0.0,0.21668675883539654,0.0,296.89497554689643,0.0,-5.551115123125783e-17,0.058586691292546456,0.0,1.05e-08
3158.0,0.9001124453271114,0.617984289,0.304720651,0.0,0.0,0.654010664979498,0.46278853918300994,0.0,0.0,0.0,0.0,0.21668675883539654,0.0,297.001148671926,0.0,0.0,0.3121831982806084,0.0,1.05e-08
3159.0,0.9406482123345487,0.747183212,0.295393746,0.0,0.0,0.7907414444667821,0.3665935267031632,0.0,0.0,0.0,0.0,0.21668675883539654,0.0,297.10732179574444,0.0,0.0,0.38465783687280514,0.0,1.05e-08
3160.0,0.972457975614817,0.802858112,0.269240344,0.0,0.0,0.8496620012184555,0.339482733231758,0.0,0.0,0.0,0.0,0.21668675883539654,0.0,297.2134949183517,0.0,0.0,0.345254768149408,0.0,1.05e-08
3161.0,0.9972633810566635,0.815388349,0.25242854,0.0,0.0,0.8629227082923868,0.49515129706642286,0.0,0.1441238654667496,0.0,0.0,0.21668675883539654,0.0,297.31966803974785,0.0,-1.1102230246251565e-16,0.1468300835430733,0.0,1.05e-08
3162.0,1.0173321189538478,0.813460953,0.24716344,0.0,0.0,0.8608829516803237,0.6285910715460002,0.0,0.25545514543707964,0.0,0.12971147892007467,0.21668675883539654,0.0,297.4258411599328,0.0,0.0,0.0,0.0,1.050001191887853e-08
3163.0,1.0335571325098623,0.805839418,0.251397538,0.0,0.0,0.8528171071884187,0.6393593154207852,0.0,0.24193253126394496,0.0,0.3596209625740553,0.21668675883539654,0.0,297.5320142789066,0.0,-1.1102230246251565e-16,0.0,0.0,1.0500023837770588e-08
3164.0,1.045908442816196,0.800757682,0.259874654,0.0,0.0,0.8474391233144463,0.6609184886951971,0.0,0.24576241035805088,0.0,0.5773598324950625,0.21668675883539654,0.0,297.63818739666925,0.0,0.0,1.1102230246251565e-16,0.0,1.0500035756676175e-08
3165.0,1.054227589927865,0.78614726,0.27533665,0.0,0.0,0.8319769635509462,0.7002417503955521,0.0,0.26130436518323674,0.0,0.7985453464388417,0.21668675883539654,0.0,297.74436051322067,0.0,-1.1102230246251565e-16,0.0,0.0,1.0500047675595293e-08
3166.0,1.049835679831074,0.739519579,0.296356627,0.0,0.0,0.7826310478050816,0.7537001820564088,0.0,0.26980879119502005,0.0,1.0337183686509757,0.21668675883539654,0.0,297.85053362856104,0.0,0.0,1.1102230246251565e-16,0.0,1.050005959452794e-08
3167.0,1.0328697589647282,0.635677947,0.32214555,0.0,0.0,0.6727358028842577,0.8192870938690431,0.0,0.24246637895317594,0.0,1.276545107321762,0.21668675883539654,0.0,297.9567067426902,0.0,0.0,0.0,0.0,1.0500071513474118e-08
3168.0,1.0146704201482353,0.478227311,0.363400162,0.0,0.0,0.5061063319013717,0.9242066594945033,0.0,0.1989558124122432,0.0,1.4947633993349727,0.21668675883539654,0.0,298.0628798556082,0.0,0.0,0.0,0.0,1.0500083432433824e-08
3169.0,0.9954068300796192,0.217064936,0.424804876,0.0,0.0,0.22971908131647048,1.0803723730451629,0.0,0.09799786544661773,0.0,1.6738219337552138,0.21668675883539654,0.0,298.16905296731505,0.0,0.0,2.220446049250313e-16,0.0,1.050009535140706e-08
3170.0,0.9577768758470944,0.00897216,0.438668473,0.0,0.0,0.009495206322150453,1.115630554003123,0.0,0.0,0.04525454586647452,1.7620181126516783,0.21260343034465368,0.0,298.27522607781077,0.0,0.0,0.0,0.0,0.019954164262751418
3171.0,0.9065493452544414,0.0,0.431830622,0.0,0.0,0.0,1.0982403927108142,0.0,0.0,0.0,1.7167615666655835,0.19169104745637286,0.0,298.37939835613474,0.0,0.0,0.0,0.0,0.01995416449037656
3172.0,0.8525530483257813,0.0,0.419450001,0.0,0.0,0.0,1.0667537463815882,0.0,0.0,0.0,1.7167596179180264,0.21420069805580688,0.0,298.4733235656553,0.0,0.0,0.0,0.0,0.019954164718001696
3173.0,0.8068116579905532,0.0,0.39847327,0.0,0.0,0.0,1.0134052988246913,0.0,0.0,0.0,1.7167576691726814,0.2065936408341381,0.0,298.578278502898,0.0,0.0,0.0,0.0,0.019954164945626837
3174.0,0.7680617773900997,0.0,0.373993645,0.0,0.0,0.0,0.9511482202300809,0.0,0.0,0.0,1.7167557204295483,0.18308644283998124,0.0,298.6795059809049,0.0,0.0,0.0,0.0,0.019954165173251985
3175.0,0.741055063523338,0.0,0.353596395,0.0,0.0,0.0,0.8992735205006563,0.0,0.0,0.0,1.7167537716886274,0.1582184569773184,0.0,298.76921493073985,0.0,0.0,1.1102230246251565e-16,0.0,0.01995416540087713
3176.0,0.7247122756838895,0.0,0.337174933,0.0,0.0,0.0,0.8575101254170958,0.0,0.0,0.0,1.7167518229499183,0.1327978497332063,0.0,298.84673856647873,0.0,0.0,0.0,0.0,0.01995416562850228
3177.0,0.71879358260367,0.0,0.313132436,0.0,0.0,0.0,0.7963647596143238,0.0,0.0,0.0,1.7167498742134217,0.07757117701065376,0.0,298.91180610378376,0.0,0.0,0.0,0.0,0.01995416585612743
3178.0,0.7198985195173434,0.0,0.285073169,0.0,0.0,0.0,0.7250038629124276,0.0,0.0,0.0,1.716747925479137,0.005105343395084209,0.0,298.9498125707124,0.0,0.0,0.0,0.0,0.019954166083752587
3179.0,0.7340528470355241,0.0,0.245039911,0.0,0.0,0.0,0.6231904695412337,0.0,0.0,0.11086237749429043,1.7167459767470645,0.0,0.0,298.9523107787359,0.0,0.0,0.0,0.0,0.01995436811904275
3180.0,0.7721217781426671,0.053187347,0.157734926,0.0,0.0,0.05628798789731904,0.4011546616868945,0.0,0.0,0.2932786472456189,1.6058816505229134,0.0,0.02140048131283466,298.9523073684673,0.0,0.0,0.0,0.0,0.040722788855107966
3181.0,0.8222336650686073,0.384274817,0.122558734,0.0,0.0,0.406676727992101,0.31169385703800373,0.0,0.0,0.1038630800385026,1.3126011803928563,0.0,0.0,298.93090347688593,0.0,0.0,0.0,0.0,0.01995441342072365
3182.0,0.8672726924044459,0.621023732,0.146796751,0.0,0.0,0.6572272971382442,0.3733364732687059,0.0,0.0,0.0,1.208736610381376,0.16329107800250423,0.0,298.93090006686157,0.0,0.0,-5.551115123125783e-17,0.0,0.019954166994253227
3183.0,0.9084337337893883,0.756049497,0.150156148,0.0,0.0,0.8001246036375935,0.3818801598267923,0.0,0.05688427083960095,0.0,1.2087352383081875,0.21668675883539654,0.0,299.01090928505846,0.0,0.0,5.551115123125783e-17,0.0,0.01795901285025666
3184.0,0.9426910608144797,0.809311568,0.142602872,0.0,0.0,0.8564916716892139,0.3626705151701122,0.0,0.059784367209449775,0.0,1.2599297099921973,0.21668675883539654,0.0,299.1170823859507,0.0,0.0,0.0,0.0,0.017959033236094057
3185.0,0.9694814982698441,0.823611658,0.142161612,0.0,0.0,0.8716254081557192,0.3615482937921026,0.0,0.04700544484258114,0.0,1.3137342102966905,0.21668675883539654,0.0,299.2232554856318,0.0,0.0,0.0,0.0,0.017959053621954598
3186.0,0.9885694975886129,0.818264528,0.150476985,0.0,0.0,0.8659665587168595,0.3826961189897722,0.0,0.04340642128262212,0.0,1.3560376193958994,0.21668675883539654,0.0,299.32942858410183,0.0,0.0,0.0,0.0,0.017959074007838274
3187.0,1.0051114310345957,0.806644872,0.165904451,0.0,0.0,0.8536695164090525,0.42193156329407333,0.0,0.0538028898331335,0.0,1.3951018592712763,0.21668675883539654,0.0,299.43560168136065,0.0,-1.1102230246251565e-16,0.0,0.0,0.017959094393745094
3188.0,1.0198267924120445,0.798485522,0.186188922,0.0,0.0,0.8450345041372429,0.4735194411842409,0.0,0.08204039407404275,0.0,1.443522876499123,0.21668675883539654,0.0,299.54177477740825,0.0,0.0,5.551115123125783e-17,0.0,0.017959114779675052
3189.0,1.030771235368992,0.776158722,0.207557441,0.0,0.0,0.8214061278584663,0.5278642919257627,0.0,0.10181242557984047,0.0,1.5173575925796388,0.21668675883539654,0.0,299.64794787224474,0.0,-1.1102230246251565e-16,0.0,0.0,0.01795913516562815
3190.0,1.034593546204083,0.729594406,0.227669856,0.0,0.0,0.772127271075951,0.5790145935085043,0.0,0.09986155954497575,0.0,1.608987053203371,0.21668675883539654,0.0,299.75412096587013,0.0,0.0,0.0,0.0,0.01795915555160439
3191.0,1.0305720897624577,0.62510112,0.250231458,0.0,0.0,0.6615423829498503,0.6363937171239321,0.0,0.05067725147592811,0.0,1.6988606303843754,0.21668675883539654,0.0,299.8602940582843,0.0,0.0,0.0,0.0,0.017959175937603777
3192.0,1.0244178481153698,0.46215914,0.28713812,0.0,0.0,0.48910144134384775,0.7302554881599964,0.0,0.0,0.0,1.7444682282850434,0.19493908138847432,0.0,299.9664671494873,0.0,0.0,1.1102230246251565e-16,0.0,0.019954169270505025
3193.0,1.0118288478915598,0.209992891,0.355300914,0.0,0.0,0.22223476021714406,0.9036084877785051,0.0,0.0,0.0,1.7444662480868234,0.11401440010408935,0.0,300.06198387753017,0.0,-2.7755575615628914e-17,1.1102230246251565e-16,0.0,0.019954169498130215
3194.0,0.9734108766353299,0.016577408,0.409831481,0.0,0.0,0.017543814337513765,1.042291731313799,0.0,0.0,0.0,1.7444642678908513,0.08642466901598272,0.0,300.1178475106541,0.0,0.0,0.0,0.0,0.01995416972575541
3195.0,0.9180762355767359,0.0,0.424665433,0.0,0.0,0.0,1.0800177387805256,0.0,0.0,0.0,1.744462287697127,0.16194150320378992,0.0,300.16019217490754,0.0,0.0,2.220446049250313e-16,0.0,0.01995416995338061
3196.0,0.8578571737815351,0.0,0.423627074,0.0,0.0,0.0,1.0773769631202605,0.0,0.0028330305033288147,0.0,1.7444603075056502,0.21668675883539654,0.0,300.23954008743004,0.0,0.0,0.0,0.0,0.0179592778679478
3197.0,0.8087881246016395,0.0,0.40977769,0.0,0.0,0.0,1.0421549289520518,0.0,0.01668004551501571,0.0,1.7470080547694173,0.21668675883539654,0.0,300.34571317430687,0.0,0.0,0.0,0.0,0.017959298254086025
3198.0,0.7724215672277723,0.0,0.387078994,0.0,0.0,0.0,0.9844271450964099,0.0,0.0,0.0,1.7620181126516783,0.21200557786863755,0.0,300.4518862599725,0.0,0.0,0.0,0.0,0.01995417063625622
3199.0,0.7522179242422906,0.0,0.369132007,0.0,0.0,0.0,0.9387840039046861,0.0,0.0,0.0,1.7620161125320581,0.18656607966239544,0.0,300.5557655657533,0.0,0.0,0.0,0.0,0.019954170863881435
3200.0,0.7475390731640418,0.0,0.346992905,0.0,0.0,0.0,0.8824793908549318,0.0,0.0,0.0,1.7620141124147082,0.13494031769089,0.0,300.647179516228,0.0,0.0,0.0,0.0,0.019954171091506646
3201.0,0.7671988130951184,0.0,0.318109572,0.0,0.0,0.0,0.8090227127949,0.0,0.0,0.0,1.7620121122996288,0.041823899699781654,0.0,300.7132968422939,0.0,0.0,1.1102230246251565e-16,0.0,0.01995417131913186
3202.0,0.8136682626370304,0.0,0.293463185,0.0,0.0,0.0,0.7463415217009932,0.0,0.0,0.06732674093603729,1.76201011218682,0.0,0.0,300.7337871227899,0.0,0.0,-1.1102230246251565e-16,0.0,0.022171152232680347
3203.0,0.8646987889737572,0.0,0.259379052,0.0,0.0,0.0,0.6596580636410697,0.0,0.0,0.2050407253326875,1.694681371140244,0.0,0.0,300.7337836921993,0.0,0.0,0.0,0.0,0.022171177399848953
3204.0,0.9093052634868012,0.066940804,0.165214535,0.0,0.0,0.07084322452459993,0.42017695493566587,0.0,0.0,0.2932786472456189,1.4896387221238916,0.0,0.12500643678091644,300.73378026160873,0.0,0.0,0.0,0.0,0.040722800004096976
3205.0,0.9494191844244833,0.41970069,0.13111782,0.0,0.0,0.44416780854319443,0.33346149807825776,0.0,0.0,0.17178987780303104,1.1963583839446699,0.0,0.0,300.6087703942373,0.0,0.0,0.0,0.0,0.022171227734271857
3206.0,0.9933832537551591,0.62752373,0.14289258,0.0,0.0,0.6641062228488384,0.36340730642918934,0.0,0.0,0.0,1.0245671481193466,0.03413027552286858,0.0,300.6087669650728,0.0,0.0,0.0,0.0,0.01995417245725797
3207.0,1.0347412993960277,0.761127217,0.13496173,0.0,0.0,0.8054983373924652,0.3432374079208558,0.0,0.0,0.0,1.0245659851024398,0.11399444591729326,0.0,300.6254873709146,0.0,-1.1102230246251565e-16,5.551115123125783e-17,0.0,0.019954172684883198
3208.0,1.0694418859969532,0.810727956,0.117777675,0.0,0.0,0.8579906302780285,0.29953457085905005,0.0,0.03406136730951154,0.0,1.024564822086853,0.05402194783061367,0.0,300.6813412200588,0.0,-1.1102230246251565e-16,0.0,0.0,0.019954172912508433
3209.0,1.0996584844249482,0.821730771,0.110448092,0.0,0.0,0.8696348718597046,0.28089382677507324,0.0,0.05087021420982963,0.0,1.055218889651147,0.0,0.0,300.7078085445035,0.0,0.0,5.551115123125783e-17,0.0,0.01995419556311444
3210.0,1.1244510417631473,0.812937543,0.115886811,0.0,0.0,0.8603290286627809,0.29472568719928327,0.0,0.03060367409891694,0.0,1.1010008846293755,0.0,0.0,300.70780511420924,0.0,0.0,0.0,0.0,0.019954218213746166
3211.0,1.1457446322080473,0.805666986,0.127869181,0.0,0.0,0.852634622991019,0.32519949351125493,0.0,0.0320894842942266,0.0,1.1285429415392667,0.0,0.0,300.707801683915,0.0,0.0,5.551115123125783e-17,0.0,0.019954240864403595
3212.0,1.1637341186649663,0.800083745,0.141355386,0.0,0.0,0.8467258980862816,0.3594978834836514,0.0,0.0424896629049667,0.0,1.1574221963611213,0.0,0.0,300.7077982536208,0.0,-1.1102230246251565e-16,5.551115123125783e-17,0.0,0.019954263515086737
3213.0,1.1745008295214585,0.783618996,0.152766879,0.0,0.0,0.8293013103841652,0.38851982383538664,0.0,0.043320304698093275,0.0,1.1956615791509335,0.0,0.0,300.7077948233267,0.0,-1.1102230246251565e-16,0.0,0.0,0.019954286165795598
3214.0,1.1682866300573496,0.74506238,0.164537591,0.0,0.0,0.7884969751957683,0.41845533723065004,0.0,0.03866568236906867,0.0,1.2346484961478892,0.0,0.0,300.70779139303255,0.0,-1.1102230246251565e-16,0.0,0.0,0.019954308816530163
3215.0,1.1509695276913092,0.654696335,0.18889009,0.0,0.0,0.6928628980290957,0.48038910640473537,0.0,0.022282476742521814,0.0,1.2694462087935034,0.0,0.0,300.7077879627385,0.0,0.0,5.551115123125783e-17,0.0,0.019954331467290445
3216.0,1.131359038824214,0.512092568,0.238038086,0.0,0.0,0.5419458178632416,0.6053832862477516,0.0,0.015970065286779002,0.0,1.2894989968752981,0.0,0.0,300.7077845324445,0.0,0.0,-1.1102230246251565e-16,0.0,0.01995435411807643
3217.0,1.1063844666843439,0.211574379,0.329866619,0.0,0.0,0.22390844357276912,0.8389234730851222,0.0,0.0,0.04355255002645241,1.303870591884403,0.0,0.0,300.7077811021505,0.0,0.0,1.1102230246251565e-16,0.0,0.022171529743209035
3218.0,1.0474609220069193,0.017460658,0.383042111,0.0,0.0,0.01847855479956966,0.9741604624079191,0.0,0.0,0.05482190479943054,1.2603165617953256,0.0,0.0,300.70777767185655,0.0,-3.469446951953614e-18,1.1102230246251565e-16,0.0,0.02217155491080616
3219.0,0.9767578076354685,0.0,0.389019211,0.0,0.0,0.0,0.9893615443063486,0.0,0.012603736670880128,0.0,1.2054932263727562,0.0,0.0,300.7077742415626,0.0,0.0,1.1102230246251565e-16,0.0,0.019954422070588673
3220.0,0.9074915395219149,0.0,0.3860761,0.0,0.0,0.0,0.9818765647431543,0.0,0.07438502522123934,0.0,1.2168352209850222,0.0,0.0,300.70777081126874,0.0,0.0,0.0,0.0,0.019954444721477504
3221.0,0.8511997147415921,0.0,0.376079742,0.0,0.0,0.0,0.9564536244135593,0.0,0.10525390967196727,0.0,1.2837803624179733,0.0,0.0,300.70776738097493,0.0,0.0,0.0,0.0,0.019954467372392055
3222.0,0.8091906985159236,0.0,0.366570145,0.0,0.0,0.0,0.9322686245276514,0.0,0.12307792601172776,0.0,1.3785074238651411,0.0,0.0,300.7077639506811,0.0,0.0,0.0,0.0,0.019954490023332314
3223.0,0.7844688057477851,0.0,0.357134641,0.0,0.0,0.0,0.9082720594614887,0.0,0.12380325371370351,0.0,1.4892759924905639,0.0,0.0,300.70776052038735,0.0,0.0,0.0,0.0,0.019954512674298288
3224.0,0.7748391520640849,0.0,0.348103565,0.0,0.0,0.0,0.8853040438842118,0.0,0.1104648918201268,0.0,1.6006972303110398,0.0,0.0,300.7077570900937,0.0,0.0,0.0,0.0,0.01995453532528997
3225.0,0.7900598721849968,0.0,0.337699639,0.0,0.0,0.0,0.8588445683540715,0.0,0.06878469616907466,0.0,1.7001138159497071,0.0,0.0,300.7077536598,0.0,0.0,0.0,0.0,0.019954557976307366
3226.0,0.8345400070121752,0.0,0.325589643,0.0,0.0,0.0,0.8280461810114379,0.0,0.0,0.006493826000737432,1.7620181126516783,0.0,0.0,300.70775022950636,0.0,0.0,0.0,0.0,0.04072157469120246
3227.0,0.8835276848689708,0.0,0.279038769,0.0,0.0,0.0,0.7096570544923102,0.0,0.0,0.17387063037666062,1.7555222865313205,0.0,0.0,300.70774679921277,0.0,0.0,0.0,0.0,0.04072162091553601
3228.0,0.9230270381821872,0.078124535,0.17055353,0.0,0.0,0.0826789288919351,0.4337551952612931,0.0,0.0,0.2932786472456189,1.581649663408647,0.0,0.11331426678334017,300.7077433689192,0.0,0.0,5.551115123125783e-17,0.0,0.04072281115308903
3229.0,0.9616420136943434,0.464017745,0.12902751,0.0,0.0,0.49106839667527075,0.328145379307766,0.0,0.0,0.14242823771130664,1.2883692207850457,0.0,0.0,300.5944256718423,0.0,-5.551115123125783e-17,5.551115123125783e-17,0.0,0.04072171336436052
3230.0,1.0031499538777646,0.64840395,0.123109775,0.0,0.0,0.6862036884481916,0.3130952756808895,0.0,0.0,0.00385098974868357,1.1459395206071854,0.0,0.0,300.5944222428415,0.0,0.0,0.0,0.0,0.040721759588851485
3231.0,1.0421910581608915,0.788173859,0.112683351,0.0,0.0,0.8341217063595077,0.28657858278102966,0.0,0.07850923097964592,0.0,1.142087230068174,0.0,0.0,300.59441881384066,0.0,0.0,0.0,0.0,0.03664962523205542
3232.0,1.0774077102583197,0.83596234,0.097142966,0.0,0.0,0.884696092785649,0.24705596058663315,0.0,0.05434434311396235,0.0,1.2127442415323777,0.0,0.0,300.59441538483986,0.0,-1.1102230246251565e-16,0.0,0.0,0.03664966683419174
3233.0,1.1123438454261136,0.837863487,0.088950669,0.0,0.0,0.8867080701705526,0.22622114476737976,0.0,0.0005853695118188143,0.0,1.2616527737125727,0.0,0.0,300.5944119558391,0.0,-1.1102230246251565e-16,2.7755575615628914e-17,0.0,0.03664970843637527
3234.0,1.1387595465250964,0.827756061,0.087981876,0.0,0.0,0.8760114157132236,0.2237572907686805,0.0,0.0,0.038990840043192254,1.262178174133297,0.0,0.0,300.59440852683844,0.0,0.0,2.7755575615628914e-17,0.0,0.04072194448734004
3235.0,1.160648432438991,0.818051969,0.092061967,0.0,0.0,0.8657416082522411,0.23413386091876093,0.0,0.0,0.060772963267988984,1.2231859013537938,0.0,0.0,300.59440509783775,0.0,-1.1102230246251565e-16,0.0,0.0,0.04072199071209336
3236.0,1.1754772853986581,0.813262709,0.098439248,0.0,0.0,0.8606731507313741,0.2503526912495734,0.0,0.0,0.0644514434177108,1.1624115496107925,0.0,0.0,300.5944016688371,0.0,-1.1102230246251565e-16,0.0,0.0,0.040722036936899145
3237.0,1.172807021190614,0.801952924,0.104523878,0.0,0.0,0.8487040438458344,0.2658272456240429,0.0,0.0,0.0582757317207366,1.0979587867048595,0.0,0.0,300.59439823983655,0.0,0.0,5.551115123125783e-17,0.0,0.040722083161757405
3238.0,1.1559438851534474,0.767100426,0.11184022,0.0,0.0,0.811819764101343,0.28443431492837457,0.0,0.0,0.05968980612372966,1.0396818086581652,0.0,0.0,300.594394810836,0.0,0.0,0.0,0.0,0.04072212938666814
3239.0,1.1311042181018747,0.679457329,0.123145243,0.0,0.0,0.7190673735145452,0.3131854786175601,0.0,0.0,0.09885136596976961,0.9799908223604242,0.0,0.0,300.5943913818355,0.0,-1.1102230246251565e-16,0.0,0.0,0.040722175611631335
3240.0,1.1109947945431402,0.530338155,0.162078425,0.0,0.0,0.56125506034596,0.4122011364028516,0.0,0.0,0.13753859779432862,0.8811383439736724,0.0,0.0,300.59438795283506,0.0,-1.1102230246251565e-16,0.0,0.0,0.04072222183664701
3241.0,1.0843328381242494,0.255102129,0.255329314,0.0,0.0,0.26997371291582417,0.6493586878559594,0.0,0.0,0.1650004373524659,0.7435987459727754,0.0,0.0,300.5943845238346,0.0,-5.551115123125783e-17,0.0,0.0,0.04072226806171516
3242.0,1.0306941467471076,0.015179142,0.332120317,0.0,0.0,0.01606403419948145,0.8446551235297068,0.0,0.0,0.1699749890179193,0.5785974645390649,0.0,0.0,300.59438109483426,0.0,0.0,0.0,0.0,0.04072231428683577
3243.0,0.9633893557903851,0.0,0.366597348,0.0,0.0,0.0,0.9323378077487591,0.0,0.0,0.03105154804162611,0.4086218187378058,0.0,0.0,300.59437766583386,0.0,0.0,0.0,0.0,0.04072236051200886
3244.0,0.8929003764797238,0.0,0.377267217,0.0,0.0,0.0,0.9594736349081701,0.0,0.06657325842844626,0.0,0.3775698068572946,0.0,0.0,300.5943742368336,0.0,0.0,0.0,0.0,0.03665016606351098
3245.0,0.8394030142427029,0.0,0.377560997,0.0,0.0,0.0,0.9602207821602021,0.0,0.12081776791749922,0.0,0.4374853108520813,0.0,0.0,300.5943708078333,0.0,0.0,0.0,0.0,0.03665020766626121
3246.0,0.7994132916402787,0.0,0.370113751,0.0,0.0,0.0,0.9412807951491511,0.0,0.14186750350887245,0.0,0.5462208053751297,0.0,0.0,300.59436737883306,0.0,0.0,1.1102230246251565e-16,0.0,0.03665024926905865
3247.0,0.774168909323814,0.0,0.355476873,0.0,0.0,0.0,0.9040559902746598,0.0,0.1298870809508458,0.0,0.673900938501492,0.0,0.0,300.5943639498329,0.0,0.0,0.0,0.0,0.036650290871903336
3248.0,0.7665564079127501,0.0,0.334821567,0.0,0.0,0.0,0.8515249972942637,0.0,0.08496858938151354,0.0,0.790798546392081,0.0,0.0,300.5943605208327,0.0,0.0,0.0,0.0,0.03665033247479523
3249.0,0.7803852501385309,0.0,0.307598272,0.0,0.0,0.0,0.7822901615310827,0.0,0.0019049113925517114,0.0,0.8672693791762893,0.0,0.0,300.59435709183265,0.0,0.0,0.0,0.0,0.03665037407773437
3250.0,0.8237475999483884,0.0,0.277656929,0.0,0.0,0.0,0.7061427309891856,0.0,0.0,0.11760486895920289,0.8689828149660954,0.0,0.0,300.5943536628325,0.0,0.0,0.0,0.0,0.04072268408968968
3251.0,0.8674290109988222,0.0,0.230017234,0.0,0.0,0.0,0.5849844928283369,0.0,0.0,0.28244451817048527,0.7513769595984298,0.0,0.0,300.5943502338325,0.0,0.0,0.0,0.0,0.04072273031528255
3252.0,0.904129619067521,0.065646839,0.132461224,0.0,0.0,0.06947382577907582,0.33687807036693923,0.0,0.0,0.2932786472456189,0.46893158851741634,0.0,0.20449907567588704,300.5943468048325,0.0,0.0,0.0,0.0,0.04072282230208416
3253.0,0.9398259337011172,0.453865647,0.073171606,0.0,0.0,0.48032446599272705,0.18609151184447723,0.0,0.0,0.17565220958516437,0.17565240897348336,0.0,0.09775774627874853,300.38984430015665,0.0,0.0,2.7755575615628914e-17,0.0,0.040722822766625685
3254.0,0.9783424070853103,0.664544893,0.06879933,0.0,0.0,0.7032855933650756,0.17497185087870148,0.0,0.0,0.0,0.0,0.0,0.1000849628415332,300.29208312721073,0.0,0.0,0.0,0.0,0.04072282323116722
3255.0,1.0138931098775699,0.790649921,0.075676551,0.0,0.0,0.8367421143277602,0.19246213875318913,0.0,0.015311143203379481,0.0,0.0,0.0,0.0,300.1919947388173,0.0,-1.1102230246251565e-16,0.0,0.0,0.03665037658624733
3256.0,1.0448270607592094,0.846317252,0.070102062,0.0,0.0,0.895654660832553,0.17828498531240766,0.0,0.029112585385751292,0.0,0.013780028883041532,0.0,0.0,300.1919913144071,0.0,0.0,0.0,0.0,0.03665041818923653
3257.0,1.0741764121910073,0.853910129,0.068804953,0.0,0.0,0.9036901766608163,0.17498615140630097,0.0,0.004499915876109931,0.0,0.039981340088093516,0.0,0.0,300.191987889997,0.0,0.0,0.0,0.0,0.03665045979227296
3258.0,1.0977548237345303,0.846053768,0.071532149,0.0,0.0,0.8953758166141501,0.18192201156408144,0.0,0.0,0.020456995556298676,0.044031218992573874,0.0,0.0,300.1919844655869,0.0,0.0,0.0,0.0,0.040722779328174
3259.0,1.1165880023309598,0.838456261,0.076756704,0.0,0.0,0.8873354008726808,0.19520920576157688,0.0,0.0,0.023574146695366074,0.023574173455117586,0.0,0.010469249001336028,300.19198104117686,0.0,-1.1102230246251565e-16,0.0,0.0,0.04072282555387498
3260.0,1.1300549563040065,0.836780603,0.083346285,0.0,0.0,0.8855620577272886,0.21196796175651356,0.0,0.0,0.0,0.0,0.0,0.032524936820204485,300.18150836776556,0.0,0.0,0.0,0.0,0.04072282601841654
3261.0,1.1376567509620308,0.829645643,0.088810409,0.0,0.0,0.8780111538980779,0.22586443269177897,0.0,0.0,0.0,0.0,0.0,0.03378116437217391,300.1489800066548,0.0,-1.1102230246251565e-16,0.0,0.0,0.040722826482958115
3262.0,1.1314189966412351,0.799068192,0.094122538,0.0,0.0,0.8456511418106379,0.2393743468615307,0.0,0.0,0.0,0.0,0.0,0.04639350796906651,300.1151954183631,0.0,-1.1102230246251565e-16,0.0,0.0,0.040722826947499687
3263.0,1.1162453862336967,0.720725985,0.110921083,0.0,0.0,0.7627418513836258,0.2820967470755903,0.0,0.0,0.0,0.0,0.0,0.0714067877744806,300.06879848686,0.0,0.0,0.0,0.0,0.04072282741204127
3264.0,1.099343705885588,0.552222384,0.159800896,0.0,0.0,0.5844150652451356,0.40640887847592244,0.0,0.0,0.0,0.0,0.0,0.10851976216452988,299.9973882760807,0.0,-1.1102230246251565e-16,0.0,0.0,0.04072282787658286
3265.0,1.0745297350413099,0.256672059,0.305516239,0.0,0.0,0.2716351644794759,0.776995092994797,0.0,0.0,0.0,0.0,0.0,0.02589947756703708,299.88886509172596,0.0,0.0,0.0,0.0,0.04072282834112445
3266.0,1.022169429977081,0.014213141,0.42619428,0.0,0.0,0.015041718636405929,1.0839059334664383,0.0,0.0,0.0,0.0,0.07677822212576339,0.0,299.8629621932066,0.0,0.0,2.220446049250313e-16,0.0,0.019954186114776364
3267.0,0.9563400295891974,0.0,0.483890192,0.0,0.0,0.0,1.2306393465792504,0.0,0.05761255815465654,0.0,0.0,0.21668675883539654,0.0,299.9005801013915,0.0,0.0,0.0,0.0,0.017958565902448344
3268.0,0.8913735934962952,0.0,0.504619569,0.0,0.0,0.0,1.283358718428546,0.0,0.17529836609685429,0.0,0.051851302339190886,0.21668675883539654,0.0,300.006753192135,0.0,0.0,0.0,0.0,0.017958586287778397
3269.0,0.8364372436507694,0.0,0.50270306,0.0,0.0,0.0,1.278484613884858,0.0,0.2253606113986919,0.0,0.20961977296839093,0.21668675883539654,0.0,300.1129262816672,0.0,0.0,0.0,0.0,0.01795860667313159
3270.0,0.7961434492620243,0.0,0.48424689,0.0,0.0,0.0,1.2315465081644683,0.0,0.2187163000670475,0.0,0.41244408528152077,0.21668675883539654,0.0,300.21909936998844,0.0,0.0,2.220446049250313e-16,0.0,0.017958627058507922
3271.0,0.773340206638559,0.0,0.459001723,0.0,0.0,0.0,1.1673424876350253,0.0,0.17731552216106994,0.0,0.609288287164209,0.21668675883539654,0.0,300.3252724570984,0.0,0.0,2.220446049250313e-16,0.0,0.017958647443907395
3272.0,0.7649525363074374,0.0,0.434326476,0.0,0.0,0.0,1.1045878992040172,0.0,0.12294860406118328,0.0,0.7688715654877586,0.21668675883539654,0.0,300.4314455429972,0.0,0.0,0.0,0.0,0.01795866782933001
3273.0,0.7814987524546358,0.0,0.396629064,0.0,0.0,0.0,1.0087150767364585,0.0,0.010529565446426198,0.0,0.8795244363736434,0.21668675883539654,0.0,300.5376186276849,0.0,0.0,2.220446049250313e-16,0.0,0.017958688214775764
3274.0,0.8254735285383512,0.0,0.36098912,0.0,0.0,0.0,0.9180748485991604,0.0,0.0,0.12408543877458739,0.8890000469008535,0.21668675883539654,0.0,300.6437917111614,0.0,0.0,0.0,0.0,0.019954120666938503
3275.0,0.8698680093412138,0.0,0.319910196,0.0,0.0,0.0,0.8136020962571606,0.0,0.0,0.27295267191944966,0.7649135989956428,0.21668675883539654,0.0,300.7499647934267,0.0,0.0,0.0,0.0,0.019954143317485205
3276.0,0.908562214825862,0.080839269,0.216152238,0.0,0.0,0.08555192262362922,0.5497227539052137,0.0,0.0,0.2932786472456189,0.4919600587998196,0.01999110894859996,0.0,300.85613787448096,0.0,1.3877787807814457e-17,0.0,0.0,0.019954188391030338
3277.0,0.9461771796041315,0.462855563,0.166659209,0.0,0.0,0.48983846342910825,0.4238510791414734,0.0,0.0,0.1986806275869823,0.1986808531155791,0.1661929905534325,0.0,300.8659300858794,0.0,0.0,0.0,0.0,0.01995418861865575
3278.0,0.9823510154232882,0.658848429,0.202612316,0.0,0.0,0.6972570449456647,0.5017807293130201,0.0,0.0,0.0,0.0,0.21668675883539654,0.0,300.9473612191526,0.0,-1.1102230246251565e-16,0.013507020456350327,0.0,1.05e-08
3279.0,1.0160558739915428,0.78178986,0.23165048,0.0,0.0,0.8273655419949174,0.40537709083202206,0.0,0.0,0.0,0.0,0.21668675883539654,0.0,301.053534297955,0.0,-1.1102230246251565e-16,0.18376110633559012,0.0,1.05e-08
3280.0,1.0456129364323066,0.834551072,0.246173664,0.0,0.0,0.8832025526753691,0.37909714259233407,0.0,0.0,0.0,0.0,0.21668675883539654,0.0,301.15970737554625,0.0,-1.1102230246251565e-16,0.2469767105639621,0.0,1.05e-08
3281.0,1.072966549097547,0.844633029,0.261565898,0.0,0.0,0.8938722533768778,0.3957810545560659,0.0,0.0,0.0,0.0,0.21668675883539654,0.0,301.2658804519263,0.0,0.0,0.26943864016784563,0.0,1.05e-08
3282.0,1.0954207515719256,0.837527422,0.281493545,0.0,0.0,0.8863524137274381,0.4257550966798841,0.0,0.0,0.0,0.0,0.21668675883539654,0.0,301.37205352709526,0.0,0.0,0.29014499390322257,0.0,1.05e-08
3283.0,1.1146093943692656,0.827739843,0.305184783,0.0,0.0,0.8759942522591466,0.45530190094551565,0.0,0.0,0.0,0.0,0.21668675883539654,0.0,301.47822660105305,0.0,-1.1102230246251565e-16,0.32085022643021427,0.0,1.05e-08
3284.0,1.1289136164299989,0.821748989,0.331949189,0.0,0.0,0.8696541519069594,0.47594622335843595,0.0,0.0,0.0,0.0,0.21668675883539654,0.0,301.5843996737997,0.0,-1.1102230246251565e-16,0.3682736839722589,0.0,1.05e-08
3285.0,1.1323226465977665,0.804923766,0.356126257,0.0,0.0,0.8518480758002926,0.4971613296328705,0.0,0.0,0.0,0.0,0.21668675883539654,0.0,301.69057274533515,0.0,-1.1102230246251565e-16,0.4085461871960596,0.0,1.05e-08
3286.0,1.1220848493414242,0.763517164,0.383901402,0.0,0.0,0.8080276101499734,0.5307439980268472,0.0,0.0,0.0,0.0,0.21668675883539654,0.0,301.79674581565945,0.0,0.0,0.44560183067335135,0.0,1.05e-08
3287.0,1.1059433484591177,0.666670081,0.430530714,0.0,0.0,0.7055346725760303,0.617095434718484,0.0,0.0,0.0,0.0,0.21668675883539654,0.0,301.9029188847726,0.0,-1.1102230246251565e-16,0.47783900561267734,0.0,1.05e-08
3288.0,1.0912108562768057,0.512390598,0.518132125,0.0,0.0,0.542261221995601,0.7656363931166011,0.0,0.0,0.0,0.0,0.21668675883539654,0.0,302.0090919526745,0.0,0.0,0.5520877316817759,0.0,1.05e-08
3289.0,1.0703498186547005,0.234967027,0.628642199,0.0,0.0,0.248664803154123,1.038371774335974,0.0,0.0,0.0,0.0,0.21668675883539654,0.0,302.1152650193654,0.0,0.0,0.5604038111164857,0.0,1.05e-08
3290.0,1.020507741905355,0.01235831,0.655004054,0.0,0.0,0.013078757316309024,1.2241157434244427,0.0,0.0,0.0,0.0,0.21668675883539654,0.0,302.221438084845,0.0,1.734723475976807e-18,0.4417038461185503,0.0,1.05e-08
3291.0,0.9558282467939107,0.0,0.638892103,0.0,0.0,0.0,1.1725150056293072,0.0,0.0,0.0,0.0,0.21668675883539654,0.0,302.3276111491135,0.0,0.0,0.4523283434802843,0.0,1.05e-08
3292.0,0.896354375010257,0.0,0.602352213,0.0,0.0,0.0,1.1130411338456536,0.0,0.0,0.0,0.0,0.21668675883539654,0.0,302.43378421217085,0.0,0.0,0.41887322621412926,0.0,1.05e-08
3293.0,0.8404030249765896,0.0,0.569757622,0.0,0.0,0.0,1.0570897838119862,0.0,0.0,0.0,0.0,0.21668675883539654,0.0,302.53995727401707,0.0,0.0,0.39192935160092524,0.0,1.05e-08
3294.0,0.8023255284670149,0.0,0.541672642,0.0,0.0,0.0,1.0190122873024114,0.0,0.0,0.0,0.0,0.21668675883539654,0.0,302.64613033465207,0.0,0.0,0.35858055758570373,0.0,1.05e-08
3295.0,0.7773787938850474,0.0,0.517867434,0.0,0.0,0.0,1.0601987029826658,0.0,0.06613315026222182,0.0,0.0,0.21668675883539654,0.0,302.7523033940759,0.0,0.0,0.2568522542982232,0.0,1.05e-08
3296.0,0.7694707860900941,0.0,0.494793215,0.0,0.0,0.0,1.2583681357183751,0.0,0.2722105907928845,0.0,0.05951983523599964,0.21668675883539654,0.0,302.8584764522887,0.0,0.0,0.0,0.0,1.050001191887853e-08
3297.0,0.7818349445000753,0.0,0.463096761,0.0,0.0,0.0,1.1777570712985383,0.0,0.17923536796306638,0.0,0.30450929938684507,0.21668675883539654,0.0,302.9646495092902,0.0,0.0,0.0,0.0,1.0500023837770588e-08
3298.0,0.8205933905029603,0.0,0.42190179,0.0,0.0,0.0,1.0729891858734268,0.0,0.03570903653506987,0.0,0.4658207848959638,0.21668675883539654,0.0,303.0708225650806,0.0,0.0,0.0,0.0,1.0500035756676175e-08
3299.0,0.865512502204757,0.0,0.352533418,0.0,0.0,0.0,0.8965701358436912,0.0,0.0,0.1856291251964624,0.49795838901037914,0.21668675883539654,0.0,303.1769956196598,0.0,0.0,0.0,0.0,1.1666719639550327e-08
3300.0,0.9032816442267948,0.086320338,0.252559452,0.0,0.0,0.09135251924929605,0.6423143186619777,0.0,0.0,0.2932786472456189,0.31232869856641066,0.12366384093009791,0.0,303.28316867302794,0.0,0.0,0.0,0.0,0.01995419385404094
3301.0,0.9398816088169225,0.469124147,0.252060828,0.0,0.0,0.4964724844929023,0.6410462079961828,0.0,0.0,0.019049675163233803,0.019049696787116117,0.21668675883539654,0.0,303.34376049541123,0.0,0.0,1.1102230246251565e-16,0.0,1.1666746126082354e-08
3302.0,0.9756485880205793,0.676015049,0.284203638,0.0,0.0,0.7154244203328572,0.4769109265231186,0.0,0.0,0.0,0.0,0.21668675883539654,0.0,303.44993354687693,0.0,0.0,0.2458815275214259,0.0,1.05e-08
3303.0,1.007250640291882,0.79095121,0.292991649,0.0,0.0,0.8370609674487026,0.38687643167857594,0.0,0.0,0.0,0.0,0.21668675883539654,0.0,303.5561065971315,0.0,0.0,0.3582658701073986,0.0,1.05e-08
3304.0,1.0352123965297644,0.837454429,0.29137775,0.0,0.0,0.886275165484532,0.36562398988062894,0.0,0.0,0.0,0.0,0.21668675883539654,0.0,303.66227964617497,0.0,0.0,0.3754138112487071,0.0,1.05e-08
3305.0,1.0605124539620343,0.845345222,0.294651788,0.0,0.0,0.8946259647993436,0.3825732479980873,0.0,0.0,0.0,0.0,0.21668675883539654,0.0,303.7684526940072,0.0,-1.1102230246251565e-16,0.3667911529499855,0.0,1.05e-08
3306.0,1.0789152210862771,0.834945702,0.304482295,0.0,0.0,0.8836201882582063,0.41198179166346727,0.0,0.0,0.0,0.0,0.21668675883539654,0.0,303.87462574062823,0.0,0.0,0.36238375398857314,0.0,1.05e-08
3307.0,1.0916327023465608,0.818394068,0.320070388,0.0,0.0,0.8661036504569722,0.442215810724985,0.0,0.0,0.0,0.0,0.21668675883539654,0.0,303.9807987860382,0.0,1.1102230246251565e-16,0.3717936890742735,0.0,1.05e-08
3308.0,1.1010053939573137,0.804041045,0.340902383,0.0,0.0,0.8509138951771321,0.4667782576155782,0.0,0.0,0.0,0.0,0.21668675883539654,0.0,304.086971830237,0.0,-1.1102230246251565e-16,0.40021159421103086,0.0,1.05e-08
3309.0,1.100574982485127,0.785093445,0.361075429,0.0,0.0,0.830861714731222,0.48640002658930165,0.0,0.0,0.0,0.0,0.21668675883539654,0.0,304.1931448732246,0.0,-1.1102230246251565e-16,0.43189432480846873,0.0,1.05e-08
3310.0,1.0845748107429416,0.743166123,0.377452921,0.0,0.0,0.7864901728811837,0.5147713966971544,0.0,0.0,0.0,0.0,0.21668675883539654,0.0,304.29931791500104,0.0,0.0,0.4451745243887383,0.0,1.05e-08
3311.0,1.0630799333408996,0.655310757,0.396562671,0.0,0.0,0.6935131387357782,0.586253553440518,0.0,0.0,0.0,0.0,0.21668675883539654,0.0,304.4054909555664,0.0,-1.1102230246251565e-16,0.4222926712723034,0.0,1.05e-08
3312.0,1.0458827466089011,0.503069693,0.44032408,0.0,0.0,0.5323969400295903,0.7301725654147074,0.0,0.0,0.0,0.0,0.21668675883539654,0.0,304.5116639949205,0.0,0.0,0.3896685618762331,0.0,1.05e-08
3313.0,1.0254200001998643,0.218164116,0.495172457,0.0,0.0,0.23088233976094552,1.0112244192743154,0.0,0.0,0.0,0.0,0.21668675883539654,0.0,304.61783703306344,0.0,0.0,0.24810821238712988,0.0,1.05e-08
3314.0,0.9808456459459386,0.028124904,0.515236592,0.0,0.0,0.029764489963473077,1.1677679148178621,0.0,0.0,0.0,0.0,0.21668675883539654,0.0,304.7240100699953,0.0,-3.469446951953614e-18,0.14259223175150648,0.0,1.05e-08
3315.0,0.9353483695800104,0.0,0.504359379,0.0,0.0,0.0,1.2390829873081466,0.0,0.08704785889273935,0.0,0.0,0.21668675883539654,0.0,304.83018310571595,0.0,0.0,0.04361401063736392,0.0,1.05e-08
3316.0,0.8779301943799354,0.0,0.486315476,0.0,0.0,0.0,1.2368073780177327,0.0,0.14219042480240074,0.0,0.07834307300346542,0.21668675883539654,0.0,304.9363561402254,0.0,0.0,0.0,0.0,1.050001191887853e-08
3317.0,0.829402906903837,0.0,0.462201565,0.0,0.0,0.0,1.1754803906823286,0.0,0.12939072494309492,0.0,0.2063143663960536,0.21668675883539654,0.0,305.0425291735238,0.0,0.0,0.0,0.0,1.0500023837770588e-08
3318.0,0.7910320453609808,0.0,0.434731253,0.0,0.0,0.0,1.1056173362767783,0.0,0.09789853208040089,0.0,0.32276578465121236,0.21668675883539654,0.0,305.148702205611,0.0,0.0,0.0,0.0,1.0500035756676175e-08
3319.0,0.7661923783094081,0.0,0.407673278,0.0,0.0,0.0,1.0368029456892591,0.0,0.053923808544454346,0.0,0.410874097142448,0.21668675883539654,0.0,305.254875236487,0.0,0.0,0.0,0.0,1.0500047675595293e-08
3320.0,0.751155814340775,0.0,0.391000733,0.0,0.0,0.0,0.9944009912296962,0.0,0.02655841805352454,0.0,0.45940505843694307,0.21668675883539654,0.0,305.3610482661519,0.0,0.0,0.0,0.0,1.050005959452794e-08
3321.0,0.7500744322837885,0.0,0.371933218,0.0,0.0,0.0,0.9459081005110307,0.0,0.0,0.020853090608154316,0.4833071132006511,0.21668675883539654,0.0,305.4672212946056,0.0,0.0,0.0,0.0,1.1666746126082354e-08
3322.0,0.7605220818997043,0.0,0.355004598,0.0,0.0,0.0,0.9028548909198587,0.0,0.0,0.07435394981524203,0.4624534739760934,0.21668675883539654,0.0,305.5733943218482,0.0,0.0,1.1102230246251565e-16,0.0,1.1666759369370917e-08
3323.0,0.777952675847963,0.0,0.333383122,0.0,0.0,0.0,0.8478667148075415,0.0,0.0,0.14677271987581803,0.3880989992160394,0.21668675883539654,0.0,305.6795673478796,0.0,0.0,1.1102230246251565e-16,0.0,1.1666772612674513e-08
3324.0,0.8142913956639276,0.065002537,0.283444039,0.0,0.0,0.06879196317032005,0.720860626467799,0.0,0.0,0.24132556486120504,0.24132583879740446,0.21668675883539654,0.0,305.7857403726998,0.0,1.3877787807814457e-17,1.1102230246251565e-16,0.0,1.1666785855993142e-08
3325.0,0.8606687671297002,0.418995459,0.301949544,0.0,0.0,0.44342146498157986,0.6339340609835169,0.0,0.0,0.0,0.0,0.21668675883539654,0.0,305.8919133963089,0.0,0.0,0.1339901409768789,0.0,1.05e-08
3326.0,0.9036199776228421,0.615974959,0.324256764,0.0,0.0,0.6518841978947284,0.4684225385635102,0.0,0.0,0.0,0.0,0.21668675883539654,0.0,305.9980864187068,0.0,0.0,0.3562338375526278,0.0,1.05e-08
3327.0,0.9416417990166116,0.722873123,0.32334574,0.0,0.0,0.7650141602047046,0.3933143976473035,0.0,0.0,0.0,0.0,0.21668675883539654,0.0,306.10425943989355,0.0,0.0,0.4290250437621314,0.0,1.05e-08
3328.0,0.9728691149315327,0.78102454,0.311481483,0.0,0.0,0.8265556064495785,0.3808476474181518,0.0,0.017847380100801023,0.0,0.0,0.21668675883539654,0.0,306.2104324598692,0.0,0.0,0.41131837505550883,0.0,1.05e-08
3329.0,0.9945224522785588,0.792716866,0.300443271,0.0,0.0,0.8389295551704934,0.6655583031890808,0.0,0.2932786472456189,0.0,0.01606264209072092,0.21668675883539654,0.0,306.3166054786336,0.0,0.0,0.09853511473986265,0.0,1.05e-08
3330.0,1.0108845122734784,0.787872316,0.293929141,0.0,0.0,0.8338025844312317,0.6870473339232621,0.0,0.2932786472456189,0.0,0.280013406378591,0.21668675883539654,0.0,306.42277849618694,0.0,0.0,0.06047921652362198,0.0,1.05e-08
3331.0,1.0226490925132492,0.779042446,0.293095862,0.0,0.0,0.8244579631307014,0.7081565354635632,0.0,0.2932786472456189,0.0,0.5439638710480301,0.21668675883539654,0.0,306.5289515125291,0.0,0.0,0.03725080293680305,0.0,1.05e-08
3332.0,1.0314286300056155,0.768177004,0.297240911,0.0,0.0,0.8129591029263181,0.7284349331603127,0.0,0.2932786472456189,0.0,0.8079140360993782,0.21668675883539654,0.0,306.6351245276601,0.0,0.0,0.027514177892678293,0.0,1.05e-08
3333.0,1.0359575865413115,0.747759651,0.300058703,0.0,0.0,0.7913514878941322,0.7545715047281948,0.0,0.2932786472456189,0.0,1.0718639015329754,0.21668675883539654,0.0,306.74129754157985,0.0,-1.1102230246251565e-16,0.008543872066500424,0.0,1.05e-08
3334.0,1.0311866573869233,0.703500707,0.297708239,0.0,0.0,0.7445123984351275,0.7571376290970976,0.0,0.25377661130990536,0.0,1.335813467349162,0.21668675883539654,0.0,306.8474705542885,0.0,0.0,0.0,0.0,1.0500071513474118e-08
3335.0,1.0174220556793794,0.609065756,0.295606419,0.0,0.0,0.6445722119285151,0.7517922378612546,0.0,0.1622556352749937,0.0,1.5642109012061356,0.21668675883539654,0.0,306.953643565786,0.0,0.0,0.0,0.0,1.0500083432433824e-08
3336.0,1.0044433296449327,0.461161809,0.310872956,0.0,0.0,0.48804596934864514,0.790618404270116,0.0,0.05753428513843199,0.0,1.7102391973709097,0.21668675883539654,0.0,307.05981657607236,0.0,0.0,1.1102230246251565e-16,0.0,1.050009535140706e-08
3337.0,0.9901904999987888,0.194425832,0.352475178,0.0,0.0,0.2057601947798258,0.8964220186949461,0.0,0.0,0.0,1.7620181126516783,0.111991713475983,0.0,307.16598958514754,0.0,0.0,0.0,0.0,0.019954202276185207
3338.0,0.956387139302571,0.019779625,0.378301366,0.0,0.0,0.02093270966520494,0.9621037036110827,0.0,0.0,0.0,1.7620161125320581,0.026649273973716504,0.0,307.22086202078543,0.0,0.0,0.0,0.0,0.019954202503810775
3339.0,0.9083009700516989,0.0,0.390944119,0.0,0.0,0.0,0.9942570093571161,0.0,0.0,0.0,1.7620141124147082,0.08595603930541729,0.0,307.2339166604413,0.0,0.0,0.0,0.0,0.019954202731436353
3340.0,0.8583411190189193,0.0,0.391676121,0.0,0.0,0.0,0.9961186516839661,0.0,0.0,0.0,1.7620121122996288,0.1377775326650467,0.0,307.27603161496074,0.0,0.0,0.0,0.0,0.019954202959061928
3341.0,0.8128181464456964,0.0,0.387755424,0.0,0.0,0.0,0.9861474555862051,0.0,0.0,0.0,1.76201011218682,0.17332930914050867,0.0,307.34353910074606,0.0,0.0,0.0,0.0,0.019954203186687502
3342.0,0.7762759983219819,0.0,0.380997301,0.0,0.0,0.0,0.9689600601598845,0.0,0.0,0.0,1.7620081120762812,0.1926840618379025,0.0,307.42846695623416,0.0,0.0,0.0,0.0,0.019954203414313084
3343.0,0.7512243375602277,0.0,0.369565012,0.0,0.0,0.0,0.9398852309993357,0.0,0.0,0.0,1.762006111968013,0.18866089343910802,0.0,307.52287863957525,0.0,0.0,0.0,0.0,0.019954203641938666
3344.0,0.7358494401955473,0.0,0.352538147,0.0,0.0,0.0,0.896582162732366,0.0,0.0,0.0,1.762004111862015,0.16073272253681853,0.0,307.61531896932394,0.0,0.0,-1.1102230246251565e-16,0.0,0.019954203869564254
3345.0,0.7303333210296118,0.0,0.319079904,0.0,0.0,0.0,0.8114904808096007,0.0,0.0,0.0,1.7620021117582876,0.08115715977998891,0.0,307.694074494276,0.0,0.0,0.0,0.0,0.019954204097189843
3346.0,0.7301427408255092,0.0,0.284898855,0.0,0.0,0.0,0.7245605440136232,0.0,0.0,0.005582196811885953,1.7620001116568302,0.0,0.0,307.73383799257874,0.0,0.0,1.1102230246251565e-16,0.0,0.022171163738233593
3347.0,0.7446289776879135,0.0,0.251077716,0.0,0.0,0.0,0.6385459376263833,0.0,0.0,0.10608304006153017,1.7564159147457579,0.0,0.0,307.7338344821358,0.0,0.0,0.0,0.0,0.02217118890541525
3348.0,0.7803916741903546,0.068925092,0.18841459,0.0,0.0,0.07294318974619285,0.4791798051645514,0.0,0.0,0.22826867927961036,1.6503308809238304,0.0,0.0,307.73383097169284,0.0,0.0,5.551115123125783e-17,0.0,0.02217121407262548
3349.0,0.8262037290956431,0.386065219,0.165458807,0.0,0.0,0.40857150432127826,0.4207981924383835,0.0,0.0,0.0,1.4220603283041269,0.003165967664018662,0.0,307.7338274612499,0.0,-5.551115123125783e-17,0.0,0.0,0.019954205007692218
3350.0,0.8677073865778485,0.593092767,0.17392381,0.0,0.0,0.6276680521569061,0.4423265596856192,0.0,0.0,0.0,1.4220587140807865,0.20228722526467677,0.0,307.73537527496245,0.0,-1.1102230246251565e-16,0.0,0.0,0.01995420523531782
3351.0,0.9072110225922807,0.715415759,0.157586426,0.0,0.0,0.7571220573220792,0.40077699347623774,0.0,0.03400126937063952,0.0,1.4220570998592785,0.21668675883539654,0.0,307.83449250488155,0.0,-1.1102230246251565e-16,0.0,0.0,0.019954160616984826
3352.0,0.9442820843161451,0.769214991,0.141378521,0.0,0.0,0.8140576010276349,0.35955672088468543,0.0,0.012645478760778659,0.0,1.4526566280731783,0.21668675883539654,0.0,307.94066550511974,0.0,0.0,5.551115123125783e-17,0.0,0.019954183267576878
3353.0,0.972417289953267,0.778527896,0.13115368,0.0,0.0,0.8239134166209354,0.33355269795727566,0.0,0.005905177517597486,0.0,1.464035910003761,0.17914364710734643,0.0,308.04683850414676,0.0,-1.1102230246251565e-16,0.0,0.0,0.01995420591819464
3354.0,0.9930577684627592,0.76854983,0.125198282,0.0,0.0,0.8133536634103333,0.31840680902522767,0.0,0.13870270397280185,0.0,1.469348907898516,0.0,0.0,308.1346153772158,0.0,0.0,0.0,0.0,0.019954228568838116
3355.0,1.0075311572215162,0.751866852,0.121760513,0.0,0.0,0.7956981247019402,0.30966380520784426,0.0,0.09783077268826822,0.0,1.594179673572012,0.0,0.0,308.134611862201,0.0,0.0,-5.551115123125783e-17,0.0,0.0199542512195073
3356.0,1.0196190814030788,0.733237839,0.120693878,0.0,0.0,0.7759831037913654,0.3069511174511175,0.0,0.06331513983940407,0.0,1.6822255593902806,0.0,0.0,308.1346083471862,0.0,-1.1102230246251565e-16,0.0,0.0,0.019954273870202204
3357.0,1.0278782706977267,0.703425687,0.121418045,0.0,0.0,0.7444330050250358,0.30879283364712223,0.0,0.025347567974431332,0.0,1.7392072757010448,0.0,0.0,308.1346048321715,0.0,0.0,0.0,0.0,0.019954296520922808
3358.0,1.0269103802229587,0.651029405,0.124775246,0.0,0.0,0.6889821985187343,0.3173309352934875,0.0,0.0,0.020597246410736715,1.7620181126516783,0.0,0.0,308.13460131715675,0.0,0.0,5.551115123125783e-17,0.0,0.040722185130740975
3359.0,1.015854587034401,0.550683593,0.135833099,0.0,0.0,0.5827865679789624,0.34545349122760205,0.0,0.0,0.0876145278278364,1.7414188661213212,0.0,0.0,308.13459780214214,0.0,0.0,0.0,0.0,0.040722231355767455
3360.0,1.0080108197576845,0.400018323,0.166580092,0.0,0.0,0.4233380266876229,0.4236498671830725,0.0,0.0,0.16102292588698908,1.6538023615566875,0.0,0.0,308.1345942871275,0.0,0.0,0.0,0.0,0.04072227758084641
3361.0,0.9951027582932982,0.177550066,0.227712782,0.0,0.0,0.18790062918867145,0.5791237637819767,0.0,0.0,0.22807836532265013,1.4927775583890237,0.0,0.0,308.1345907721129,0.0,0.0,-1.1102230246251565e-16,0.0,0.040722323805977824
3362.0,0.9576719496673075,0.009294396,0.310376538,0.0,0.0,0.009836227581738388,0.7893559039482451,0.0,0.0,0.158479818137324,1.2646974985697836,0.0,0.0,308.13458725709836,0.0,0.0,1.1102230246251565e-16,0.0,0.04072237003116172
3363.0,0.9032345345134212,0.0,0.350334396,0.0,0.0,0.0,0.8909775385107958,0.0,0.0,0.012256996002625331,1.1062162448363881,0.0,0.0,308.13458374208386,0.0,0.0,1.1102230246251565e-16,0.0,0.04072241625639809
3364.0,0.8433623715166993,0.0,0.357528146,0.0,0.0,0.0,0.9092728293553237,0.0,0.06591045783862444,0.0,1.093957993134517,0.0,0.0,308.1345802270694,0.0,0.0,1.1102230246251565e-16,0.0,0.03665021623351823
3365.0,0.7970770781270662,0.0,0.341306151,0.0,0.0,0.0,0.8680167227901139,0.0,0.07093964466304778,0.0,1.1532761634047421,0.0,0.0,308.134576712055,0.0,0.0,1.1102230246251565e-16,0.0,0.03665025783632541
3366.0,0.7615948985542592,0.0,0.313081793,0.0,0.0,0.0,0.7962359633099986,0.0,0.0346410647557394,0.0,1.2171205344831137,0.0,0.0,308.13457319704065,0.0,0.0,0.0,0.0,0.03665029943917981
3367.0,0.7421685658394431,0.0,0.28243891,0.0,0.0,0.0,0.7183043620172317,0.0,0.0,0.02386420382221148,1.248296111173247,0.0,0.0,308.1345696820263,0.0,0.0,0.0,0.0,0.04072260115786827
3368.0,0.7375775101361179,0.0,0.256967972,0.0,0.0,0.0,0.6535261561033564,0.0,0.0,0.08405135403276147,1.2244304903726706,0.0,0.0,308.134566167012,0.0,0.0,1.1102230246251565e-16,0.0,0.04072264738336699
3369.0,0.7584321237063996,0.0,0.22323827,0.0,0.0,0.0,0.5677440941482903,0.0,0.0,0.19068802955810918,1.1403777464521268,0.0,0.0,308.1345626519977,0.0,0.0,0.0,0.0,0.04072269360891819
3370.0,0.8063427022074244,0.0,0.194364741,0.0,0.0,0.0,0.49431234981982286,0.0,0.0,0.2932786472456189,0.9496884224170262,0.0,0.018751705141982634,308.1345591369835,0.0,0.0,5.551115123125783e-17,0.0,0.04072287711802121
3371.0,0.8563882072645197,0.0,0.169500547,0.0,0.0,0.0,0.431077227547744,0.0,0.0,0.2932786472456189,0.6564086971515883,0.0,0.13203233247115673,308.11580391682736,0.0,0.0,0.0,0.0,0.04072287758256336
3372.0,0.896821189442778,0.071801494,0.111151231,0.0,0.0,0.07598727617080478,0.28268206413516095,0.0,0.0,0.2932786472456189,0.3631293047967651,0.0,0.24487320189119333,307.983768069556,0.0,0.0,0.0,0.0,0.040722878047105525
3373.0,0.9343162385870055,0.316606466,0.082904174,0.0,0.0,0.33506354295921076,0.21084357609805093,0.0,0.0,0.06985016606306942,0.06985024535217842,0.0,0.31855895346667434,307.73889135437076,0.0,0.0,2.7755575615628914e-17,0.0,0.0407228785116477
3374.0,0.9735736192815299,0.48105486,0.093049093,0.0,0.0,0.509098717362731,0.23664433977473945,0.0,0.0,0.0,0.0,0.0,0.22783056214405936,307.4203288904034,0.0,0.0,2.7755575615628914e-17,0.0,0.040722878976189855
3375.0,1.0081414421447659,0.597899888,0.108536048,0.0,0.0,0.6327554119131457,0.2760310777099077,0.0,0.0,0.0,0.0,0.0,0.0993549525217125,307.1924948213927,0.0,0.0,0.0,0.0,0.04072287944073204
3376.0,1.0379426185548295,0.650402379,0.119622189,0.0,0.0,0.6883186190418467,0.304225576259127,0.0,0.0,0.0,0.0,0.0,0.04539842325385573,307.0931363646033,0.0,0.0,5.551115123125783e-17,0.0,0.04072287990527422
3377.0,1.0656538367715884,0.666243916,0.127411417,0.0,0.0,0.7050836636102651,0.32403529882584686,0.0,0.0,0.0,0.0,0.0,0.03653487433547644,307.0477344382152,0.0,0.0,0.0,0.0,0.04072288036981641
3378.0,1.0895298960496087,0.657237687,0.132296453,0.0,0.0,0.6955524021816308,0.3364590214192077,0.0,0.0,0.0,0.0,0.0,0.05751847244877021,307.0111960612634,0.0,0.0,5.551115123125783e-17,0.0,0.0407228808343586
3379.0,1.106238854843007,0.640227613,0.134678769,0.0,0.0,0.6775506988922282,0.3425177757689658,0.0,0.0,0.0,0.0,0.0,0.08617038018181307,306.95367408661514,0.0,0.0,5.551115123125783e-17,0.0,0.040722881298900795
3380.0,1.119074110386725,0.61971375,0.13532104,0.0,0.0,0.6558409476562573,0.34415121239742885,0.0,0.0,0.0,0.0,0.0,0.11908195033303894,306.86750020488995,0.0,-1.1102230246251565e-16,0.0,0.0,0.040722881763443
3381.0,1.1261127298348732,0.5835974,0.13535743,0.0,0.0,0.6176191376514204,0.34424376018319186,0.0,0.0,0.0,0.0,0.0,0.1642498320002611,306.74841475399654,0.0,0.0,-5.551115123125783e-17,0.0,0.04072288222798521
3382.0,1.119014152569704,0.525163561,0.136463145,0.0,0.0,0.5557788051673449,0.347055836988218,0.0,0.0,0.0,0.0,0.0,0.21617951041414094,306.5841614227944,0.0,0.0,5.551115123125783e-17,0.0,0.04072288269252742
3383.0,1.1025514490962134,0.432671791,0.142692262,0.0,0.0,0.45789508048444966,0.3628978536303856,0.0,0.0,0.0,0.0,0.0,0.2817585149813781,306.3679784150521,0.0,-5.551115123125783e-17,0.0,0.0,0.04072288315706964
3384.0,1.0859367097295622,0.306557858,0.169536643,0.0,0.0,0.32442913539064183,0.43116902762674647,0.0,0.0,0.0,0.0,0.0,0.33033854671217394,306.0862164052087,0.0,0.0,0.0,0.0,0.04072288362161186
3385.0,1.062668794024184,0.136656278,0.259889117,0.0,0.0,0.14462287284524017,0.660955271290017,0.0,0.0,0.0,0.0,0.0,0.2570906498889268,305.75587436684856,0.0,-2.7755575615628914e-17,0.0,0.0,0.04072288408615409
3386.0,1.012312793128944,0.014482672,0.360101339,0.0,0.0,0.015326962374281262,0.9158170259612809,0.0,0.0,0.0,0.0,0.0,0.0811688047933818,305.49878022908007,0.0,0.0,0.0,0.0,0.04072288455069632
3387.0,0.9486204606477388,0.0,0.39584562,0.0,0.0,0.0,1.006722606072285,0.0,0.05810214542454613,0.0,0.0,0.0,0.0,305.41760793933986,0.0,0.0,0.0,0.0,0.03665034940378447
3388.0,0.8843906491639522,0.0,0.386119155,0.0,0.0,0.0,0.981986063092042,0.0,0.09759541392808989,0.0,0.05229193088209151,0.0,0.0,305.41760445531906,0.0,0.0,1.1102230246251565e-16,0.0,0.03665039100674281
3389.0,0.8315828018226733,0.0,0.35636709,0.0,0.0,0.0,0.9063200081971261,0.0,0.07473720637445282,0.0,0.14012774405923292,0.0,0.0,305.4176009712983,0.0,0.0,1.1102230246251565e-16,0.0,0.03665043260974837
3390.0,0.7918950096559622,0.0,0.323911951,0.0,0.0,0.0,0.8237794407038739,0.0,0.031884431047911777,0.0,0.20739107073303434,0.0,0.0,305.4175974872776,0.0,0.0,1.1102230246251565e-16,0.0,0.03665047421280117
3391.0,0.7693680012609152,0.0,0.291153403,0.0,0.0,0.0,0.7404672372905735,0.0,0.0,0.028900763970341675,0.23608682326032882,0.0,0.0,305.4175940032568,0.0,0.0,0.0,0.0,0.04072279535100132
3392.0,0.7621345189074487,0.0,0.259668488,0.0,0.0,0.0,0.6603941631442323,0.0,0.0,0.10174035576321624,0.20718579130075146,0.0,0.0,305.41759051923617,0.0,0.0,1.1102230246251565e-16,0.0,0.04072284157672047
3393.0,0.7795715369075311,0.0,0.227703108,0.0,0.0,0.0,0.579099160669048,0.0,0.0,0.013345397025427879,0.10544520035472792,0.0,0.18712697921305524,305.4175870352155,0.0,0.0,0.0,0.0,0.040722887802492114
3394.0,0.823291492268907,0.0,0.202558237,0.0,0.0,0.0,0.5151502149601845,0.0,0.0,0.0,0.09209968363528977,0.0,0.3081412773087225,305.23045657198185,0.0,0.0,0.0,0.0,0.040722888267034386
3395.0,0.8720115012997158,0.0,0.170873836,0.0,0.0,0.0,0.4345698039743075,0.0,0.0,0.0,0.09209957909017587,0.0,0.43744169732540833,304.92231181278726,0.0,0.0,0.0,0.0,0.040722888731576666
3396.0,0.9130676165048713,0.053793894,0.098416353,0.0,0.0,0.05692989451836474,0.2502944642214051,0.0,0.0,0.09209937000030412,0.09209947454518067,0.0,0.5137438877647974,304.48486663709105,0.0,0.0,0.0,0.0,0.04072302648012184
3397.0,0.9526504824917956,0.281167394,0.084098657,0.0,0.0,0.2975584939514418,0.21388140948034035,0.0,0.0,0.0,0.0,0.0,0.44121057906001354,303.97111927594557,0.0,-5.551115123125783e-17,0.0,0.0,0.04072288966066125
3398.0,0.9897279682674838,0.473361737,0.110233847,0.0,0.0,0.5009571115346272,0.2803489545475166,0.0,0.0,0.0,0.0,0.0,0.20842190218534,303.52990522936545,0.0,0.0,-5.551115123125783e-17,0.0,0.04072289012520355
3399.0,1.0276834077924084,0.589447557,0.12163489,0.0,0.0,0.6238103388484534,0.3093443182473907,0.0,0.0,0.0,0.0,0.0,0.0945287506965643,303.321479864693,0.0,0.0,0.0,0.0,0.04072289058974585
3400.0,1.0601248695020056,0.65286984,0.131680363,0.0,0.0,0.690929924601139,0.3348921688407326,0.0,0.0,0.0,0.0,0.0,0.034302776060133974,303.226947653887,0.0,0.0,0.0,0.0,0.04072289105428816
3401.0,1.0895641576593351,0.682580719,0.145395241,0.0,0.0,0.722372846497031,0.36977212462279596,0.0,0.0,0.0,0.0,0.0025808134604919214,0.0,303.19264141879574,0.0,0.0,0.0,0.0,0.01995421684422693
3402.0,1.1138642043577185,0.691071296,0.161111923,0.0,0.0,0.7313583951730583,0.40974310892179955,0.0,0.0,0.0,0.0,0.027237299737139432,0.0,303.1939025587517,0.0,0.0,5.551115123125783e-17,0.0,0.019954217071852666
3403.0,1.1305431842426064,0.683563492,0.17646111,0.0,0.0,0.7234129118104939,0.4487794724862893,0.0,0.0,0.0,0.0,0.041649200054176806,0.0,303.20724537696873,0.0,0.0,5.551115123125783e-17,0.0,0.019954217299478407
3404.0,1.1428431021343506,0.66827202,0.188616571,0.0,0.0,0.7072299991551928,0.47969348733867045,0.0,0.0,0.0,0.0,0.044080384359512656,0.0,303.22765002618894,0.0,-1.1102230246251565e-16,5.551115123125783e-17,0.0,0.01995421752710415
3405.0,1.145166467543916,0.637473967,0.200924442,0.0,0.0,0.6746365247236707,0.5109951143929788,0.0,0.0,0.0,0.0,0.040465171572733695,0.0,303.249245955486,0.0,0.0,1.1102230246251565e-16,0.0,0.019954217754729893
3406.0,1.1355239657565683,0.584479611,0.213353163,0.0,0.0,0.6185527785433205,0.542604089617374,0.0,0.0,0.0,0.0,0.025632902404126173,0.0,303.2690704302712,0.0,0.0,0.0,0.0,0.019954217982355638
3407.0,1.117720776802536,0.493733632,0.234093845,0.0,0.0,0.5225166185204796,0.5953522125718645,0.0,0.0,0.0,0.0,0.00014805428980816155,0.0,303.28162709293764,0.0,-1.1102230246251565e-16,0.0,0.0,0.01995421820998139
3408.0,1.1004443600980454,0.36561194,0.290847047,0.0,0.0,0.38692586892584313,0.7396881065003784,0.0,0.0,0.0,0.0,0.0261696153281762,0.0,303.28169617988476,0.0,0.0,1.1102230246251565e-16,0.0,0.01995421843760714
3409.0,1.0785811703914456,0.194796103,0.397479138,0.0,0.0,0.20615205131605668,1.0108770021674747,0.0,0.0,0.0,0.0,0.1384478830920857,0.0,303.29451583173994,0.0,-2.7755575615628914e-17,0.0,0.0,0.019954218665232892
3410.0,1.0300645896683869,0.021719143,0.473848902,0.0,0.0,0.022985294948517386,1.205102134276314,0.0,0.0,0.0,0.0,0.19802283955644445,0.0,303.36235183465317,0.0,3.469446951953614e-18,0.0,0.0,0.01995421889285865
3411.0,0.9646934383105926,0.0,0.490724535,0.0,0.0,0.0,1.2480205862548388,0.0,0.0666403891088497,0.0,0.0,0.21668675883539654,0.0,303.4593795654602,0.0,0.0,2.220446049250313e-16,0.0,0.01995415185153826
3412.0,0.8999154410711852,0.0,0.47892523,0.0,0.0,0.0,1.2180123545622872,0.0,0.10141015465570546,0.0,0.05997635019796473,0.21668675883539654,0.0,303.565552615607,0.0,0.0,0.0,0.0,0.019954174502120364
3413.0,0.8431996288704994,0.0,0.457843678,0.0,0.0,0.0,1.1643973241130723,0.0,0.10451093640717625,0.0,0.15124542130714527,0.21668675883539654,0.0,303.67172566454263,0.0,0.0,0.0,0.0,0.01995419715272818
3414.0,0.8033062670454304,0.0,0.430575921,0.0,0.0,0.0,1.0950494116900782,0.0,0.1738081958661216,0.0,0.2453050923903888,0.11793494877852612,0.0,303.77789871226713,0.0,0.0,0.0,0.0,0.019954219803361706
3415.0,0.7778605977718236,0.0,0.397944023,0.0,0.0,0.0,1.0120593071244524,0.0,0.23419870935262874,0.0,0.4017321902167287,0.0,0.0,303.83568337185255,0.0,0.0,0.0,0.0,0.019954242454020943
3416.0,0.7695007649986046,0.0,0.3674571,0.0,0.0,0.0,0.9345243464655847,0.0,0.16502358146698004,0.0,0.6125105726158335,0.0,0.0,303.83567990587744,0.0,0.0,0.0,0.0,0.019954265104705892
3417.0,0.7844859365526483,0.0,0.331609094,0.0,0.0,0.0,0.8433549708316825,0.0,0.058869034279034185,0.0,0.7610311006569893,0.0,0.0,303.8356764399023,0.0,0.0,0.0,0.0,0.01995428775541655
3418.0,0.8232122622964149,0.0,0.299942136,0.0,0.0,0.0,0.7628189212370411,0.0,0.0,0.06039334105937377,0.8140123676388867,0.0,0.0,303.83567297392716,0.0,0.0,1.1102230246251565e-16,0.0,0.02217145600683658
3419.0,0.8726603305339078,0.0,0.247676355,0.0,0.0,0.0,0.6298955273727277,0.0,0.0,0.24276480316118015,0.753618102569654,0.0,0.0,303.8356695079521,0.0,0.0,0.0,0.0,0.022171481174350006
3420.0,0.9173310455651887,0.079062336,0.147523193,0.0,0.0,0.08367140049120651,0.3751839752908334,0.0,0.0,0.2932786472456189,0.5108524439539571,0.0,0.16519702253752985,303.83566604197705,0.0,0.0,5.551115123125783e-17,0.0,0.04072290034513545
3421.0,0.9629289654096878,0.392471784,0.129758499,0.0,0.0,0.4153515502066913,0.3300044453524785,0.0,0.0,0.21757296985051794,0.21757321682440356,0.0,0.0,303.67046555346457,0.0,0.0,0.0,0.0,0.022171531509462564
3422.0,1.0094476660155813,0.597785993,0.159102255,0.0,0.0,0.6326348772231645,0.4046320805206262,0.0,0.0,0.0,0.0,0.027819291728209395,0.0,303.67046208937404,0.0,0.0,5.551115123125783e-17,0.0,0.01995422162436794
3423.0,1.052383887054468,0.704137095,0.164466281,0.0,0.0,0.7451858856846796,0.41827398019292644,0.0,0.0,0.0,0.0,0.11107597882313817,0.0,303.6840900782305,0.0,0.0,5.551115123125783e-17,0.0,0.019954221851993734
3424.0,1.0900224066894244,0.751289131,0.175061294,0.0,0.0,0.7950867245383633,0.44521943205552317,0.0,0.0,0.0,0.0,0.150283749904462,0.0,303.73851384360796,0.0,0.0,5.551115123125783e-17,0.0,0.019954222079619523
3425.0,1.1223824970759215,0.764980982,0.197267053,0.0,0.0,0.8095767637459945,0.5016935685390672,0.0,0.0,0.0,0.0,0.1888878352091401,0.0,303.81214941619436,0.0,0.0,0.0,0.0,0.01995422230724532
3426.0,1.1528838951347666,0.761922015,0.22744657,0.0,0.0,0.8063394694046487,0.5632311845655144,0.0,0.0,0.0,0.0,0.21668675883539654,0.0,303.90470098974015,0.0,0.0,0.015215543460937897,0.0,1.05e-08
3427.0,1.1763980661600528,0.751209347,0.259244327,0.0,0.0,0.7950022894033225,0.5980825355921269,0.0,0.0,0.0,0.0,0.21668675883539654,0.0,304.010874034807,0.0,0.0,0.061232892697557384,0.0,1.05e-08
3428.0,1.1956145465152954,0.741907775,0.284398783,0.0,0.0,0.785158467485263,0.6271428378654289,0.0,0.0,0.0,0.0,0.21668675883539654,0.0,304.11704707866267,0.0,0.0,0.09614591289944308,0.0,1.05e-08
3429.0,1.2040835881695169,0.718313062,0.30087433,0.0,0.0,0.7601882632036936,0.6605820838012199,0.0,0.0,0.0,0.0,0.21668675883539654,0.0,304.2232201213072,0.0,-1.1102230246251565e-16,0.10460761211572034,0.0,1.05e-08
3430.0,1.1953040506771506,0.675410127,0.315013836,0.0,0.0,0.7147842334437684,0.6972065760687788,0.0,0.0,0.0,0.0,0.21668675883539654,0.0,304.3293931627406,0.0,0.0,0.10394299816864072,0.0,1.05e-08
3431.0,1.1724579810415274,0.586833089,0.340134671,0.0,0.0,0.6210434562825318,0.7681012835943922,0.0,0.0,0.0,0.0,0.21668675883539654,0.0,304.43556620296283,0.0,-1.1102230246251565e-16,0.09693610750939019,0.0,1.05e-08
3432.0,1.146436288454397,0.460612505,0.390813615,0.0,0.0,0.4874646427992321,0.9730494150555868,0.0,0.09739101056502533,0.0,0.0,0.21668675883539654,0.0,304.54173924197386,0.0,-5.551115123125783e-17,0.020875693882919544,0.0,1.05e-08
3433.0,1.119174753865296,0.257546434,0.478486904,0.0,0.0,0.2725605125593062,1.2168975949925611,0.0,0.1535965948511744,0.0,0.0876519095085228,0.21668675883539654,0.0,304.6479122797738,0.0,0.0,-2.220446049250313e-16,0.0,1.050001191887853e-08
3434.0,1.0649150708118649,0.031884027,0.543279993,0.0,0.0,0.03374275701124543,1.3816806925384009,0.0,0.1338216199023848,0.0,0.22588874537826772,0.21668675883539654,0.0,304.7540853163625,0.0,-6.938893903907228e-18,0.0,0.0,1.0500023837770588e-08
3435.0,0.9933918191575907,0.0,0.551404958,0.0,0.0,0.0,1.4023442682501799,0.0,0.19226569025719265,0.0,0.3463279468773225,0.21668675883539654,0.0,304.8602583517401,0.0,0.0,0.0,0.0,1.0500035756676175e-08
3436.0,0.9208171643548404,0.0,0.536846837,0.0,0.0,0.0,1.3653197597747908,0.0,0.22781583658455384,0.0,0.5193666749815536,0.21668675883539654,0.0,304.9664313859065,0.0,0.0,0.0,0.0,1.0500047675595293e-08
3437.0,0.8602854653708872,0.0,0.513665968,0.0,0.0,0.0,1.306365703770078,0.0,0.22939347956379422,0.0,0.7244003383589582,0.21668675883539654,0.0,305.0726044188618,0.0,0.0,0.0,0.0,1.050005959452794e-08
3438.0,0.8163064065859561,0.0,0.486696685,0.0,0.0,0.0,1.2377768764750814,0.0,0.20478371105372858,0.0,0.930853647677817,0.21668675883539654,0.0,305.1787774506059,0.0,0.0,-2.220446049250313e-16,0.0,1.0500071513474118e-08
3439.0,0.7884281630217815,0.0,0.458658794,0.0,0.0,0.0,1.1664703436497574,0.0,0.16135542179257922,0.0,1.1151579309862718,0.21668675883539654,0.0,305.2849504811388,0.0,0.0,0.0,0.0,1.0500083432433824e-08
3440.0,0.7790447646579891,0.0,0.432711068,0.0,0.0,0.0,1.1004795608279856,0.0,0.10474803733459984,0.0,1.2603765447503708,0.21668675883539654,0.0,305.3911235104606,0.0,0.0,0.0,0.0,1.050009535140706e-08
3441.0,0.7920299147442595,0.0,0.395038069,0.0,0.0,0.0,1.004668825996971,0.0,0.0,0.004047847582685138,1.3546483476602835,0.21668675883539654,0.0,305.4972965385713,0.0,0.0,0.0,0.0,1.1666785855993142e-08
3442.0,0.8315956499263207,0.0,0.358375932,0.0,0.0,0.0,0.9114289358983534,0.0,0.0,0.13685347286336386,1.3505989623756194,0.21668675883539654,0.0,305.60346956547073,0.0,0.0,0.0,0.0,1.16667990993268e-08
3443.0,0.8812707013282504,0.0,0.30009337,0.0,0.0,0.0,0.7632035426119265,0.0,0.0,0.2932786472456189,1.2137439564068555,0.17521148852929502,0.0,305.7096425911591,0.0,0.0,0.0,0.0,0.019954226404510094
3444.0,0.9243139898975317,0.103469337,0.17407065,0.0,0.0,0.10950124639229748,0.44270000615062144,0.0,0.0,0.2932786472456189,0.9204639314040592,0.0,0.07883409010899359,305.7954927331862,0.0,0.0,5.551115123125783e-17,0.0,0.04072291149415497
3445.0,0.9711496103933936,0.492409348,0.125519795,0.0,0.0,0.5211151332806797,0.3192244874051125,0.0,0.0,0.2932786472456189,0.6271842393122179,0.16246865753801742,0.0,305.71665515474575,0.0,0.0,0.0,0.0,0.019954226859761785
3446.0,1.0173256949020242,0.683095,0.156835476,0.0,0.0,0.7229171083250148,0.3988671622116402,0.0,0.0,0.11222818320076575,0.33390488013095343,0.21668675883539654,0.0,305.7962613095072,0.0,0.0,0.0,0.0,1.1666852072811778e-08
3447.0,1.0638422541573098,0.785043581,0.174194515,0.0,0.0,0.8308089438301182,0.4430150221298336,0.0,0.0,0.006705047032754631,0.2216763179047411,0.21668675883539654,0.0,305.9024343329962,0.0,-1.1102230246251565e-16,0.0,0.0,1.1666865316220604e-08
3448.0,1.107534371960783,0.843064891,0.18355087,0.0,0.0,0.8922126982807133,0.4668102938545466,0.0,0.03480186133908002,0.0,0.21497101924054773,0.21668675883539654,0.0,306.00860735527414,0.0,-1.1102230246251565e-16,0.0,0.0,1.0500190703680018e-08
3449.0,1.1480894111236915,0.852734952,0.196755034,0.0,0.0,0.9024464908504825,0.500391391437705,0.0,0.038061712329099426,0.0,0.24629245042566666,0.21668675883539654,0.0,306.1147803763409,0.0,-1.1102230246251565e-16,0.0,0.0,1.0500202622775022e-08
3450.0,1.1809120332414937,0.846650392,0.212238057,0.0,0.0,0.8960072217581453,0.5397681294307567,0.0,0.03817655911201179,0.0,0.2805477119479069,0.21668675883539654,0.0,306.2209533961965,0.0,-1.1102230246251565e-16,1.1102230246251565e-16,0.0,1.0500214541883553e-08
3451.0,1.206184253115861,0.839457811,0.225014363,0.0,0.0,0.8883953378211915,0.5722610898740148,0.0,0.037785415743948655,0.0,0.3149062966905933,0.21668675883539654,0.0,306.32712641484096,0.0,0.0,0.0,0.0,1.0500226461005616e-08
3452.0,1.2241030750027198,0.839232786,0.233159468,0.0,0.0,0.8881571946312972,0.5929758860421078,0.0,0.04034324683528865,0.0,0.3489128134005625,0.21668675883539654,0.0,306.43329943227417,0.0,-1.1102230246251565e-16,0.0,0.0,1.050023838014121e-08
3453.0,1.230959679649197,0.833195677,0.232474993,0.0,0.0,0.8817681427703951,0.59123511534521,0.0,0.025356819631011464,0.0,0.3852213394909204,0.21668675883539654,0.0,306.5394724484963,0.0,-1.1102230246251565e-16,0.0,0.0,1.0500250299290332e-08
3454.0,1.2208268085726417,0.802642255,0.231548141,0.0,0.0,0.8494335604916873,0.5888779265480135,0.0,0.0007979196316626467,0.0,0.4080420398825316,0.21668675883539654,0.0,306.64564546350726,0.0,-1.1102230246251565e-16,1.1102230246251565e-16,0.0,1.0500262218452982e-08
3455.0,1.1954924895306454,0.72505384,0.242962179,0.0,0.0,0.7673220055669386,0.6179063393953454,0.0,0.0,0.02695090340375778,0.40875970437026726,0.21668675883539654,0.0,306.75181847730704,0.0,-1.1102230246251565e-16,1.1102230246251565e-16,0.0,1.1666971264032407e-08
3456.0,1.165562832084108,0.582231537,0.298609233,0.0,0.0,0.6161736494977548,0.7594290553044546,0.0,0.0,0.006646886117295358,0.3818083369711063,0.21668675883539654,0.0,306.8579914898957,0.0,0.0,0.0,0.0,1.1666984507576527e-08
3457.0,1.1340914021998871,0.300081263,0.423502955,0.0,0.0,0.3175749769951152,1.077061301163099,0.0,0.04385811712293035,0.0,0.3751610174517134,0.21668675883539654,0.0,306.96416450127316,0.0,0.0,0.0,0.0,1.0500297976022117e-08
3458.0,1.0774269824137908,0.026997377,0.522831872,0.0,0.0,0.02857123198559536,1.3296766166504288,0.0,0.0641341073868368,0.0,0.41463289700582495,0.21668675883539654,0.0,307.0703375114395,0.0,-3.469446951953614e-18,0.0,0.0,1.0500309895238888e-08
3459.0,1.0063448489847426,0.0,0.546192667,0.0,0.0,0.0,1.3890882641061224,0.0,0.16605665628598298,0.0,0.47235312299173765,0.21668675883539654,0.0,307.1765105203947,0.0,0.0,-2.220446049250313e-16,0.0,1.050032181446919e-08
3460.0,0.9352862704123815,0.0,0.540697531,0.0,0.0,0.0,1.375112922823726,0.0,0.2231398935759479,0.0,0.6218035774669218,0.21668675883539654,0.0,307.2826835281387,0.0,0.0,2.220446049250313e-16,0.0,1.0500333733713022e-08
3461.0,0.87423422323071,0.0,0.527585238,0.0,0.0,0.0,1.3417654734303406,0.0,0.25084449136423403,0.0,0.8226287758573801,0.21668675883539654,0.0,307.38885653467156,0.0,0.0,0.0,0.0,1.0500345652970382e-08
3462.0,0.8274028854360639,0.0,0.510492276,0.0,0.0,0.0,1.2982943059329346,0.0,0.2542046616614741,0.0,1.0483878842945884,0.21668675883539654,0.0,307.49502953999325,0.0,0.0,0.0,0.0,1.0500357572241274e-08
3463.0,0.7980620994066975,0.0,0.491144977,0.0,0.0,0.0,1.2490898628731888,0.0,0.23434100463109472,0.0,1.277170889733376,0.21668675883539654,0.0,307.6012025441038,0.0,0.0,0.0,0.0,1.0500369491525695e-08
3464.0,0.7865844601483846,0.0,0.46951796,0.0,0.0,0.0,1.1940875947773346,0.0,0.19081637579355362,0.0,1.4880763441463691,0.21668675883539654,0.0,307.7073755470032,0.0,0.0,2.220446049250313e-16,0.0,1.0500381410823646e-08
3465.0,0.7973961393676424,0.0,0.441880723,0.0,0.0,0.0,1.123800013327583,0.0,0.1097171151245441,0.0,1.6598093932004667,0.21668675883539654,0.0,307.81354854869136,0.0,0.0,2.220446049250313e-16,0.0,1.0500393330135125e-08
3466.0,0.8350924754690119,0.0,0.415076777,0.0,0.0,0.0,1.0556316744429928,0.0,0.003852440138584402,0.0,1.75855291271312,0.21668675883539654,0.0,307.91972154916846,0.0,0.0,0.0,0.0,1.0500405249460136e-08
3467.0,0.8820565770013475,6.36e-07,0.352779812,0.0,0.0,6.730766304755698e-07,0.8971967700598297,0.0,0.0,0.20154589270028386,1.7620181126516783,0.21668675883539654,0.0,308.0258945484344,0.0,0.0,1.1102230246251565e-16,0.0,0.019954052484064056
3468.0,0.9294939170180277,0.132238674,0.209341254,0.0,0.0,0.1399477376013795,0.5324009213120008,0.0,0.0,0.2932786472456189,1.5604702198317741,0.03613338914097138,0.0,308.1320675464891,0.0,-2.7755575615628914e-17,0.0,0.0,0.019954232095157006
3469.0,0.982113325505812,0.513444617,0.114544156,0.0,0.0,0.5433766867078295,0.2913110197825868,0.0,0.0,0.2932786472456189,1.2671898012495948,0.1458530282302231,0.0,308.14976939218246,0.0,-1.1102230246251565e-16,5.551115123125783e-17,0.0,0.019954232322782917
3470.0,1.0361203291875116,0.660951761,0.123318071,0.0,0.0,0.6994829940263744,0.31362501829103745,0.0,0.0,0.23969907570549628,0.9739097155788167,0.21668675883539654,0.0,308.22123386082757,0.0,0.0,0.0,0.0,0.01995412043554911
3471.0,1.0882729232427748,0.77291982,0.139979827,0.0,0.0,0.8179784089204151,0.3559995339470665,0.0,0.0,0.13098173921068976,0.7342095343591849,0.21668675883539654,0.0,308.327406856654,0.0,0.0,0.0,0.0,0.019954143086095555
3472.0,1.1318922351255798,0.830568297,0.134181005,0.0,0.0,0.8789875954789188,0.3412518522726064,0.0,0.0,0.1283395462094512,0.6032269617252265,0.21668675883539654,0.0,308.43357985126926,0.0,0.0,0.0,0.0,0.019954165736667705
3473.0,1.168419393795039,0.844363731,0.134583095,0.0,0.0,0.8935872562221076,0.34227445571249193,0.0,0.0,0.14924444069583584,0.47488673077475413,0.21668675883539654,0.0,308.5397528446734,0.0,0.0,0.0,0.0,0.019954188387265568
3474.0,1.1955695781525295,0.843224066,0.139220428,0.0,0.0,0.8923811526402351,0.3540682150143758,0.0,0.0,0.16580696933331518,0.3256417510207436,0.21668675883539654,0.0,308.6459258368663,0.0,0.0,5.551115123125783e-17,0.0,0.019954211037889146
3475.0,1.2112271337974518,0.837349722,0.145269087,0.0,0.0,0.8861643544236087,0.3694512872123771,0.0,0.0,0.15983423060887142,0.1598344120417076,0.20422273844740532,0.0,308.7520988278481,0.0,0.0,0.0,0.0,0.01995423368853843
3476.0,1.2203450046858655,0.837809688,0.151000573,0.0,0.0,0.8866511348723718,0.38402771860648177,0.0,0.0,0.0,0.0,0.05033384879298805,0.0,308.8521644476287,0.0,0.0,-5.551115123125783e-17,0.0,0.01995423391616436
3477.0,1.2205098886826733,0.832389231,0.154814425,0.0,0.0,0.8809146837195452,0.3937271843340904,0.0,0.0,0.0,0.0,0.05413197937096221,0.0,308.8768245103371,0.0,0.0,5.551115123125783e-17,0.0,0.01995423414379029
3478.0,1.2030471744752962,0.803631763,0.157790048,0.0,0.0,0.8504807534326758,0.401294849074826,0.0,0.0,0.0,0.0,0.04872842803220556,0.0,308.9033456567473,0.0,-1.1102230246251565e-16,0.0,0.0,0.019954234371416222
3479.0,1.172931219525872,0.725163083,0.170465946,0.0,0.0,0.7674376170611886,0.43353244985683403,0.0,0.0,0.0,0.0,0.02803884739215065,0.0,308.92721906269907,0.0,0.0,5.551115123125783e-17,0.0,0.01995423459904216
3480.0,1.1422435239641402,0.581297089,0.217026412,0.0,0.0,0.6151847263669457,0.5519459709448279,0.0,0.0,0.0,0.0,0.024887173347633452,0.0,308.9409545738649,0.0,0.0,1.1102230246251565e-16,0.0,0.0199542348266681
3481.0,1.114157569391,0.284958538,0.338461739,0.0,0.0,0.301570648714284,0.8607827565247217,0.0,0.0,0.0,0.0,0.04819583584800563,0.0,308.95314576459214,0.0,-5.551115123125783e-17,0.0,0.0,0.019954235054294042
3482.0,1.0643304820959099,0.020315832,0.434220896,0.0,0.0,0.021500175704194588,1.1043193860075113,0.0,0.0,0.0,0.0,0.06148907961579588,0.0,308.97675819980554,0.0,-3.469446951953614e-18,0.0,0.0,0.019954235281919988
3483.0,1.0034947113256356,0.0,0.485207793,0.0,0.0,0.0,1.2339902961552076,0.0,0.013808825994175345,0.0,0.0,0.21668675883539654,0.0,309.0068843241958,0.0,0.0,0.0,0.0,0.017958610152380858
3484.0,0.9358473042716499,0.0,0.513498551,0.0,0.0,0.0,1.305939925461502,0.0,0.15340586235445558,0.0,0.01242794339475781,0.21668675883539654,0.0,309.11305731106,0.0,0.0,0.0,0.0,0.017958630537761137
3485.0,0.8773734432218829,0.0,0.515252434,0.0,0.0,0.0,1.3104004362649457,0.0,0.21634023420766627,0.0,0.15049320540643643,0.21668675883539654,0.0,309.2192302967131,0.0,0.0,0.0,0.0,0.017958650923164562
3486.0,0.8312937194906076,0.0,0.497465702,0.0,0.0,0.0,1.2651648588381972,0.0,0.21718438051219316,0.0,0.34519924536398383,0.21668675883539654,0.0,309.32540328115493,0.0,0.0,2.220446049250313e-16,0.0,0.017958671308591124
3487.0,0.7997580490881497,0.0,0.47338997,0.0,0.0,0.0,1.203934969109626,0.0,0.18749016118607964,0.0,0.5406647959789382,0.21668675883539654,0.0,309.4315762643857,0.0,0.0,0.0,0.0,0.017958691694040827
3488.0,0.7798392057335178,0.0,0.446878933,0.0,0.0,0.0,1.1365115623322093,0.0,0.13998559776329475,0.0,0.7094053273215801,0.21668675883539654,0.0,309.53774924640527,0.0,0.0,-2.220446049250313e-16,0.0,0.01795871207951367
3489.0,0.7721538984017856,0.0,0.40897334,0.0,0.0,0.0,1.0401092897248343,0.0,0.051268632487652045,0.0,0.8353915600412761,0.21668675883539654,0.0,309.6439222272137,0.0,0.0,0.0,0.0,0.017958732465009654
3490.0,0.7743851857352113,0.0,0.371518835,0.0,0.0,0.0,0.9448542332643196,0.0,0.0,0.04621771130628832,0.8815323810021415,0.21668675883539654,0.0,309.75009520681095,0.0,0.0,0.0,0.0,0.01995416983392086
3491.0,0.7922397671038331,1.5e-06,0.308083041,0.0,0.0,1.5874448831970988e-06,0.7835230358799843,0.0,0.0,0.2254019026143623,0.8353136690420014,0.21668675883539654,0.0,309.856268185197,0.0,0.0,0.0,0.0,0.019954192484523375
3492.0,0.8400197232177765,0.124288436,0.17965942,0.0,0.0,0.13153402784584672,0.4569134793201329,0.0,0.0,0.2932786472456189,0.6099108182380341,0.04170643119382198,0.0,309.96244116237193,0.0,0.0,0.0,0.0,0.019954237558179568
3493.0,0.9015407261825769,0.438641933,0.088707849,0.0,0.0,0.4642132613976897,0.22560360002049976,0.0,0.0,0.2266631090514592,0.31663147866434804,0.01493924428707175,0.0,309.9828737777914,0.0,0.0,0.0,0.0,0.019954237785805542
3494.0,0.9627597987116642,0.619589416,0.085357343,0.0,0.0,0.6557093654081857,0.21708252523386745,0.0,0.0,0.08996790806961105,0.08996801019499848,0.0,0.0,309.99019047139336,0.0,0.0,0.0,0.0,0.01995426043648519
3495.0,1.0193835328362104,0.727955942,0.106146237,0.0,0.0,0.7703932902138827,0.2699532619241976,0.0,0.0,0.0,0.0,0.020963019301869824,0.0,309.99018693521134,0.0,-1.1102230246251565e-16,0.0,0.0,0.019954238241057496
3496.0,1.0671163792367802,0.7769187,0.115739525,0.0,0.0,0.8222104099834279,0.29435110645803875,0.0,0.0,0.0,0.0,0.049445137204686435,0.0,310.00045527848715,0.0,-1.1102230246251565e-16,5.551115123125783e-17,0.0,0.019954238468683473
3497.0,1.105817008773252,0.790375325,0.132338626,0.0,0.0,0.8364515103176626,0.3365662766478139,0.0,0.0,0.0,0.0,0.06720077819222456,0.0,310.02467985941826,0.0,-1.1102230246251565e-16,0.0,0.0,0.019954238696309457
3498.0,1.135813048088634,0.786136758,0.154565213,0.0,0.0,0.8319658493201707,0.39309338332322036,0.0,0.0,0.0,0.0,0.08924618455475691,0.0,310.05760470415686,0.0,-1.1102230246251565e-16,0.0,0.0,0.019954238923935445
3499.0,1.1561815750709237,0.777767224,0.173800022,0.0,0.0,0.8231084000381411,0.4420117395343681,0.0,0.0,0.0,0.0,0.10893856450158562,0.0,310.10133179763756,0.0,0.0,0.0,0.0,0.01995423915156143
3500.0,1.1704001431073412,0.76959684,0.193361864,0.0,0.0,0.8144617105217707,0.491761812701312,0.0,0.0,0.0,0.0,0.13582338011574147,0.0,310.15470815679345,0.0,0.0,5.551115123125783e-17,0.0,0.01995423937918742
3501.0,1.174612179753069,0.74514708,0.208684431,0.0,0.0,0.7885866129168394,0.5307304757421136,0.0,0.0,0.0,0.0,0.14470490890588392,0.0,310.22125807499134,0.0,0.0,0.0,0.0,0.019954239606813414
3502.0,1.1670489294059867,0.689036482,0.220763349,0.0,0.0,0.7292049584580199,0.5614498248850784,0.0,0.0,0.0,0.0,0.1236058539371116,0.0,310.2921599415372,0.0,-1.1102230246251565e-16,1.1102230246251565e-16,0.0,0.019954239834439412
3503.0,1.144491942102429,0.589178983,0.238497032,0.0,0.0,0.6235261079004137,0.6065504870195232,0.0,0.0,0.0,0.0,0.08558465281750766,0.0,310.35272327033965,0.0,-1.1102230246251565e-16,0.0,0.0,0.01995424006206541
3504.0,1.1188642580271513,0.432811995,0.295167916,0.0,0.0,0.4580434578993855,0.7506770281415398,0.0,0.0,0.0,0.0,0.0898562280137739,0.0,310.3946562099025,0.0,0.0,0.0,0.0,0.019954240289691415
3505.0,1.0899067737565982,0.209517996,0.427155529,0.0,0.0,0.22173218045860682,1.0848613521333879,0.0,0.0,0.0,0.0,0.21668675883539654,0.0,310.43868222083324,0.0,-2.7755575615628914e-17,0.001489249278004534,0.0,1.05e-08
3506.0,1.0467906792666484,0.025178975,0.501161762,0.0,0.0,0.02664682335193178,1.2368306147501131,0.0,0.0,0.0,0.0,0.21668675883539654,0.0,310.5448551913644,0.0,-3.469446951953614e-18,0.03773413881320309,0.0,1.05e-08
3507.0,0.9900705843647468,0.0,0.535605175,0.0,0.0,0.0,1.2067573432001433,0.0,0.0,0.0,0.0,0.21668675883539654,0.0,310.6510281606843,0.0,0.0,0.1554045966030615,0.0,1.05e-08
3508.0,0.9296480942617962,0.0,0.543940088,0.0,0.0,0.0,1.1463348530971926,0.0,0.0,0.0,0.0,0.21668675883539654,0.0,310.7572011287931,0.0,0.0,0.2370246064278314,0.0,1.05e-08
3509.0,0.8747031790138389,0.0,0.535271216,0.0,0.0,0.0,1.0913899378492355,0.0,0.0,0.0,0.0,0.21668675883539654,0.0,310.86337409569074,0.0,0.0,0.2699226706545568,0.0,1.05e-08
3510.0,0.8307755126434972,0.0,0.52233248,0.0,0.0,0.0,1.281734456535736,0.0,0.2342721850568423,0.0,0.0,0.21668675883539654,0.0,310.9695470613772,0.0,0.0,0.046672096255727435,0.0,1.05e-08
3511.0,0.7980663821079133,0.0,0.502020869,0.0,0.0,0.0,1.2767496519030654,0.0,0.2619965109597556,0.0,0.2108449665511581,0.21668675883539654,0.0,311.07572002585255,0.0,0.0,0.0,0.0,1.050001191887853e-08
3512.0,0.777164658824258,0.0,0.469990813,0.0,0.0,0.0,1.195290164113454,0.0,0.20143874645379928,0.0,0.4466415870784913,0.21668675883539654,0.0,311.18189298911676,0.0,0.0,0.0,0.0,1.0500023837770588e-08
3513.0,0.7672523468603157,0.0,0.424133243,0.0,0.0,0.0,1.0786642623830212,0.0,0.09472515668730874,0.0,0.6279359518906459,0.21668675883539654,0.0,311.28806595116976,0.0,0.0,0.0,0.0,1.0500035756676175e-08
3514.0,0.7635649411135219,0.0,0.384230351,0.0,0.0,0.0,0.9771824184660393,0.0,0.0,0.003069281482879118,0.7131878801202868,0.21668675883539654,0.0,311.39423891201164,0.0,0.0,1.1102230246251565e-16,0.0,1.1666719639550327e-08
3515.0,0.7762845637244135,0.0,0.336443798,0.0,0.0,0.0,0.8556506880622234,0.0,0.0,0.13732063449758666,0.7101177890764492,0.21668675883539654,0.0,311.5004118716423,0.0,0.0,0.0,0.0,1.1666732882808823e-08
3516.0,0.8164477357260771,0.106127048,0.208298222,0.0,0.0,0.1123138928776086,0.529748261183396,0.0,0.0,0.2932786472456189,0.5727963485028567,0.11889306558054642,0.0,311.6065848300618,0.0,0.0,1.1102230246251565e-16,0.0,0.01995424302120363
3517.0,0.8762706476588173,0.450789716,0.145102576,0.0,0.0,0.4770692187080489,0.3690278130613692,0.0,0.0,0.24686037472479586,0.2795170510589187,0.21668675883539654,0.0,311.6648388775754,0.0,-5.551115123125783e-17,0.0,0.0,1.1666759369370917e-08
3518.0,0.9367873571885154,0.645740552,0.171999561,0.0,0.0,0.68338502343018,0.4374327706170121,0.0,0.0,0.03265632197671981,0.03265635904593265,0.21668675883539654,0.0,311.7710118341192,0.0,0.0,0.0,0.0,1.1666772612674513e-08
3519.0,0.9925245721613936,0.767091061,0.188685546,0.0,0.0,0.8118098531537891,0.3974014778430011,0.0,0.0,0.0,0.0,0.21668675883539654,0.0,311.87718478945186,0.0,-1.1102230246251565e-16,0.08246742811405355,0.0,1.05e-08
3520.0,1.0431054148704624,0.810955126,0.193130498,0.0,0.0,0.8582310435141056,0.4015611301917534,0.0,0.0,0.0,0.0,0.21668675883539654,0.0,311.98335774357344,0.0,0.0,0.08961226780769455,0.0,1.05e-08
3521.0,1.0817418038886975,0.826931649,0.206035677,0.0,0.0,0.8751389433058595,0.42328961941823456,0.0,0.0,0.0,0.0,0.21668675883539654,0.0,312.0895306964838,0.0,0.0,0.10070449145081467,0.0,1.05e-08
3522.0,1.1088641506882855,0.824610301,0.227334768,0.0,0.0,0.8726822686360463,0.4528686408876357,0.0,0.0,0.0,0.0,0.21668675883539654,0.0,312.19570364818304,0.0,0.0,0.12529375002576704,0.0,1.05e-08
3523.0,1.1280506521350175,0.816746006,0.247440672,0.0,0.0,0.8643595120642447,0.4803778989061695,0.0,0.0,0.0,0.0,0.21668675883539654,0.0,312.30187659867113,0.0,-1.1102230246251565e-16,0.14891823468277227,0.0,1.05e-08
3524.0,1.140468344310196,0.810758649,0.264253132,0.0,0.0,0.8580231125752283,0.49913199057036417,0.0,0.0,0.0,0.0,0.21668675883539654,0.0,312.408049547948,0.0,0.0,0.17292193214274687,0.0,1.05e-08
3525.0,1.1448067206417896,0.793260566,0.280269175,0.0,0.0,0.8395049510258229,0.5655495967809254,0.0,0.04356106832956215,0.0,0.0,0.21668675883539654,0.0,312.51422249601376,0.0,0.0,0.14723665119556917,0.0,1.05e-08
3526.0,1.1376588923126387,0.752926961,0.296187613,0.0,0.0,0.7968200344403943,0.7532703422250557,0.0,0.19574472551741487,0.0,0.03920496149660593,0.21668675883539654,0.0,312.62039544286836,0.0,0.0,1.1102230246251565e-16,0.0,1.050001191887853e-08
3527.0,1.1215944800522164,0.667991935,0.318881711,0.0,0.0,0.7069335861551193,0.8109864323538788,0.0,0.1796387796213852,0.0,0.2153751699595514,0.21668675883539654,0.0,312.7265683885118,0.0,0.0,0.0,0.0,1.0500023837770588e-08
3528.0,1.1017805628773714,0.525729216,0.367330043,0.0,0.0,0.5563774359242815,0.9342012125272586,0.0,0.17211132673877225,0.0,0.37704982713998136,0.21668675883539654,0.0,312.83274133294407,0.0,0.0,0.0,0.0,1.0500035756676175e-08
3529.0,1.0775940077612065,0.255306825,0.452246192,0.0,0.0,0.27019034199436476,1.1501616842356546,0.0,0.12607125963341623,0.0,0.5319495932043061,0.21668675883539654,0.0,312.9389142761652,0.0,0.0,0.0,0.0,1.0500047675595293e-08
3530.0,1.0372145593481454,0.028705279,0.515810039,0.0,0.0,0.030378698846196754,1.3118185486057088,0.0,0.0882959292683635,0.0,0.6454131230424389,0.21668675883539654,0.0,313.0450872181752,0.0,0.0,0.0,0.0,1.050005959452794e-08
3531.0,0.9855030835181084,0.0,0.534850368,0.0,0.0,0.0,1.360242299338011,0.0,0.15805245698450607,0.0,0.7248787267561677,0.21668675883539654,0.0,313.151260158974,0.0,0.0,0.0,0.0,1.0500071513474118e-08
3532.0,0.9258279247773129,0.0,0.527518546,0.0,0.0,0.0,1.3415958609838412,0.0,0.19908117737113198,0.0,0.8671251152106342,0.21668675883539654,0.0,313.25743309856165,0.0,0.0,2.220446049250313e-16,0.0,1.0500083432433824e-08
3533.0,0.8697480937071717,0.0,0.514468207,0.0,0.0,0.0,1.3084059742592975,0.0,0.2219711217167293,0.0,1.046297190544921,0.21668675883539654,0.0,313.3636060369381,0.0,0.0,0.0,0.0,1.050009535140706e-08
3534.0,0.823148021778178,0.0,0.49830285,0.0,0.0,0.0,1.2672939106039542,0.0,0.2274591299903798,0.0,1.2460700124066475,0.21668675883539654,0.0,313.46977897410346,0.0,0.0,2.220446049250313e-16,0.0,1.0500107270393827e-08
3535.0,0.7925888072529199,0.0,0.472555748,0.0,0.0,0.0,1.2018133588063902,0.0,0.19253779271807356,0.0,1.4507818149465361,0.21668675883539654,0.0,313.5759519100576,0.0,0.0,0.0,0.0,1.0500119189394123e-08
3536.0,0.7740232974824772,0.0,0.446767011,0.0,0.0,0.0,1.1362269200327269,0.0,0.14551686371485306,0.0,1.6240641815668406,0.21668675883539654,0.0,313.6821248448007,0.0,0.0,0.0,0.0,1.0500131108407949e-08
3537.0,0.7694001215200337,0.0,0.390786608,0.0,0.0,0.0,0.9938564241885722,0.0,0.0077695438331420175,0.0,1.7550275153862338,0.21668675883539654,0.0,313.7882977783325,0.0,0.0,1.1102230246251565e-16,0.0,1.0500143027435302e-08
3538.0,0.7716228434510278,0.0,0.326560354,0.0,0.0,0.0,0.8305149129066223,0.0,0.0,0.0,1.7620181126516783,0.058892069455594435,0.0,313.89447071065325,0.0,0.0,0.0,0.0,0.019954248028976995
3539.0,0.7847857256377535,2.58e-06,0.253321005,0.0,0.0,2.7304051990990097e-06,0.644251115691138,0.0,0.0,0.14053187954141633,1.7620161125320581,0.0,0.0,313.9233242439667,0.0,-4.235164736271502e-22,1.1102230246251565e-16,0.0,0.022170564788430578
3540.0,0.8237454585977806,0.126519429,0.140046796,0.0,0.0,0.13389508012737908,0.3561698508655815,0.0,0.0,0.2932786472456189,1.621482232873292,0.0,0.04040188035920117,313.9233206629178,0.0,-2.7755575615628914e-17,0.0,0.0,0.04072295609026364
3541.0,0.8857953751627308,0.489191104,0.124292453,0.0,0.0,0.5177092766335598,0.31610308634784684,0.0,0.0,0.05198301218132401,1.3282017450345458,0.0,0.0,313.8829152015096,0.0,0.0,5.551115123125783e-17,0.0,0.022170615121462695
3542.0,0.9544899026639767,0.67659204,0.14684351,0.0,0.0,0.7160350479399245,0.3734553917054877,0.0,0.0,0.0,1.276217225171575,0.13500053698143546,0.0,313.8829116209217,0.0,0.0,0.0,0.0,0.01995424893948138
3543.0,1.013646854557662,0.774063629,0.170239404,0.0,0.0,0.8191888980833516,0.43295630364957066,0.0,0.021811588339863734,0.0,1.2762157764991164,0.21668675883539654,0.0,313.94905830345465,0.0,0.0,5.551115123125783e-17,0.0,0.019953598909148173
3544.0,1.062769437502755,0.815736937,0.180707237,0.0,0.0,0.8632916177836827,0.4595783087577476,0.0,0.04341373020327877,0.0,1.2958447573341794,0.21668675883539654,0.0,314.0552312339415,0.0,0.0,0.0,0.0,0.019953621559102616
3545.0,1.0983201402950145,0.825628917,0.19014264,0.0,0.0,0.8737602664741414,0.48357461695866255,0.0,0.042327984302392915,0.0,1.3349156435648708,0.21668675883539654,0.0,314.1614041632172,0.0,-1.1102230246251565e-16,0.0,0.0,0.019953644209082765
3546.0,1.124618067110563,0.815398805,0.205006488,0.0,0.0,0.8629337738415191,0.5213766565386945,0.0,0.043005604434254156,0.0,1.3730093141342299,0.21668675883539654,0.0,314.26757709128174,0.0,0.0,1.1102230246251565e-16,0.0,0.01995366685908863
3547.0,1.1444876594012134,0.800017401,0.219834297,0.0,0.0,0.8466556864573943,0.5590870410032798,0.0,0.04456830922406408,0.0,1.4117127995809962,0.21668675883539654,0.0,314.3737500181351,0.0,-1.1102230246251565e-16,0.0,0.0,0.0199536895091202
3548.0,1.162243738641872,0.785032562,0.231264631,0.0,0.0,0.8307972824600061,0.5881568981681933,0.0,0.040023683150930765,0.0,1.4518226754051036,0.21668675883539654,0.0,314.4799229437773,0.0,0.0,0.0,0.0,0.019953712159177482
3549.0,1.175562939422974,0.761444048,0.239148889,0.0,0.0,0.8058336385589907,0.6082083029575308,0.0,0.021792243258150715,0.0,1.4878423422334675,0.21668675883539654,0.0,314.58609586820836,0.0,-1.1102230246251565e-16,-1.1102230246251565e-16,0.0,0.01995373480926048
3550.0,1.1752353127799662,0.713311918,0.246290441,0.0,0.0,0.7548955695684056,0.6263708427902077,0.0,0.0,0.0,1.5074536722713254,0.20603109957864738,0.0,314.6922687914283,0.0,0.0,1.1102230246251565e-16,0.0,0.01995425076049027
3551.0,1.16293753623883,0.639834749,0.257715875,0.0,0.0,0.6771349322611667,0.6554282381757797,0.0,0.0,0.0,1.5074519611154382,0.16962563419811658,0.0,314.7932204404012,0.0,-1.1102230246251565e-16,1.1102230246251565e-16,0.0,0.019954250988116394
3552.0,1.1485947698671544,0.508936332,0.291304629,0.0,0.0,0.5386055840709999,0.7408518383196967,0.0,0.0,0.0,1.5074502499614937,0.13086265252354223,0.0,314.87633341018613,0.0,0.0,0.0,0.0,0.01995425121574252
3553.0,1.123487433989595,0.262247725,0.378081054,0.0,0.0,0.2775358727875532,0.961543401666125,0.0,0.0,0.0,1.5074485388094914,0.11559184046408329,0.0,314.94045251800236,0.0,0.0,1.1102230246251565e-16,0.0,0.01995425144336865
3554.0,1.0755233217233728,0.029064642,0.449624776,0.0,0.0,0.030759011483236995,1.1434948459184349,0.0,0.0,0.0,1.5074468276594317,0.09873053567829909,0.0,314.9970889271781,0.0,0.0,0.0,0.0,0.01995425167099478
3555.0,1.0087153241076816,0.0,0.457424138,0.0,0.0,0.0,1.1633303414794092,0.0,0.0,0.0,1.5074451165113143,0.15461501737172756,0.0,315.04546329636264,0.0,0.0,0.0,0.0,0.019954251898620913
3556.0,0.9416824846781615,0.0,0.42394951,0.0,0.0,0.0,1.078196988892458,0.0,0.0,0.0,1.507443405365139,0.13651450421429656,0.0,315.12122106102515,0.0,0.0,0.0,0.0,0.01995425212624705
3557.0,0.8837610920852313,0.0,0.388715614,0.0,0.0,0.0,0.988589430260889,0.0,0.0,0.0,1.5074416942209063,0.10482833817565758,0.0,315.1881095733763,0.0,0.0,0.0,0.0,0.019954252353873186
3558.0,0.8384051448594242,0.0,0.36416864,0.0,0.0,0.0,0.9261610683240595,0.0,0.0,0.0,1.507439983078616,0.08775592346463534,0.0,315.2394718636055,0.0,0.0,0.0,0.0,0.019954252581499334
3559.0,0.8101714370943393,0.0,0.334836745,0.0,0.0,0.0,0.8515635982915791,0.0,0.0,0.0,1.507438271938268,0.04139216119723992,0.0,315.28246867004043,0.0,0.0,1.1102230246251565e-16,0.0,0.019954252809125474
3560.0,0.8008587033006074,0.0,0.304867699,0.0,0.0,0.0,0.7753457129184375,0.0,0.0,0.025512990382169906,1.5074365607998623,0.0,0.0,315.30274723247385,0.0,0.0,1.1102230246251565e-16,0.0,0.022171093290967035
3561.0,0.8169723666250112,0.0,0.281383516,0.0,0.0,0.0,0.7156202625996025,0.0,0.0,0.1013521040254086,1.4819218592812293,0.0,0.0,315.30274363568924,0.0,0.0,0.0,0.0,0.02217111845806873
3562.0,0.8576687349280405,0.0,0.265600366,0.0,0.0,0.0,0.6754802355354409,0.0,0.0,0.18218849939259954,1.3805680730818606,0.0,0.0,315.30274003890474,0.0,0.0,1.1102230246251565e-16,0.0,0.022171143625198994
3563.0,0.909412331017196,1.63e-06,0.236802719,0.0,0.0,1.7250234397408474e-06,0.6022414758477886,0.0,0.0,0.2932786472456189,1.1983780065650242,0.0,0.01389048290034865,315.30273644212025,0.0,-2.117582368135751e-22,1.1102230246251565e-16,0.0,0.04072296677475526
3564.0,0.9625649358063458,0.11181243,0.165549341,0.0,0.0,0.11833071325422252,0.4210284403426501,0.0,0.0,0.2932786472456189,0.9050979990045787,0.0,0.1299271349638543,315.2888423624355,0.0,0.0,5.551115123125783e-17,0.0,0.04072296723929844
3565.0,1.0190923091535369,0.490662984,0.150155122,0.0,0.0,0.51926696221668,0.38187755048279143,0.0,0.0,0.11794779645406546,0.6118183243550681,0.0,0.0,315.1589116308457,0.0,-1.1102230246251565e-16,5.551115123125783e-17,0.0,0.022171219126761187
3566.0,1.0805811918592187,0.673209828,0.179147824,0.0,0.0,0.7124556645177326,0.45561237800094656,0.0,0.0,0.0,0.49386983340766816,0.08748685065946032,0.0,315.15890803570187,0.0,0.0,-5.551115123125783e-17,0.0,0.019954254402508555
3567.0,1.137956540047136,0.775706947,0.196773516,0.0,0.0,0.820928015917062,0.500438395234805,0.0,0.0,0.0,0.4938692728012042,0.1834098711047311,0.0,315.20177299738134,0.0,0.0,0.0,0.0,0.01995425463013472
3568.0,1.1890812858106101,0.826133359,0.206883724,0.0,0.0,0.8742941157219878,0.5261508811925701,0.0,0.0,0.0,0.49386871219537654,0.21136371110394794,0.0,315.2916402385899,0.0,0.0,1.1102230246251565e-16,0.0,0.01995425485776089
3569.0,1.2347541529263855,0.835556355,0.216511718,0.0,0.0,0.8842664402450457,0.5506369907292332,0.0,0.0,0.0,0.49386815159018527,0.20014927804789356,0.0,315.395204860373,0.0,-1.1102230246251565e-16,1.1102230246251565e-16,0.0,0.019954255085387056
3570.0,1.2721121556317077,0.832069772,0.227968329,0.0,0.0,0.8805766013495844,0.5797736760932811,0.0,0.0,0.0,0.4938675909856304,0.18823812181115768,0.0,315.4932744087772,0.0,-1.1102230246251565e-16,0.0,0.0,0.01995425531301323
3571.0,1.2973479725457409,0.826670698,0.237593189,0.0,0.0,0.8748627797527161,0.6042518151776062,0.0,0.0,0.0,0.4938670303817118,0.18176662238458133,0.0,315.5855074895067,0.0,0.0,0.0,0.0,0.019954255540639405
3572.0,1.314104041052513,0.825706447,0.241518836,0.0,0.0,0.8738423162086709,0.6142356002157224,0.0,0.0010737792246906942,0.0,0.49386646977842963,0.1729000961471894,0.0,315.674569534465,0.0,-1.1102230246251565e-16,0.0,0.0,0.019954255768265584
3573.0,1.319853567434709,0.819007843,0.241937901,0.0,0.0,0.8667532064457618,0.6153013748197553,0.0,0.16220101383080823,0.0,0.49483231047800535,0.0,0.0,315.759286980551,0.0,-1.1102230246251565e-16,1.1102230246251565e-16,0.0,0.019954278418965646
3574.0,1.3093031329896143,0.788858929,0.241259569,0.0,0.0,0.8348467136035956,0.6135762271249995,0.0,0.1391198077389808,0.0,0.6408126612267322,0.0,0.0,315.7592833785585,0.0,-1.1102230246251565e-16,0.0,0.0,0.019954301069691417
3575.0,1.2834077800883497,0.71753585,0.248092205,0.0,0.0,0.7593657423953205,0.6309531255235805,0.0,0.10691108783055152,0.0,0.7660197607861388,0.0,0.0,315.7592797765661,0.0,1.1102230246251565e-16,0.0,0.0,0.019954323720442903
3576.0,1.2534074580717518,0.5817337,0.273168855,0.0,0.0,0.6156467902988775,0.6947285702021463,0.0,0.056967902429271904,0.0,0.8622388703016242,0.0,0.0,315.75927617457364,0.0,-1.1102230246251565e-16,0.0,0.0,0.0199543463712201
3577.0,1.218995953802892,0.291137721,0.34904482,0.0,0.0,0.30811005700474303,0.8876978626830114,0.0,0.0,0.023188034115137545,0.91350900373476,0.0,0.0,315.75927257258127,0.0,0.0,1.1102230246251565e-16,0.0,0.02217152113558112
3578.0,1.155342165632629,0.03032079,0.407863698,0.0,0.0,0.03208838862666251,1.0372872256937928,0.0,0.0,0.0859665513121738,0.890319932668147,0.0,0.0,315.75926897058895,0.0,-6.938893903907228e-18,0.0,0.0,0.022171546303168473
3579.0,1.079244989079893,1.73e-08,0.410662125,0.0,0.0,1.8308530986206536e-08,1.0444042419748951,0.0,0.0,0.034840728796466804,0.8043523707271081,0.0,0.0,315.75926536859663,0.0,0.0,0.0,0.0,0.02217157147078439
3580.0,1.0043448275169695,0.0,0.39313395,0.0,0.0,0.0,0.9998262319524752,0.0,0.0,0.004518595564494307,0.7695107288861347,0.0,0.0,315.75926176660437,0.0,0.0,0.0,0.0,0.02217159663842889
3581.0,0.9394190770856173,0.0,0.375992448,0.0,0.0,0.0,0.9562316165429796,0.0,0.01681253945736233,0.0,0.7649912598269266,0.0,0.0,315.75925816461216,0.0,0.0,1.1102230246251565e-16,0.0,0.019954459625491753
3582.0,0.8905063465000981,0.0,0.363017708,0.0,0.0,0.0,0.9232339947279137,0.0,0.03272764822781568,0.0,0.780121676974024,0.0,0.0,315.75925456262,0.0,0.0,1.1102230246251565e-16,0.0,0.019954482276423217
3583.0,0.8598550538987004,0.0,0.354824887,0.0,0.0,0.0,0.9023978462612369,0.0,0.04254279236253638,0.0,0.809575674839539,0.0,0.0,315.75925096062787,0.0,0.0,0.0,0.0,0.019954504927380403
3584.0,0.846850631656959,0.0,0.346870746,0.0,0.0,0.0,0.8821687136095065,0.0,0.035318081952547646,0.0,0.8478632689921859,0.0,0.0,315.75924735863583,0.0,0.0,1.1102230246251565e-16,0.0,0.019954527578363287
3585.0,0.8580798742447562,0.0,0.326212809,0.0,0.0,0.0,0.8296310294165703,0.0,0.0,0.028448844828185955,0.8796485803144463,0.0,0.0,315.75924375664374,0.0,0.0,0.0,0.0,0.02217172247707988
3586.0,0.8959796386538756,0.0,0.303296625,0.0,0.0,0.0,0.7713501256700238,0.0,0.0,0.12462951298385179,0.8511987369707673,0.0,0.0,315.75924015465176,0.0,0.0,0.0,0.0,0.022171747644895778
3587.0,0.9433034870883374,6.85e-06,0.260570564,0.0,0.0,7.249331633266751e-06,0.6626883411159257,0.0,0.0,0.28060789664077845,0.7265682577656932,0.0,0.0,315.75923655265973,0.0,-8.470329472543003e-22,0.0,0.0,0.022171772812740253
3588.0,0.9890598668778208,0.142235715,0.178088393,0.0,0.0,0.15052757198975392,0.4529180116030721,0.0,0.0,0.2932786472456189,0.44595953637548835,0.0,0.09233563603937592,315.75923295066787,0.0,-2.7755575615628914e-17,0.0,0.0,0.04072297838833629
3589.0,1.0358440949590932,0.487366499,0.144456847,0.0,0.0,0.5157783033861559,0.3673855819771994,0.0,0.0,0.1526802095957379,0.15268038290782096,0.0,0.0,315.6668937126366,0.0,0.0,5.551115123125783e-17,0.0,0.02217182314851491
3590.0,1.0874891889202856,0.669718453,0.15976446,0.0,0.0,0.7087607542650177,0.40631621370202686,0.0,0.0,0.0,0.0,0.027587779046759076,0.0,315.6668901116981,0.0,0.0,0.0,0.0,0.019954259865537227
3591.0,1.1326095875792241,0.76234957,0.16803783,0.0,0.0,0.8067919494026724,0.4273572160185366,0.0,0.0,0.0,0.0,0.10153957784198485,0.0,315.6804045224925,0.0,-1.1102230246251565e-16,5.551115123125783e-17,0.0,0.019954260093163458
3592.0,1.17244513293788,0.810522778,0.172082565,0.0,0.0,0.857773491100532,0.4376438680726172,0.0,0.0,0.0,0.0,0.12297222623526934,0.0,315.7301553145424,0.0,0.0,0.0,0.0,0.01995426032078968
3593.0,1.2098866483169102,0.818734395,0.1813879,0.0,0.0,0.8664638173601482,0.46130938469896166,0.0,0.0,0.0,0.0,0.1178865537421997,0.0,315.7904081037375,0.0,-1.1102230246251565e-16,0.0,0.0,0.01995426054841591
3594.0,1.2395165166783422,0.811520141,0.194595583,0.0,0.0,0.8588289969612255,0.4948994318742635,0.0,0.0,0.0,0.0,0.11421191215714666,0.0,315.8481689127237,0.0,-1.1102230246251565e-16,5.551115123125783e-17,0.0,0.01995426077604215
3595.0,1.2627458880727784,0.800592869,0.207523075,0.0,0.0,0.8472647022787568,0.5277768916178338,0.0,0.0,0.0,0.0,0.1122957058238123,0.0,315.9041291466742,0.0,-1.1102230246251565e-16,0.0,0.0,0.01995426100366839
3596.0,1.2778381271572168,0.792231748,0.218384512,0.0,0.0,0.8384161564459288,0.555399918398653,0.0,0.0,0.0,0.0,0.11597794768736497,0.0,315.95915043888317,0.0,0.0,0.0,0.0,0.019954261231294627
3597.0,1.2836968624204153,0.775731802,0.227239176,0.0,0.0,0.8209543198787767,0.5779192794009912,0.0,0.0,0.0,0.0,0.11517673685935256,0.0,316.01597602897755,0.0,0.0,0.0,0.0,0.019954261458920868
3598.0,1.2731442866247127,0.736568609,0.236895751,0.0,0.0,0.7795080463204362,0.6024780767162993,0.0,0.0,0.0,0.0,0.10884183641202298,0.0,316.072409025118,0.0,0.0,1.1102230246251565e-16,0.0,0.019954261686547115
3599.0,1.2473474358514114,0.653280931,0.252986496,0.0,0.0,0.6913649808041246,0.6434003856205752,0.0,0.0,0.0,0.0,0.0874179305732884,0.0,316.1257379193954,0.0,0.0,0.0,0.0,0.019954261914173363
3600.0,1.2187475571323763,0.532400745,0.295825211,0.0,0.0,0.563437892307049,0.7523486741113962,0.0,0.0,0.0,0.0,0.09703900928606876,0.0,316.16856909920364,0.0,-1.1102230246251565e-16,0.0,0.0,0.019954262141799614
3601.0,1.1863403570325055,0.276538891,0.37726802,0.0,0.0,0.2926601650153002,0.9594756771140498,0.0,0.018945700560751448,0.0,0.0,0.04684978453609293,0.0,316.21611460709244,0.0,-5.551115123125783e-17,1.1102230246251565e-16,0.0,0.01995426236942587
3602.0,1.1315753152356114,0.031155901,0.425268716,0.0,0.0,0.03297218374923025,1.0815520203369546,0.0,0.0,0.017051111149426534,0.017051130504676305,0.0,0.0,316.23906739431146,0.0,-6.938893903907228e-18,0.0,0.0,0.022171427800148247
3603.0,1.0599043103893924,2.47e-07,0.447876937,0.0,0.0,2.6139925743312225e-07,1.139049706338326,0.0,0.0,0.0,0.0,0.07914565734819094,0.0,316.23906378684586,0.0,-5.293955920339377e-23,-2.220446049250313e-16,0.0,0.019954262824678378
3604.0,0.9881048245066999,0.0,0.457391067,0.0,0.0,0.0,1.163246234641735,0.0,0.0,0.0,0.0,0.17514141013503498,0.0,316.277841551481,0.0,0.0,0.0,0.0,0.019954263052304643
3605.0,0.9268086633557284,0.0,0.458360368,0.0,0.0,0.0,1.1657113805963333,0.0,0.0222159584052084,0.0,0.0,0.21668675883539654,0.0,316.3636572345393,0.0,0.0,2.220446049250313e-16,0.0,0.019954218433842364
3606.0,0.8806347201977057,0.0,0.455099559,0.0,0.0,0.0,1.1574184250385986,0.0,0.06009694600549627,0.0,0.019994362564687562,0.21668675883539654,0.0,316.4698301374819,0.0,0.0,0.0,0.0,0.019954241084500047
3607.0,0.8505294720013212,0.0,0.445599265,0.0,0.0,0.0,1.1332570847308978,0.0,0.10055235662999897,0.0,0.07408159127343343,0.18217525609957735,0.0,316.5760030392133,0.0,0.0,-2.220446049250313e-16,0.0,0.01995426373518344
3608.0,0.8395165058249213,0.0,0.431085054,0.0,0.0,0.0,1.0963442490577304,0.0,0.25682774323280905,0.0,0.1645786281481958,0.0,0.0,316.6652653033929,0.0,0.0,0.0,0.0,0.019954286385892545
3609.0,0.8511847252873368,0.0,0.405321667,0.0,0.0,0.0,1.0308222809180074,0.0,0.17963755563067066,0.0,0.39572341023958574,0.0,0.0,316.66526169106555,0.0,0.0,0.0,0.0,0.019954309036627364
3610.0,0.8905234773049612,0.0,0.36994564,0.0,0.0,0.0,0.9408532518457052,0.0,0.05032977454074405,0.0,0.5573967611096747,0.0,0.0,316.66525807873825,0.0,0.0,0.0,0.0,0.01995433168738789
3611.0,0.936391207326055,5.51e-06,0.295263812,0.0,0.0,5.831214204277342e-06,0.7509209127929145,0.0,0.0,0.1854644633189361,0.6026929254785589,0.0,0.0,316.665254466411,0.0,0.0,1.1102230246251565e-16,0.0,0.022171504820193477
3612.0,0.9858114380056452,0.133189588,0.198436425,0.0,0.0,0.14095408664381978,0.5046675391170616,0.0,0.0,0.2932786472456189,0.4172277780248023,0.0,0.046911164999144835,316.66525085408375,0.0,0.0,0.0,0.0,0.04072298953737718
3613.0,1.0367134833058982,0.479742472,0.159268605,0.0,0.0,0.5077098216191516,0.4050551452131701,0.0,0.0,0.12394851647357652,0.12394865717141575,0.0,0.0,316.61833607675743,0.0,0.0,0.0,0.0,0.022171555155359714
3614.0,1.0898767948480876,0.652153518,0.166781029,0.0,0.0,0.690171843472058,0.4241608942352256,0.0,0.0,0.0,0.0,0.024455942859195983,0.0,316.6183324649654,0.0,0.0,0.0,0.0,0.019954265328567394
3615.0,1.138200654016436,0.788387945,0.173885091,0.0,0.0,0.834348272843017,0.4422280887398385,0.0,0.0,0.0,0.0,0.1383757075664196,0.0,316.63031226517444,0.0,0.0,5.551115123125783e-17,0.0,0.019954265556193684
3616.0,1.183372445089964,0.833899056,0.17585623,0.0,0.0,0.8825125263667273,0.4472411294070833,0.0,0.0,0.0,0.0,0.1463812106838465,0.0,316.6981127499534,0.0,0.0,0.0,0.0,0.019954265783819976
3617.0,1.2253557651083378,0.842968806,0.184049104,0.0,0.0,0.8921110118529785,0.46807741266443464,0.0,0.0,0.0,0.0,0.13483265940907527,0.0,316.76983593048635,0.0,0.0,0.0,0.0,0.01995426601144627
3618.0,1.2610692105467973,0.838082854,0.196948748,0.0,0.0,0.8869402255183474,0.5008840488098206,0.0,0.0,0.0,0.0,0.12675506378137075,0.0,316.83590032007663,0.0,0.0,0.0,0.0,0.019954266239072566
3619.0,1.2831294045093233,0.83030678,0.209048201,0.0,0.0,0.8787108329299061,0.5316556229811077,0.0,0.0,0.0,0.0,0.12723705140169056,0.0,316.8980066870556,0.0,-1.1102230246251565e-16,0.0,0.0,0.01995426646669887
3620.0,1.2975792384113936,0.82740528,0.217349361,0.0,0.0,0.8756401853775085,0.5527673013890259,0.0,0.0,0.0,0.0,0.1308282483551409,0.0,316.9603492272601,0.0,0.0,1.1102230246251565e-16,0.0,0.01995426669432517
3621.0,1.3017313172401004,0.818380323,0.225419346,0.0,0.0,0.8660891041703592,0.5732910508501523,0.0,0.0,0.0,0.0,0.13764883778041123,0.0,317.0244514532606,0.0,0.0,0.0,0.0,0.019954266921951472
3622.0,1.2897440365371087,0.786696936,0.236877749,0.0,0.0,0.8325586837866903,0.6024322936649307,0.0,0.0,0.0,0.0,0.1452469409145124,0.0,317.0918957673483,0.0,0.0,1.1102230246251565e-16,0.0,0.019954267149577782
3623.0,1.266482544883554,0.709073145,0.264123956,0.0,0.0,0.7504096905618163,0.6717253996910247,0.0,0.0,0.0,0.0,0.15565254536928702,0.0,317.1630631512023,0.0,-1.1102230246251565e-16,0.0,0.0,0.01995426737720409
3624.0,1.2380004404479532,0.567342176,0.325985391,0.0,0.0,0.6004162895420719,0.829052655348347,0.0,0.0,0.0,0.0,0.19146850444246588,0.0,317.2393292804273,0.0,0.0,1.1102230246251565e-16,0.0,0.019954267604830402
3625.0,1.202115686960862,0.293662288,0.460069108,0.0,0.0,0.31078179764903513,1.1080206481472235,0.0,0.0,0.0,0.0,0.21668675883539654,0.0,317.3331452287282,0.0,0.0,0.062036434659734185,0.0,1.05e-08
3626.0,1.1511472597917642,0.048760235,0.562267093,0.0,0.0,0.05160279036949206,1.3162312282576687,0.0,0.0,0.0,0.0,0.21668675883539654,0.0,317.43931812061146,0.0,-6.938893903907228e-18,0.1137378419410815,0.0,1.05e-08
3627.0,1.0818253165624054,4.63e-07,0.605926594,0.0,0.0,4.899913206135044e-07,1.2985115854064815,0.0,0.0,0.0,0.0,0.21668675883539654,0.0,317.5454910112835,0.0,0.0,0.24249321287872716,0.0,1.05e-08
3628.0,1.0049979394523774,0.0,0.599351721,0.0,0.0,0.0,1.2216846982877738,0.0,0.0,0.0,0.0,0.21668675883539654,0.0,317.6516639007444,0.0,0.0,0.302598749686285,0.0,1.05e-08
3629.0,0.9398537712590199,0.0,0.574659062,0.0,0.0,0.0,1.1565405300944165,0.0,0.0,0.0,0.0,0.21668675883539654,0.0,317.7578367889941,0.0,0.0,0.3049440468972269,0.0,1.05e-08
3630.0,0.8906776545487296,0.0,0.537807587,0.0,0.0,0.0,1.3212441246355153,0.0,0.21387971125138933,0.0,0.0,0.21668675883539654,0.0,317.8640096760327,0.0,0.0,0.04651903401731272,0.0,1.05e-08
3631.0,0.8566237558313881,0.0,0.500691073,0.0,0.0,0.0,1.2733676877558697,0.0,0.2000571730890851,0.0,0.19249174012625037,0.21668675883539654,0.0,317.9701825618601,0.0,0.0,0.0,0.0,1.050001191887853e-08
3632.0,0.8436214749402545,0.0,0.46798618,0.0,0.0,0.0,1.1901919408263588,0.0,0.1298837070507079,0.0,0.372542977403278,0.21668675883539654,0.0,318.07635544647644,0.0,0.0,2.220446049250313e-16,0.0,1.0500023837770588e-08
3633.0,0.8542511393578414,0.0,0.443592976,0.0,0.0,0.0,1.1281546498710293,0.0,0.057216751677791514,0.0,0.4894378908642052,0.21668675883539654,0.0,318.18252832988156,0.0,0.0,2.220446049250313e-16,0.0,1.0500035756676175e-08
3634.0,0.8855855228031572,0.0,0.424353181,0.0,0.0,0.0,1.0792236131635966,0.0,0.0,0.023048668474957273,0.5409324117985844,0.21668675883539654,0.0,318.2887012120755,0.0,0.0,0.0,0.0,1.1666719639550327e-08
3635.0,0.9317787381166509,8.52e-06,0.385799968,0.0,0.0,9.01668693655952e-06,0.9811743002425141,0.0,0.0,0.1672821800225969,0.5178831292950186,0.21668675883539654,0.0,318.3948740930583,0.0,0.0,0.0,0.0,1.1666732882808823e-08
3636.0,0.9826101188468434,0.131275745,0.288415969,0.0,0.0,0.13892867312542476,0.73350533964363,0.0,0.0,0.2932786472456189,0.3506003614077452,0.1831025411678303,0.0,318.50104697282995,0.0,-2.7755575615628914e-17,1.1102230246251565e-16,0.0,0.01995427033634636
3637.0,1.0375186311344664,0.525849664,0.251798572,0.0,0.0,0.5565049056318091,0.6403792332200615,0.0,0.0,0.05732125111799238,0.05732131618513802,0.21668675883539654,0.0,318.5907635847334,0.0,-1.1102230246251565e-16,0.0,0.0,1.1666759369370917e-08
3638.0,1.0916027234380503,0.705457221,0.308116112,0.0,0.0,0.7465829705272632,0.5617065117461836,0.0,0.0,0.0,0.0,0.21668675883539654,0.0,318.69693646227046,0.0,0.0,0.22190063097147494,0.0,1.05e-08
3639.0,1.1456225752233973,0.817967208,0.338305051,0.0,0.0,0.865651905975078,0.4966574280837158,0.0,0.0,0.0,0.0,0.21668675883539654,0.0,318.8031093385963,0.0,-1.1102230246251565e-16,0.3637268363427474,0.0,1.05e-08
3640.0,1.1944539344858167,0.859256874,0.355521149,0.0,0.0,0.9093486186554893,0.5017920746657238,0.0,0.0,0.0,0.0,0.21668675883539654,0.0,318.90928221371104,0.0,0.0,0.4023765192297779,0.0,1.05e-08
3641.0,1.2373644593174085,0.863313905,0.372753804,0.0,0.0,0.9136421607234375,0.5404090574293675,0.0,0.0,0.0,0.0,0.21668675883539654,0.0,319.0154550876146,0.0,0.0,0.4075859740332459,0.0,1.05e-08
3642.0,1.2729215861614918,0.858766796,0.392586919,0.0,0.0,0.9088299707798445,0.5807783742170437,0.0,0.0,0.0,0.0,0.21668675883539654,0.0,319.1216279603071,0.0,0.0,0.4176566374058436,0.0,1.05e-08
3643.0,1.2949453771636836,0.852013842,0.41888328,0.0,0.0,0.9016833425973342,0.609948793401746,0.0,0.0,0.0,0.0,0.21668675883539654,0.0,319.2278008317884,0.0,0.0,0.45536365664306344,0.0,1.05e-08
3644.0,1.3096050634253273,0.851360186,0.44722107,0.0,0.0,0.9009915806822868,0.6253002415784371,0.0,0.0,0.0,0.0,0.21668675883539654,0.0,319.3339737020585,0.0,0.0,0.5120814505085834,0.0,1.05e-08
3645.0,1.3113566882225847,0.845999729,0.477316218,0.0,0.0,0.8953186273247881,0.6327248197331933,0.0,0.0,0.0,0.0,0.21668675883539654,0.0,319.44014657111745,0.0,0.0,0.5811954628899335,0.0,1.05e-08
3646.0,1.2933200920522918,0.817147819,0.504918249,0.0,0.0,0.8647847493914792,0.645222101496209,0.0,0.0,0.0,0.0,0.21668675883539654,0.0,319.54631943896527,0.0,1.1102230246251565e-16,0.6388962259637108,0.0,1.05e-08
3647.0,1.260491045882666,0.73842648,0.535364398,0.0,0.0,0.7814742248621632,0.6957035798558994,0.0,0.0,0.0,0.0,0.21668675883539654,0.0,319.6524923056019,0.0,-1.1102230246251565e-16,0.6658460109994447,0.0,1.05e-08
3648.0,1.2237005010884356,0.603172795,0.584052616,0.0,0.0,0.638335711404295,0.8020515485195371,0.0,0.0,0.0,0.0,0.21668675883539654,0.0,319.75866517102736,0.0,0.0,0.6833229054477835,0.0,1.05e-08
3649.0,1.1885545135610682,0.340795098,0.670784916,0.0,0.0,0.3606622896925026,1.0445789827039622,0.0,0.0,0.0,0.0,0.21668675883539654,0.0,319.86483803524175,0.0,-5.551115123125783e-17,0.6613748150152061,0.0,1.05e-08
3650.0,1.1347338073822553,0.051130182,0.694517948,0.0,0.0,0.054110897195224265,1.2973096690224277,0.0,0.0,0.0,0.0,0.21668675883539654,0.0,319.9710108982449,0.0,0.0,0.4690024568374862,0.0,1.05e-08
3651.0,1.0655660413966648,7.38e-07,0.67340113,0.0,0.0,7.810228825329725e-07,1.2822520192091786,0.0,0.0,0.0,0.0,0.21668675883539654,0.0,320.0771837600369,0.0,0.0,0.43035538699534515,0.0,1.05e-08
3652.0,0.9967494569107688,0.0,0.639892539,0.0,0.0,0.0,1.2134362157461653,0.0,0.0,0.0,0.0,0.21668675883539654,0.0,320.1833566206178,0.0,0.0,0.4139514624812486,0.0,1.05e-08
3653.0,0.9340956794743924,0.0,0.600943223,0.0,0.0,0.0,1.150782438309789,0.0,0.0,0.0,0.0,0.21668675883539654,0.0,320.28952947998755,0.0,0.0,0.37754854981643615,0.0,1.05e-08
3654.0,0.8857332759951019,0.0,0.563663919,0.0,0.0,0.0,1.1024200348304984,0.0,0.0,0.0,0.0,0.21668675883539654,0.0,320.3957023381461,0.0,0.0,0.33110147157039926,0.0,1.05e-08
3655.0,0.8502682272271581,0.0,0.53787655,0.0,0.0,0.0,1.0669549860625547,0.0,0.0,0.0,0.0,0.21668675883539654,0.0,320.5018751950935,0.0,0.0,0.3009835606900144,0.0,1.05e-08
3656.0,0.8280345838653926,0.0,0.522922402,0.0,0.0,0.0,1.044721342700789,0.0,0.0,0.0,0.0,0.21668675883539654,0.0,320.6080480508297,0.0,0.0,0.28518551168102513,0.0,1.05e-08
3657.0,0.8203535592348762,0.0,0.509912393,0.0,0.0,0.0,1.0370403180702727,0.0,0.0,0.0,0.0,0.21668675883539654,0.0,320.7142209053548,0.0,0.0,0.2597792176606395,0.0,1.05e-08
3658.0,0.8204713335183104,0.0,0.491884272,0.0,0.0,0.0,1.037158092353707,0.0,0.0,0.0,0.0,0.21668675883539654,0.0,320.82039375866873,0.0,0.0,0.21381196055178853,0.0,1.05e-08
3659.0,0.8405529195191421,9.84e-06,0.461232409,0.0,0.0,1.0413638433772969e-05,1.0572292647161048,0.0,0.0,0.0,0.0,0.21668675883539654,0.0,320.92656661077154,0.0,-1.6940658945086007e-21,0.1157863487785653,0.0,1.05e-08
3660.0,0.8825726424978501,0.141594503,0.402548349,0.0,0.0,0.14984897951745751,0.9494104218157892,0.0,0.0,0.0,0.0,0.21668675883539654,0.0,321.0327394616632,0.0,-2.7755575615628914e-17,0.07435870053897042,0.0,1.05e-08
3661.0,0.9402242249141856,0.544417579,0.43208139,0.0,0.0,0.5761552667374015,0.5807557170121807,0.0,0.0,0.0,0.0,0.21668675883539654,0.0,321.13891231134363,0.0,0.0,0.5181224339602497,0.0,1.05e-08
3662.0,1.0013961877298991,0.712275003,0.455196546,0.0,0.0,0.7537982059610321,0.4642847406042636,0.0,0.0,0.0,0.0,0.21668675883539654,0.0,321.24508515981296,0.0,0.0,0.6933803437390282,0.0,1.05e-08
3663.0,1.0591998060393952,0.825579259,0.445722107,0.0,0.0,0.8737077135821347,0.40217885129265696,0.0,0.0,0.0,0.0,0.21668675883539654,0.0,321.35125800707107,0.0,1.1102230246251565e-16,0.7313906477031127,0.0,1.05e-08
3664.0,1.10686627057112,0.864444179,0.425110575,0.0,0.0,0.9148383258420447,0.40871470356447204,0.0,0.0,0.0,0.0,0.21668675883539654,0.0,321.45743085311807,0.0,-1.1102230246251565e-16,0.6724351293751663,0.0,1.05e-08
3665.0,1.144416994831153,0.869977179,0.410471586,0.0,0.0,0.9206938808678644,0.44040987279868504,0.0,0.0,0.0,0.0,0.21668675883539654,0.0,321.56360369795397,0.0,-1.1102230246251565e-16,0.6035097865284639,0.0,1.05e-08
3666.0,1.1743573590307297,0.86287097,0.403425253,0.0,0.0,0.9131734041238782,0.4778707137422481,0.0,0.0,0.0,0.0,0.21668675883539654,0.0,321.66977654157864,0.0,0.0,0.548128568643473,0.0,1.05e-08
3667.0,1.198331920436713,0.853150989,0.401616857,0.0,0.0,0.9028867813883961,0.5121318978837136,0.0,0.0,0.0,0.0,0.21668675883539654,0.0,321.7759493839921,0.0,0.0,0.5092682351317791,0.0,1.05e-08
3668.0,1.214445583761117,0.849815645,0.404811438,0.0,0.0,0.899356998210728,0.5317753443857854,0.0,0.0,0.0,0.0,0.21668675883539654,0.0,321.8821222251945,0.0,0.0,0.49774931179515003,0.0,1.05e-08
3669.0,1.2224199734249148,0.843087342,0.412878073,0.0,0.0,0.8922364580974284,0.546870274162883,0.0,0.0,0.0,0.0,0.21668675883539654,0.0,321.98829506518575,0.0,-1.1102230246251565e-16,0.5031696116912616,0.0,1.05e-08
3670.0,1.2159659426927218,0.81570909,0.420234499,0.0,0.0,0.8632621473985744,0.569390554129544,0.0,0.0,0.0,0.0,0.21668675883539654,0.0,322.0944679039657,0.0,0.0,0.49935834347038643,0.0,1.05e-08
3671.0,1.194042795169101,0.741569804,0.424662896,0.0,0.0,0.7848007939288504,0.6259287600756474,0.0,0.0,0.0,0.0,0.21668675883539654,0.0,322.2006407415347,0.0,-1.1102230246251565e-16,0.4540825265550439,0.0,1.05e-08
3672.0,1.1661795410591815,0.585087387,0.436390954,0.0,0.0,0.6191959858108738,0.7636703140837044,0.0,0.0,0.0,0.0,0.21668675883539654,0.0,322.30681357789246,0.0,0.0,0.3461680074246922,0.0,1.05e-08
3673.0,1.1394190825123278,0.332576518,0.505991084,0.0,0.0,0.3519645945137385,1.0041412468339859,0.0,0.0,0.0,0.0,0.21668675883539654,0.0,322.412986413039,0.0,0.0,0.28270553634835793,0.0,1.05e-08
3674.0,1.089848957290185,0.053003085,0.556022318,0.0,0.0,0.05609298405127393,1.2504427320743077,0.0,0.0,0.0,0.0,0.21668675883539654,0.0,322.5191592469744,0.0,0.0,0.1636444997392279,0.0,1.05e-08
3675.0,1.0286705704226478,9.41e-07,0.536989345,0.0,0.0,9.9585709005898e-07,1.245356333400954,0.0,0.0,0.0,0.0,0.21668675883539654,0.0,322.62533207969875,0.0,-2.117582368135751e-22,0.12032585560861286,0.0,1.05e-08
3676.0,0.9635756532932719,0.0,0.509111189,0.0,0.0,0.0,1.1802624121286684,0.0,0.0,0.0,0.0,0.21668675883539654,0.0,322.73150491121186,0.0,0.0,0.11451948534600764,0.0,1.05e-08
3677.0,0.9041253363663051,0.0,0.484225772,0.0,0.0,0.0,1.1208120952017016,0.0,0.0,0.0,0.0,0.21668675883539654,0.0,322.8376777415138,0.0,0.0,0.11068070523702511,0.0,1.05e-08
3678.0,0.8554374475946147,0.0,0.468422687,0.0,0.0,0.0,1.0721242064300114,0.0,0.0,0.0,0.0,0.21668675883539654,0.0,322.94385057060464,0.0,0.0,0.1191778678483959,0.0,1.05e-08
3679.0,0.8209081690423208,0.0,0.457088797,0.0,0.0,0.0,1.0375949278777175,0.0,0.0,0.0,0.0,0.21668675883539654,0.0,323.0500233984843,0.0,0.0,0.124882567571861,0.0,1.05e-08
3680.0,0.7970342511149083,0.0,0.448208258,0.0,0.0,0.0,1.073607966994918,0.0,0.05988695704461305,0.0,0.0,0.21668675883539654,0.0,323.1561962251528,0.0,0.0,0.06628436162773821,0.0,1.05e-08
3681.0,0.7839741537573616,0.0,0.435762482,0.0,0.0,0.0,1.1082399787764914,0.0,0.1075790661837334,0.0,0.05389826134015174,0.21668675883539654,0.0,323.2623690506101,0.0,0.0,2.220446049250313e-16,0.0,1.050001191887853e-08
3682.0,0.7777984986041947,0.0,0.42631194,0.0,0.0,0.0,1.0842051687638519,0.0,0.08971991132426053,0.0,0.15071935972397843,0.21668675883539654,0.0,323.3685418748563,0.0,0.0,0.0,0.0,1.0500023837770588e-08
3683.0,0.7885245237991367,1.21e-05,0.37490546,0.0,0.0,1.2805388724456595e-05,0.9534671666240206,0.0,0.0,0.05173131062178813,0.23146710882974608,0.21668675883539654,0.0,323.4747146978914,0.0,0.0,1.1102230246251565e-16,0.0,1.166670639630686e-08
3684.0,0.8267026637872824,0.109997737,0.293817987,0.0,0.0,0.11641022984260678,0.7472438613405719,0.0,0.0,0.17973533143950032,0.1797355354626987,0.21668675883539654,0.0,323.58088751971525,0.0,0.0,1.1102230246251565e-16,0.0,1.1666719639550327e-08
3685.0,0.872940847463542,0.434964347,0.313354697,0.0,0.0,0.4603212846788782,0.6293063216200604,0.0,0.0,0.0,0.0,0.21668675883539654,0.0,323.68706034032795,0.0,0.0,0.16762369667553478,0.0,1.05e-08
3686.0,0.926029211734455,0.630514929,0.36182252,0.0,0.0,0.6672717985469546,0.4754441720228969,0.0,0.0,0.0,0.0,0.21668675883539654,0.0,323.7932331597295,0.0,0.0,0.4447501963524344,0.0,1.05e-08
3687.0,0.9770490313181421,0.730093176,0.369702062,0.0,0.0,0.7726551176655458,0.42108067248799275,0.0,0.0,0.0,0.0,0.21668675883539654,0.0,323.8994059779199,0.0,0.0,0.5191531068498649,0.0,1.05e-08
3688.0,1.0213899783558074,0.77693646,0.367106557,0.0,0.0,0.822229205330845,0.41584753186035894,0.0,0.0,0.0,0.0,0.21668675883539654,0.0,324.0055787948992,0.0,-1.1102230246251565e-16,0.517785306540793,0.0,1.05e-08
3689.0,1.0601698378647713,0.791041674,0.368193316,0.0,0.0,0.8371567051913117,0.43969989150885613,0.0,0.0,0.0,0.0,0.21668675883539654,0.0,324.1117516106672,0.0,-1.1102230246251565e-16,0.4966968144138122,0.0,1.05e-08
3690.0,1.0912536832889637,0.78406055,0.372903539,0.0,0.0,0.8297686054761353,0.47817183664822493,0.0,0.0,0.0,0.0,0.21668675883539654,0.0,324.21792442522417,0.0,0.0,0.4702040039020834,0.0,1.05e-08
3691.0,1.1168620952087702,0.766286721,0.378879559,0.0,0.0,0.8109586228755552,0.5225902311686117,0.0,0.0,0.0,0.0,0.21668675883539654,0.0,324.32409723857,0.0,-1.1102230246251565e-16,0.44098394460223045,0.0,1.05e-08
3692.0,1.1390314980522989,0.753642852,0.383444245,0.0,0.0,0.7975776594436457,0.5581405974440498,0.0,0.0,0.0,0.0,0.21668675883539654,0.0,324.4302700507046,0.0,-1.1102230246251565e-16,0.41704258030544694,0.0,1.05e-08
3693.0,1.1573207735943234,0.731634209,0.38188631,0.0,0.0,0.7742859876326711,0.599721544797049,0.0,0.0,0.0,0.0,0.21668675883539654,0.0,324.53644286162813,0.0,0.0,0.37149946107521126,0.0,1.05e-08
3694.0,1.161657008575309,0.686651098,0.375783317,0.0,0.0,0.7266805147078464,0.9273864736592097,0.0,0.2757232209563505,0.0,0.0,0.21668675883539654,0.0,324.6426156713404,0.0,-1.1102230246251565e-16,0.028313276684693522,0.0,1.05e-08
3695.0,1.1492264682964832,0.611444582,0.370975693,0.0,0.0,0.6470897153696592,0.9434729035183763,0.0,0.22464939175615586,0.0,0.24815089886071542,0.21668675883539654,0.0,324.74878847984155,0.0,0.0,1.1102230246251565e-16,0.0,1.050001191887853e-08
3696.0,1.1280977618483912,0.493305951,0.386182151,0.0,0.0,0.5220640051770858,0.9821462757964092,0.0,0.15942576028970737,0.0,0.4503350697577259,0.21668675883539654,0.0,324.8549612871316,0.0,0.0,0.0,0.0,1.0500023837770588e-08
3697.0,1.1003844022810245,0.300846528,0.440996756,0.0,0.0,0.31838485433414176,1.1215518905318278,0.0,0.12286558374954866,0.0,0.5938177428296149,0.21668675883539654,0.0,324.96113409321043,0.0,0.0,0.0,0.0,1.0500035756676175e-08
3698.0,1.04861939268579,0.056393077,0.469481003,0.0,0.0,0.05968060102092666,1.1939936049856765,0.0,0.0,0.011631945514583452,0.7043960941438742,0.21668675883539654,0.0,325.06730689807813,0.0,0.0,0.0,0.0,1.1666719639550327e-08
3699.0,0.9815265954392489,1.51e-06,0.456772405,0.0,0.0,1.5980278490850793e-06,1.1616728409007155,0.0,0.0,0.0365389153460807,0.6927633490481524,0.21668675883539654,0.0,325.17347970173466,0.0,0.0,2.220446049250313e-16,0.0,1.1666732882808823e-08
3700.0,0.9178599591653386,0.0,0.455064917,0.0,0.0,0.0,1.1573303228018743,0.0,0.022783604801139,0.0,0.6562236473256113,0.21668675883539654,0.0,325.27965250418004,0.0,0.0,0.0,0.0,1.0500071513474118e-08
3701.0,0.8586451908052403,0.0,0.451265501,0.0,0.0,0.0,1.147667571002138,0.0,0.07233562136150108,0.0,0.6767281467474876,0.21668675883539654,0.0,325.3858253054143,0.0,0.0,0.0,0.0,1.0500083432433824e-08
3702.0,0.8141350770695513,0.0,0.443409585,0.0,0.0,0.0,1.1276882461617999,0.0,0.09686641025685197,0.0,0.7418294377984174,0.21668675883539654,0.0,325.4919981054374,0.0,0.0,2.220446049250313e-16,0.0,1.050009535140706e-08
3703.0,0.7870234370230029,0.0,0.43419406,0.0,0.0,0.0,1.1042511361482439,0.0,0.10054094028984441,0.0,0.8290083649567344,0.21668675883539654,0.0,325.59817090424923,0.0,0.0,0.0,0.0,1.0500107270393827e-08
3704.0,0.7761239624288214,0.0,0.42215688,0.0,0.0,0.0,1.0736379359330661,0.0,0.08082721466884818,0.0,0.9194942701853291,0.21668675883539654,0.0,325.70434370185006,0.0,0.0,0.0,0.0,1.0500119189394123e-08
3705.0,0.7909314018824098,0.0,0.390233306,0.0,0.0,0.0,0.9924492553246476,0.0,0.0,0.015168905393158823,0.9922377196417614,0.21668675883539654,0.0,325.8105164982396,0.0,0.0,0.0,0.0,1.1666812342675498e-08
3706.0,0.8222743507301572,0.0,0.357486482,0.0,0.0,0.0,0.909166868625837,0.0,0.0,0.1297942409397169,0.9770676879298,0.21668675883539654,0.0,325.91668929341813,0.0,0.0,0.0,0.0,1.1666825586039226e-08
3707.0,0.8672662683526223,4.28e-06,0.305647168,0.0,0.0,4.529509400055721e-06,0.7773280742820231,0.0,0.0,0.2932786472456189,0.8472723378912386,0.20334498268441978,0.0,326.02286208738536,0.0,0.0,0.0,0.0,0.019954286497823413
3708.0,0.9143267306623131,0.112917394,0.200367754,0.0,0.0,0.1195000928861672,0.5095793341852071,0.0,0.0,0.2932786472456189,0.5539927288813707,0.00803134365468006,0.0,326.1224974098276,0.0,-1.3877787807814457e-17,0.0,0.0,0.01995428672544995
3709.0,0.9581259159961811,0.497791184,0.154687992,0.0,0.0,0.5268107119609503,0.39340563736521517,0.0,0.0,0.2545963255054123,0.26071345278198543,0.21668675883539654,0.0,326.12642904800856,0.0,0.0,0.0,0.0,1.1666865316220604e-08
3710.0,1.0048223487025298,0.677176253,0.196105296,0.0,0.0,0.716653318564956,0.4987389645834576,0.0,0.0,0.006116824389512772,0.006116831332911522,0.21668675883539654,0.0,326.23260183958325,0.0,-1.1102230246251565e-16,5.551115123125783e-17,0.0,1.1666878559644462e-08
3711.0,1.0476793397689244,0.788655702,0.235797795,0.0,0.0,0.8346316391627439,0.4297344594415769,0.0,0.0,0.0,0.0,0.21668675883539654,0.0,326.33877462994684,0.0,0.0,0.16995127331580057,0.0,1.05e-08
3712.0,1.0847032917794153,0.838763154,0.249296933,0.0,0.0,0.8876601846877068,0.5448640019542161,0.0,0.13113413602711113,0.0,0.0,0.21668675883539654,0.0,326.44494741909926,0.0,-1.1102230246251565e-16,0.0891530122433587,0.0,1.05e-08
3713.0,1.1204809777361115,0.848310911,0.252285134,0.0,0.0,0.8977645433514796,0.641616667562914,0.0,0.20221347434288559,0.0,0.11802072242440001,0.21668675883539654,0.0,326.5511202070404,0.0,0.0,1.1102230246251565e-16,0.0,1.050001191887853e-08
3714.0,1.1537490007803557,0.843843836,0.251293723,0.0,0.0,0.8930370531170745,0.6390952910080624,0.0,0.16169658450938465,0.0,0.3000127153641344,0.21668675883539654,0.0,326.65729299377057,0.0,0.0,1.1102230246251565e-16,0.0,1.0500023837770588e-08
3715.0,1.1816807781097278,0.834828306,0.246829044,0.0,0.0,0.883495948471868,0.6277406288593282,0.0,0.11286904038607175,0.0,0.44553930086914695,0.21668675883539654,0.0,326.7634657792895,0.0,-1.1102230246251565e-16,0.0,0.0,1.0500035756676175e-08
3716.0,1.2041713835444405,0.83506583,0.241132633,0.0,0.0,0.8837473193108255,0.6132534009163265,0.0,0.0761425778473151,0.0,0.5471209314715849,0.21668675883539654,0.0,326.8696385635973,0.0,0.0,1.1102230246251565e-16,0.0,1.0500047675595293e-08
3717.0,1.2192079475130737,0.831696127,0.228615517,0.0,0.0,0.8801811741206629,0.5814196177358303,0.0,0.02570608550802286,0.0,0.6156486304807857,0.21668675883539654,0.0,326.9758113466939,0.0,0.0,0.0,0.0,1.050005959452794e-08
3718.0,1.216409202268556,0.813366078,0.210667653,0.0,0.0,0.8607825457914615,0.5357742461399265,0.0,0.0,0.03653916917256439,0.6387834085967763,0.21668675883539654,0.0,327.0819841285794,0.0,0.0,0.0,0.0,1.1666746126082354e-08
3719.0,1.1970107071116423,0.739292016,0.199374485,0.0,0.0,0.7823902186584452,0.5070532323270867,0.0,0.0,0.12425401496150709,0.6022435143220013,0.21668675883539654,0.0,327.1881569092537,0.0,0.0,0.0,0.0,1.1666759369370917e-08
3720.0,1.1683487292249786,0.6035278,0.23338784,0.0,0.0,0.6387114119848013,0.5935566863424723,0.0,0.0,0.15276738973310156,0.47798881573581375,0.21668675883539654,0.0,327.2943296887168,0.0,-1.1102230246251565e-16,0.0,0.0,1.1666772612674513e-08
3721.0,1.1375175631725178,0.327824121,0.373148901,0.0,0.0,0.3469351489800244,0.9489998501631243,0.0,0.0,0.05826932286476578,0.3252208834232678,0.21668675883539654,0.0,327.4005024669688,0.0,-5.551115123125783e-17,0.0,0.0,1.1666785855993142e-08
3722.0,1.083086572070455,0.058339529,0.515730343,0.0,0.0,0.061740524532785834,1.3116158641227693,0.0,0.07358305774970354,0.0,0.26695119139052065,0.21668675883539654,0.0,327.50667524400967,0.0,0.0,0.0,0.0,1.0500119189394123e-08
3723.0,1.0088973389093525,2.04e-06,0.559291847,0.0,0.0,2.1589250411480545e-06,1.4224023642520576,0.0,0.1968204254323498,0.0,0.33317564034094793,0.21668675883539654,0.0,327.61284801983936,0.0,-4.235164736271502e-22,2.220446049250313e-16,0.0,1.0500131108407949e-08
3724.0,0.9385582541412439,0.0,0.557716421,0.0,0.0,0.0,1.4183957089090125,0.0,0.263150695932372,0.0,0.5103136450323982,0.21668675883539654,0.0,327.7190207944579,0.0,0.0,0.0,0.0,1.0500143027435302e-08
3725.0,0.8779280530293275,0.0,0.542343923,0.0,0.0,0.0,1.3793000603367207,0.0,0.28468524847199655,0.0,0.7471486920992051,0.21668675883539654,0.0,327.82519356786526,0.0,0.0,0.0,0.0,1.0500154946476186e-08
3726.0,0.8326085087638546,0.0,0.522538691,0.0,0.0,0.0,1.3289309927873407,0.0,0.2796357251880896,0.0,1.003364567613107,0.21668675883539654,0.0,327.9313663400615,0.0,0.0,2.220446049250313e-16,0.0,1.0500166865530601e-08
3727.0,0.8034069105240015,0.0,0.502959226,0.0,0.0,0.0,1.2791361004495116,0.0,0.25904243109011377,0.0,1.2550355813331662,0.21668675883539654,0.0,328.03753911104656,0.0,0.0,2.220446049250313e-16,0.0,1.0500178784598546e-08
3728.0,0.7903061275049047,0.0,0.478581884,0.0,0.0,0.0,1.217139150054165,0.0,0.21014626371386372,0.0,1.488172344685729,0.21668675883539654,0.0,328.14371188082043,0.0,0.0,0.0,0.0,1.0500190703680018e-08
3729.0,0.800074968978118,0.0,0.436805472,0.0,0.0,0.0,1.1108925320898444,0.0,0.09413080427633,0.0,1.6773022927591328,0.21668675883539654,0.0,328.24988464938326,0.0,0.0,2.220446049250313e-16,0.0,1.0500202622775022e-08
3730.0,0.8317434031182653,0.0,0.392203881,0.0,0.0,0.0,0.9974608616156578,0.0,0.0,0.05096930033800413,1.7620181126516783,0.21668675883539654,0.0,328.3560574167348,0.0,0.0,0.0,0.0,0.01995426931014544
3731.0,0.8728873136983446,1.25e-05,0.315902711,0.0,0.0,1.3228707359975825e-05,0.8034101791582786,0.0,0.0,0.24287976598680375,1.7110468121940539,0.17341586015409768,0.0,328.46223018287526,0.0,-1.6940658945086007e-21,0.0,0.0,0.019954291960860873
3732.0,0.9142367939367816,0.145997925,0.194050385,0.0,0.0,0.15450910599909587,0.4935128732674374,0.0,0.0,0.26621481467024827,1.4681651039466823,0.0,0.0,328.54720020745077,0.0,-2.7755575615628914e-17,5.551115123125783e-17,0.0,0.019954314611602016
3733.0,0.9604278678996674,0.513551849,0.122615397,0.0,0.0,0.5434901699676393,0.31183796352837706,0.0,0.0,0.10509973440365092,1.2019486227181795,0.0,0.0,328.54719645958136,0.0,0.0,5.551115123125783e-17,0.0,0.019954337262368872
3734.0,1.0073791213283556,0.693820092,0.118581666,0.0,0.0,0.7342674366031603,0.30157929707018927,0.0,0.0,0.0,1.0968475239465885,0.028467612344993936,0.0,328.54719271171206,0.0,-1.1102230246251565e-16,0.0,0.0,0.019954292643740656
3735.0,1.0520519777102444,0.793144996,0.123804036,0.0,0.0,0.8393826436890556,0.3148609343313865,0.0,0.0,0.0,1.0968462788820585,0.10219160031019768,0.0,328.5611380938919,0.0,-1.1102230246251565e-16,0.0,0.0,0.01995429287136726
3736.0,1.0912622486913952,0.833923989,0.114721394,0.0,0.0,0.8825389128755757,0.29176177505747164,0.0,0.0,0.0,1.0968450338189422,0.08303843924165208,0.0,328.61120823001556,0.0,0.0,0.0,0.0,0.019954293098993863
3737.0,1.1290014118049225,0.843423547,0.112475532,0.0,0.0,0.8925922627020652,0.2860500532869523,0.0,0.0,0.0,1.0968437887572389,0.04964090418409482,0.0,328.6518933166444,0.0,-1.1102230246251565e-16,0.0,0.0,0.01995429332662047
3738.0,1.1615906267064644,0.838090825,0.115058438,0.0,0.0,0.8869486612004567,0.2926189521914286,0.0,0.0,0.0,1.096842543696949,0.017976986685420956,0.0,328.67621361063107,0.0,0.0,0.0,0.0,0.019954293554247077
3739.0,1.1862739751636608,0.829331724,0.119386038,0.0,0.0,0.877678934491219,0.3036249922482528,0.0,0.0,0.004970048424189069,1.0968412986380722,0.0,0.0,328.6850185847659,0.0,-1.1102230246251565e-16,5.551115123125783e-17,0.0,0.01995447316750996
3740.0,1.206267765789569,0.825039702,0.123149728,0.0,0.0,0.8731367022495727,0.313196884960488,0.0,0.0,0.019934178579508396,1.0918700051564199,0.0,0.0,328.68501483532435,0.0,0.0,0.0,0.0,0.019954495818456795
3741.0,1.218674751211708,0.81430061,0.126774976,0.0,0.0,0.8617715578191841,0.32241668917158,0.0,0.0,0.03448650422094385,1.0719345871625126,0.0,0.0,328.68501108588293,0.0,0.0,5.551115123125783e-17,0.0,0.019954518469429347
3742.0,1.21304942316477,0.785654302,0.133162619,0.0,0.0,0.8314552677811253,0.3386618723508694,0.0,0.0,0.04293228303277521,1.0374468661564609,0.0,0.0,328.6850073364415,0.0,0.0,0.0,0.0,0.019954541120427608
3743.0,1.1934239448434196,0.709203925,0.153154451,0.0,0.0,0.7505480945896992,0.38950550480333734,0.0,0.0,0.053370345450383064,0.9945134054866244,0.0,0.0,328.68500358700015,0.0,0.0,0.0,0.0,0.019954563771451585
3744.0,1.1664493512357763,0.559056512,0.226216131,0.0,0.0,0.591647599594945,0.5753174506159987,0.0,0.0,0.0,0.9411419311342394,0.0005156989751671971,0.0,328.6849998375588,0.0,-1.1102230246251565e-16,0.0,0.0,0.01995429492000679
3745.0,1.1363312549357443,0.299541265,0.411147384,0.0,0.0,0.31700349895375746,1.045638362501731,0.0,0.009623847684347481,0.0,0.9411408628157991,0.21668675883539654,0.0,328.6852487806154,0.0,0.0,0.0,0.0,0.017959148166219
3746.0,1.0843756651364074,0.039708049,0.527781852,0.0,0.0,0.04202289280452645,1.3422655061412503,0.0,0.08322597497397277,0.0,0.9498012574144843,0.21668675883539654,0.0,328.79142154300064,0.0,0.0,0.0,0.0,0.017959168552209998
3747.0,1.0136575613107015,2.1e-06,0.551930869,0.0,0.0,2.222422836475938e-06,1.4036817757675855,0.0,0.17333967804432387,0.0,1.0247035567431584,0.21668675883539654,0.0,328.8975943041747,0.0,0.0,0.0,0.0,0.017959188938224135
3748.0,0.9462457028235841,0.0,0.531571172,0.0,0.0,0.0,1.3519025815891024,0.0,0.18897011993012172,0.0,1.1807081038113014,0.21668675883539654,0.0,329.0037670641376,0.0,0.0,0.0,0.0,0.017959209324261417
3749.0,0.8868596264148542,0.0,0.501861946,0.0,0.0,0.0,1.276345475707495,0.0,0.17279909045724431,0.0,1.3507798714912211,0.21668675883539654,0.0,329.1099398228894,0.0,0.0,0.0,0.0,0.01795922971032184
3750.0,0.8400646915805422,0.0,0.471401508,0.0,0.0,0.0,1.1988778722375786,0.0,0.14212642182163976,0.0,1.5062975195919857,0.21668675883539654,0.0,329.21611258043,0.0,0.0,0.0,0.0,0.0179592500964054
3751.0,0.809974432838413,0.0,0.442958444,0.0,0.0,0.0,1.126540895224265,0.0,0.0998797035504556,0.0,1.634209589387958,0.21668675883539654,0.0,329.3222853367594,0.0,0.0,2.220446049250313e-16,0.0,0.017959270482512103
3752.0,0.797565306065666,0.0,0.415373406,0.0,0.0,0.0,1.0563860673295848,0.0,0.04213400242852225,0.0,1.7240994675430368,0.21668675883539654,0.0,329.42845809187776,0.0,0.0,0.0,0.0,0.017959290868641946
3753.0,0.8051671007236905,0.0,0.374120426,0.0,0.0,0.0,0.9514706522396116,0.0,0.0,0.0,1.7620181126516783,0.1463035515159211,0.0,329.5346308457849,0.0,0.0,0.0,0.0,0.019954296968646527
3754.0,0.8348355133960647,0.0,0.330032044,0.0,0.0,0.0,0.8393441852989127,0.0,0.0,0.0,1.7620161125320581,0.0045086719028480755,0.0,329.60631582689433,0.0,0.0,1.1102230246251565e-16,0.0,0.01995429719627317
3755.0,0.8745618498737178,9.93e-06,0.260425368,0.0,0.0,1.0508885126764794e-05,0.6623190757050534,0.0,0.0,0.21223226528353756,1.7620141124147082,0.0,0.0,329.6085213161756,0.0,0.0,0.0,0.0,0.022170370281730512
3756.0,0.918074094226128,0.126885551,0.160002887,0.0,0.0,0.13428254579106302,0.4069225860822442,0.0,0.0,0.2932786472456189,1.5497798470160913,0.0,0.08359031510720182,329.6085175561994,0.0,0.0,0.0,0.0,0.0407230564316867
3757.0,0.9644536070425085,0.44212673,0.129163018,0.0,0.0,0.4679012101754435,0.3284900060006258,0.0,0.0,0.16806239086643926,1.2564994405688745,0.0,0.0,329.52492348111593,0.0,-5.551115123125783e-17,0.0,0.0,0.022170420614321045
3758.0,1.0121500504827439,0.630861638,0.141447104,0.0,0.0,0.6676387194989603,0.3597311425607223,0.0,0.0,0.0,1.0884356234122254,0.015219811576938578,0.0,329.52491972209333,0.0,-1.1102230246251565e-16,0.0,0.0,0.0199542981067798
3759.0,1.0585809557137138,0.743367351,0.144853586,0.0,0.0,0.7867031317871545,0.36839457664539993,0.0,0.0,0.0,1.088434387896296,0.09651675271884057,0.0,329.5323736707434,0.0,-1.1102230246251565e-16,0.0,0.0,0.019954298334406463
3760.0,1.1009261639848216,0.802816743,0.139198909,0.0,0.0,0.8496182205468735,0.35401348745730427,0.0,0.0,0.0,1.0884331523817694,0.10270554401935629,0.0,329.57966312046807,0.0,0.0,5.551115123125783e-17,0.0,0.019954298562033127
3761.0,1.1386481962934858,0.817449685,0.138436108,0.0,0.0,0.8651042131495534,0.3520735164892422,0.0,0.0,0.0,1.0884319168686452,0.07852953334530978,0.0,329.6299850773905,0.0,0.0,0.0,0.0,0.0199542987896598
3762.0,1.1733188039859008,0.812916708,0.145132286,0.0,0.0,0.8603069790533534,0.36910337213570327,0.0,0.0,0.0,1.0884306813569233,0.05609154720315577,0.0,329.66846078850864,0.0,-1.1102230246251565e-16,0.0,0.0,0.01995429901728647
3763.0,1.201389769104786,0.801649625,0.155770773,0.0,0.0,0.8483830635487487,0.3961593879564824,0.0,0.0,0.0,1.088429445846604,0.0431526824004452,0.0,329.69594188597813,0.0,0.0,0.0,0.0,0.019954299244913144
3764.0,1.223225121253483,0.792245267,0.166860867,0.0,0.0,0.8384304635575128,0.4243639398554439,0.0,0.0,0.0,1.0884282103376872,0.03956928215947361,0.0,329.7170829393809,0.0,0.0,5.551115123125783e-17,0.0,0.01995429947253982
3765.0,1.2348355242494855,0.772838165,0.177455693,0.0,0.0,0.8178919937124568,0.45130891613584945,0.0,0.0,0.0,1.0884269748301727,0.03436538559882058,0.0,329.73646812642437,0.0,-1.1102230246251565e-16,0.0,0.0,0.019954299700166496
3766.0,1.2309618209998048,0.73075072,0.191116151,0.0,0.0,0.7733509942377305,0.4860504698706135,0.0,0.0,0.0,1.0884257393240608,0.02843964310853931,0.0,329.753303403932,0.0,0.0,0.0,0.0,0.01995429992779318
3767.0,1.21102584684031,0.63553336,0.21547069,0.0,0.0,0.6725827869553732,0.5479894272140574,0.0,0.0,0.0,1.0884245038193514,0.009546367329120708,0.0,329.7672350674273,0.0,-1.1102230246251565e-16,0.0,0.0,0.019954300155419862
3768.0,1.1833039218705115,0.471728077,0.266597322,0.0,0.0,0.49922821472937134,0.6780157142467109,0.0,0.0,0.00605999289442922,1.0884232683160444,0.0,0.0,329.7719090256318,0.0,0.0,0.0,0.0,0.02217069744561155
3769.0,1.152793958409235,0.260604185,0.373807523,0.0,0.0,0.27579652001200006,0.9506748709862838,0.0,0.0,0.0,1.0823620399197105,0.0736774325890488,0.0,329.7719052637917,0.0,0.0,1.1102230246251565e-16,0.0,0.019954300610673242
3770.0,1.1004807630583797,0.034826776,0.47444717,0.0,0.0,0.036857058239634345,1.2066236615830697,0.0,0.0,0.0,1.0823608112980883,0.14299995676432425,0.0,329.8080034439203,0.0,0.0,0.0,0.0,0.01995430083829993
3771.0,1.0292380283337397,1.57e-06,0.506473637,0.0,0.0,1.6615256444129635e-06,1.2880740217551188,0.0,0.042150896111626895,0.0,1.0823595826778605,0.21668675883539654,0.0,329.878069660483,0.0,-2.117582368135751e-22,0.0,0.0,0.019953695651088895
3772.0,0.9648647463592241,0.0,0.509615697,0.0,0.0,0.0,1.2960649724485618,0.0,0.11451346725394111,0.0,1.1202941605594916,0.21668675883539654,0.0,329.98424240926124,0.0,0.0,0.0,0.0,0.019953718301153153
3773.0,0.8935556297657394,0.0,0.493987967,0.0,0.0,0.0,1.2563202126793518,0.0,0.14607782407821576,0.0,1.2233550094085281,0.21668675883539654,0.0,330.0904151568284,0.0,0.0,0.0,0.0,0.019953740951243117
3774.0,0.8469405683824905,0.0,0.46599873,0.0,0.0,0.0,1.1851374176932288,0.0,0.12151009047534149,0.0,1.3548236624119505,0.21668675883539654,0.0,330.1965879031843,0.0,0.0,0.0,0.0,0.019953763601358792
3775.0,0.8176104891061636,0.0,0.433658535,0.0,0.0,0.0,1.1028891781111263,0.0,0.06859193016956605,0.0,1.464181205938774,0.21668675883539654,0.0,330.30276064832907,0.0,0.0,0.0,0.0,0.01995378625150018
3776.0,0.8039936405905644,0.0,0.397579081,0.0,0.0,0.0,1.0111311792312974,0.0,0.0,0.0,1.5259122810553711,0.20713753864073295,0.0,330.40893339226267,0.0,0.0,0.0,0.0,0.019954302204060134
3777.0,0.8109894330265548,0.0,0.352940641,0.0,0.0,0.0,0.8976057936332419,0.0,0.0,0.0,1.5259105489465634,0.08661636060668715,0.0,330.5104270170898,0.0,0.0,1.1102230246251565e-16,0.0,0.019954302431686846
3778.0,0.8411524976893525,0.0,0.316929566,0.0,0.0,0.0,0.8060216976125142,0.0,0.0,0.03513080007683833,1.5259088168397221,0.0,0.0,330.55286526352245,0.0,0.0,0.0,0.0,0.022170949113420678
3779.0,0.8819987605349344,1.64e-06,0.25702072,0.0,0.0,1.735606405628828e-06,0.6536603058863579,0.0,0.0,0.22833671904217087,1.4907762846580086,0.0,0.0,330.5528614927736,0.0,-2.117582368135751e-22,0.0,0.0,0.02217097428035871
3780.0,0.9290913431037436,0.11205322,0.168596295,0.0,0.0,0.1185855404898392,0.428777515528735,0.0,0.0,0.2932786472456189,1.2624378733909536,0.0,0.08844963983955054,330.55285772202495,0.0,0.0,5.551115123125783e-17,0.0,0.040723067580748964
3781.0,0.9799205824833283,0.460156974,0.144587779,0.0,0.0,0.4869825558958403,0.3677185708940864,0.0,0.0,0.1252194556934016,0.9691577931142314,0.0,0.0,330.4644043114367,0.0,-5.551115123125783e-17,0.0,0.0,0.02217102461432048
3782.0,1.0352744956973934,0.657604503,0.160036902,0.0,0.0,0.6959406023031474,0.40700909371985694,0.0,0.0,0.0,0.8439372373007442,0.06767520032561088,0.0,330.46440054169705,0.0,0.0,0.0,0.0,0.019954303569820437
3783.0,1.0865041676406542,0.766975257,0.150768755,0.0,0.0,0.8116872981756199,0.3834381543690538,0.0,0.0,0.0,0.8439362793222681,0.10862128490401957,0.0,330.497557620117,0.0,-1.1102230246251565e-16,5.551115123125783e-17,0.0,0.019954303797447163
3784.0,1.136763807758539,0.822036196,0.135427645,0.0,0.0,0.8699581020953383,0.34442233239471554,0.0,0.0,0.0,0.8439353213448793,0.07761662673151494,0.0,330.5507782796021,0.0,-1.1102230246251565e-16,0.0,0.0,0.01995430402507389
3785.0,1.1792332143649047,0.83549788,0.128550197,0.0,0.0,0.8842045563520158,0.3269314672092257,0.0,0.0,0.0,0.843934363368578,0.03190280919633669,0.0,330.5888066559756,0.0,-1.1102230246251565e-16,0.0,0.0,0.019954304252700623
3786.0,1.215597630388164,0.833830369,0.134985904,0.0,0.0,0.8824398351489325,0.3432988877277542,0.0,0.0,0.0,0.8439334053933641,0.01014109248852282,0.0,330.6044352613231,0.0,-1.1102230246251565e-16,0.0,0.0,0.019954304480327353
3787.0,1.2452639017099303,0.825671683,0.146691795,0.0,0.0,0.873805525586058,0.3730695470416507,0.0,0.0,0.0,0.8439324474192377,0.0016111709177785017,0.0,330.6094006253054,0.0,0.0,0.0,0.0,0.01995430470795409
3788.0,1.2673133889194168,0.821845584,0.153308281,0.0,0.0,0.8697563780659542,0.3898967283780534,0.0,0.0,0.007660282475409125,0.8439314894461986,0.0,0.0,330.6101863276614,0.0,0.0,5.551115123125783e-17,0.0,0.02217120078408658
3789.0,1.2763327576798673,0.810462686,0.16070761,0.0,0.0,0.8577098959419179,0.40871485190324547,0.0,0.0,0.009908009834703971,0.8362702489988378,0.0,0.0,330.61018255625874,0.0,0.0,5.551115123125783e-17,0.0,0.02217122595131029
3790.0,1.2648765319276332,0.778357307,0.173997234,0.0,0.0,0.8237328828641489,0.4425132930910014,0.0,0.0,0.0,0.8263612898886862,0.0013696440275172877,0.0,330.61017878485615,0.0,0.0,5.551115123125783e-17,0.0,0.01995430539083431
3791.0,1.2373580352655849,0.695985209,0.200712559,0.0,0.0,0.7365587725386089,0.510456249251709,0.0,0.0,0.0,0.8263603518611952,0.009656986524732888,0.0,330.61084613902705,0.0,0.0,0.0,0.0,0.01995430561846106
3792.0,1.2032870057433802,0.568584927,0.259412343,0.0,0.0,0.6017314886860972,0.6597427299872042,0.0,0.0,0.0,0.826359413834769,0.05818721292992129,0.0,330.615574291014,0.0,0.0,0.0,0.0,0.01995430584608781
3793.0,1.1746999751279927,0.330637922,0.364023317,0.0,0.0,0.34991298497988094,0.9257914799242126,0.0,0.0,0.0,0.8263584758094075,0.10100448977610087,0.0,330.6440822538856,0.0,0.0,0.0,0.0,0.01995430607371456
3794.0,1.1201747645991826,0.056775585,0.453848116,0.0,0.0,0.060085407932514635,1.1542357298295147,0.0,0.0,0.0,0.8263575377851108,0.09414637316284655,0.0,330.69357068208654,0.0,0.0,-2.220446049250313e-16,0.0,0.019954306301341315
3795.0,1.0458099406882329,2.13e-06,0.465707242,0.0,0.0,2.25417173413988e-06,1.1843960995020641,0.0,0.0,0.0,0.826356599761879,0.13858841298556535,0.0,330.7396986325825,0.0,0.0,0.0,0.0,0.019954306528968072
3796.0,0.9712074268598068,0.0,0.44702875,0.0,0.0,0.0,1.1368925799639666,0.0,0.0,0.0,0.8263556617397119,0.16568515310415974,0.0,330.80760318206535,0.0,0.0,0.0,0.0,0.019954306756594833
3797.0,0.9067484908609755,0.0,0.414694351,0.0,0.0,0.0,1.054659080886571,0.0,0.0,0.0,0.8263547237186096,0.14791059002559542,0.0,330.8887851334317,0.0,0.0,0.0,0.0,0.019954306984221595
3798.0,0.8597201488104032,0.0,0.382625027,0.0,0.0,0.0,0.9730997259232486,0.0,0.023021751093800537,0.0,0.8263537856985721,0.09035782601904475,0.0,330.96125754796356,0.0,0.0,0.0,0.0,0.019954307211848363
3799.0,0.8273921786830244,0.0,0.348880155,0.0,0.0,0.0,0.8872790833166292,0.0,0.059886904633604715,0.0,0.8470724236640198,0.0,0.0,331.00552910730545,0.0,0.0,0.0,0.0,0.019954329862606816
3800.0,0.8108502452370416,0.0,0.319036831,0.0,0.0,0.0,0.811380936682748,0.0,0.0005306914457064181,0.0,0.9009696762969438,0.0,0.0,331.00552533139296,0.0,0.0,1.1102230246251565e-16,0.0,0.019954352513390988
3801.0,0.8176254785604189,0.0,0.28890332,0.0,0.0,0.0,0.7347447805872787,0.0,0.0,0.08288069797314031,0.901446275880371,0.0,0.0,331.0055215554805,0.0,0.0,0.0,0.0,0.022171527960223182
3802.0,0.8459041546882697,0.0,0.267698943,0.0,0.0,0.0,0.6808173791079363,0.0,0.0,0.16508677558033355,0.8185645546485195,0.0,0.0,331.00551777956815,0.0,0.0,0.0,0.0,0.022171553127818284
3803.0,0.8862600482446439,1.1e-05,0.224406849,0.0,0.0,1.1641262476778723e-05,0.5707160479526077,0.0,0.0,0.2932786472456189,0.6534768498910031,0.0,0.022253711783940585,331.0055140036558,0.0,0.0,0.0,0.0,0.04072307826526984
3804.0,0.9350207429370027,0.14341973,0.152482919,0.0,0.0,0.15178061102533963,0.3877976510064432,0.0,0.0,0.2932786472456189,0.3601974608642075,0.0,0.10216383365960095,330.9832565159595,0.0,-2.7755575615628914e-17,0.0,0.0,0.04072307872981429
3805.0,0.9919464074972622,0.528502005,0.143800446,0.0,0.0,0.5593118690644383,0.36571620964626783,0.0,0.0,0.06691832878655606,0.06691840474764484,0.0,0.0,330.8810889066415,0.0,0.0,0.0,0.0,0.022171628630775
3806.0,1.0559749320239067,0.699350562,0.155493472,0.0,0.0,0.7401203141386102,0.395454150431342,0.0,0.023432138309662134,0.0,0.0,0.05616739423638339,0.0,330.88108513214854,0.0,0.0,0.0,0.0,0.01995430903286257
3807.0,1.1167742998338466,0.799664595,0.149322132,0.0,0.0,0.8462823130710868,0.3797590734269327,0.0,0.10926708666417288,0.0,0.02108892447869592,0.0,0.0,330.9086033808315,0.0,0.0,5.551115123125783e-17,0.0,0.01995433168362309
3808.0,1.1705607444029331,0.840750711,0.138097955,0.0,0.0,0.8897636094808484,0.35121351892400154,0.0,0.07041638400191687,0.0,0.11942927853778067,0.0,0.0,330.90859960602467,0.0,0.0,0.0,0.0,0.019954354334409327
3809.0,1.217419919755482,0.852142354,0.131602488,0.0,0.0,0.9018193464085539,0.3346941155619117,0.0,0.01909354221498365,0.0,0.1828038885717489,0.0,0.0,330.90859583121795,0.0,0.0,0.0,0.0,0.019954376985221272
3810.0,1.2530948208829993,0.847648655,0.129980163,0.0,0.0,0.8970636800857685,0.3305681857312464,0.0,0.0,0.025462955065984342,0.19998786905905616,0.0,0.0,330.9085920564112,0.0,0.0,0.0,0.0,0.022171555151176595
3811.0,1.2744440864437045,0.840460567,0.132375856,0.0,0.0,0.8894565510753883,0.33666096073860685,0.0,0.0,0.048326574629709435,0.174524686980842,0.0,0.0,330.9085882816045,0.0,-1.1102230246251565e-16,5.551115123125783e-17,0.0,0.02217158031880256
3812.0,1.2864163776924409,0.838703683,0.137562434,0.0,0.0,0.8875972467312743,0.3498515710597649,0.0,0.0,0.0489675599014017,0.12619791424292465,0.0,0.0,330.90858450679787,0.0,0.0,5.551115123125783e-17,0.0,0.022171605486457097
3813.0,1.2893179077661376,0.831457681,0.143759799,0.0,0.0,0.8799288275322503,0.3656128353717994,0.0,0.0,0.04377624486208802,0.07723021109048457,0.0,0.0,330.90858073199126,0.0,0.0,0.0,0.0,0.0221716306541402
3814.0,1.2739858374136153,0.805402163,0.156625021,0.0,0.0,0.8523543617134838,0.39833192878892115,0.0,0.0,0.02329954691121029,0.03345387856206704,0.0,0.0,330.9085769571848,0.0,0.0,5.551115123125783e-17,0.0,0.022171655821851873
3815.0,1.2431503886599387,0.724813646,0.183204067,0.0,0.0,0.7670678090760888,0.4659282974339377,0.0,0.0,0.010154282149912194,0.010154293676355576,0.0,0.0,330.9085731823782,0.0,-1.1102230246251565e-16,0.0,0.0,0.022171680989592112
3816.0,1.2102699500757232,0.578081959,0.245927261,0.0,0.0,0.6117821652554033,0.6254471960511752,0.0,0.0,0.0,0.0,0.02695941123085542,0.0,330.90856940757175,0.0,0.0,1.1102230246251565e-16,0.0,0.019954311309130567
3817.0,1.178520144612476,0.337737557,0.355402976,0.0,0.0,0.35742650448209234,0.9038680539260879,0.0,0.0,0.0,0.0,0.08277441379570415,0.0,330.9217757442684,0.0,0.0,0.0,0.0,0.01995431153675738
3818.0,1.1272262321509783,0.054466312,0.444769096,0.0,0.0,0.05764151219401116,1.131145782099431,0.0,0.0,0.0,0.0,0.06156106214246404,0.0,330.96233143207127,0.0,0.0,2.220446049250313e-16,0.0,0.019954311764384194
3819.0,1.0579128543240508,2.82e-06,0.46481338,0.0,0.0,2.9843963804105456e-06,1.1821228115416997,0.0,0.0,0.0,0.0,0.12421294161402928,0.0,330.99249257710136,0.0,0.0,0.0,0.0,0.019954311992011014
3820.0,0.9876872611381605,0.0,0.455749609,0.0,0.0,0.0,1.1590716453775713,0.0,0.0,0.0,0.0,0.1713843842394108,0.0,331.0533531427285,0.0,0.0,0.0,0.0,0.019954312219637838
3821.0,0.9235902133920635,0.0,0.437753478,0.0,0.0,0.0,1.1133035201687127,0.0,0.15682405895581958,0.0,0.0,0.03288924782082968,0.0,331.1373277145477,0.0,0.0,0.0,0.0,0.01995431244726466
3822.0,0.870793072803824,0.0,0.417842122,0.0,0.0,0.0,1.0626645559109977,0.0,0.1918714831071738,0.0,0.1411416530602376,0.0,0.0,331.153439668564,0.0,0.0,0.0,0.0,0.01995433509802906
3823.0,0.8341866841618727,0.0,0.393199937,0.0,0.0,0.0,0.9999940514286813,0.0,0.1658073672668086,0.0,0.3138258276425694,0.0,0.0,331.15343589096426,0.0,0.0,1.1102230246251565e-16,0.0,0.019954357748819172
3824.0,0.8110344013893206,0.0,0.367603362,0.0,0.0,0.0,0.9348963229492688,0.0,0.12386192155994821,0.0,0.4630521019495854,0.0,0.0,331.1534321133645,0.0,0.0,0.0,0.0,0.019954380399634996
3825.0,0.8017216675955887,0.0,0.328847109,0.0,0.0,0.0,0.8363306345837975,0.0,0.03460896698820873,0.0,0.5745273057292063,0.0,0.0,331.1534283357649,0.0,0.0,0.0,0.0,0.019954403050476528
3826.0,0.8040150540966434,0.0,0.292469824,0.0,0.0,0.0,0.7438151858666076,0.0,0.0,0.06019986823003595,0.6056747238554135,0.0,0.0,331.1534245581652,0.0,0.0,0.0,0.0,0.022171584112604194
3827.0,0.8216490763526522,1.12e-05,0.245825388,0.0,0.0,1.1852921794538337e-05,0.6251881105722241,0.0,0.0,0.19644911285863362,0.5454741681058284,0.0,0.0,331.1534207805656,0.0,0.0,0.0,0.0,0.022171609280263033
3828.0,0.8643690209801415,0.144246887,0.152822266,0.0,0.0,0.15265598845684006,0.3886606851766907,0.0,0.0,0.2932786472456189,0.34902443606310235,0.0,0.029773700100991802,331.15341700296614,0.0,0.0,0.0,0.0,0.04072308987888266
3829.0,0.9264531991548179,0.503285858,0.132934676,0.0,0.0,0.5326257067117077,0.33808216309200245,0.0,0.0,0.05574532935110778,0.055745392629375314,0.0,0.0,331.1236395252656,0.0,0.0,0.0,0.0,0.022171659615666427
3830.0,0.9948629270252141,0.660863918,0.151361126,0.0,0.0,0.6993900300791246,0.3849446843058551,0.0,0.0,0.0,0.0,0.08947178735976569,0.0,331.1236357480058,0.0,0.0,5.551115123125783e-17,0.0,0.019954314495906192
3831.0,1.0595381394354426,0.739185365,0.156206398,0.0,0.0,0.7822773502689532,0.3972672782882492,0.0,0.0,0.0,0.0,0.12000648912175975,0.0,331.1674731465523,0.0,0.0,0.0,0.0,0.019954314723533047
3832.0,1.1119776744721637,0.77971899,0.154491233,0.0,0.0,0.8251739473380733,0.39290523588736587,0.0,0.0,0.0,0.0,0.10610150875327545,0.0,331.22627254846213,0.0,-1.1102230246251565e-16,0.0,0.0,0.019954314951159898
3833.0,1.1509588209382697,0.794322289,0.165672828,0.0,0.0,0.8406285688549714,0.4213424949845988,0.0,0.0,0.0,0.0,0.11101224290130043,0.0,331.27825850932066,0.0,0.0,0.0,0.0,0.019954315178786753
3834.0,1.1763830767057974,0.794281608,0.190445096,0.0,0.0,0.8405855162914425,0.4843438291897899,0.0,0.0,0.0,0.0,0.14854626877543506,0.0,331.3326507293187,0.0,0.0,0.0,0.0,0.01995431540641361
3835.0,1.191676602747378,0.788311275,0.219441651,0.0,0.0,0.834267133243554,0.5580884557356598,0.0,0.0,0.0,0.0,0.2006789862318358,0.0,331.4054346213746,0.0,0.0,0.0,0.0,0.019954315634040473
3836.0,1.2041456873371459,0.780185213,0.247185732,0.0,0.0,0.8256673495485924,0.5951650966239502,0.0,0.0,0.0,0.0,0.21668675883539654,0.0,331.5037635441538,0.0,-1.1102230246251565e-16,0.0334826683883932,0.0,1.05e-08
3837.0,1.209745319176789,0.758584421,0.273292992,0.0,0.0,0.8028073050596559,0.6236247729525298,0.0,0.0,0.0,0.0,0.21668675883539654,0.0,331.6099362743871,0.0,-1.1102230246251565e-16,0.07141950498474314,0.0,1.05e-08
3838.0,1.199914378535947,0.716422815,0.302461312,0.0,0.0,0.7581878212516078,0.6584133161197357,0.0,0.0,0.0,0.0,0.21668675883539654,0.0,331.71610900340926,0.0,0.0,0.11081242459373342,0.0,1.05e-08
3839.0,1.1765972117665868,0.633726001,0.344320714,0.0,0.0,0.6706700650909396,0.7226139055110439,0.0,0.0,0.0,0.0,0.21668675883539654,0.0,331.82228173122024,0.0,0.0,0.15306951501726684,0.0,1.05e-08
3840.0,1.1463420690276498,0.491501256,0.413897899,0.0,0.0,0.5201541026147649,0.8428747252482817,0.0,0.0,0.0,0.0,0.21668675883539654,0.0,331.92845445782007,0.0,-1.1102230246251565e-16,0.2097588027647942,0.0,1.05e-08
3841.0,1.1192304289811013,0.288387295,0.530989059,0.0,0.0,0.3051992905512015,1.0307178972652964,0.0,0.0,0.0,0.0,0.21668675883539654,0.0,332.0346271832087,0.0,0.0,0.3197042427405734,0.0,1.05e-08
3842.0,1.0749023300470835,0.039132097,0.61689653,0.0,0.0,0.04141336476761502,1.250175724114865,0.0,0.0,0.0,0.0,0.21668675883539654,0.0,332.14079990738634,0.0,0.0,0.3187280378076478,0.0,1.05e-08
3843.0,1.0158588697356166,2.44e-06,0.627224247,0.0,0.0,2.5822436766672803e-06,1.2325430463273364,0.0,0.0,0.0,0.0,0.21668675883539654,0.0,332.2469726303527,0.0,0.0,0.362626374851472,0.0,1.05e-08
3844.0,0.9547404406851003,0.0,0.610730243,0.0,0.0,0.0,1.1714271995204968,0.0,0.0,0.0,0.0,0.21668675883539654,0.0,332.3531453521079,0.0,0.0,0.3817943362896503,0.0,1.05e-08
3845.0,0.899230208876659,0.0,0.590507363,0.0,0.0,0.0,1.1159169677120557,0.0,0.0,0.0,0.0,0.21668675883539654,0.0,332.4593180726519,0.0,0.0,0.3858733296878061,0.0,1.05e-08
3846.0,0.8527928795938654,0.0,0.57190197,0.0,0.0,0.0,1.069479638429262,0.0,0.0,0.0,0.0,0.21668675883539654,0.0,332.56549079198487,0.0,0.0,0.3849930462912958,0.0,1.05e-08
3847.0,0.8199188650614736,0.0,0.554970937,0.0,0.0,0.0,1.0366056238968702,0.0,0.0,0.0,0.0,0.21668675883539654,0.0,332.6716635101066,0.0,0.0,0.374807714441995,0.0,1.05e-08
3848.0,0.7981199158731106,0.0,0.543845832,0.0,0.0,0.0,1.0148066747085072,0.0,0.0,0.0,0.0,0.21668675883539654,0.0,332.77783622701725,0.0,0.0,0.3683130710463911,0.0,1.05e-08
3849.0,0.7870876775412398,0.0,0.521684902,0.0,0.0,0.0,1.0037744363766363,0.0,0.0,0.0,0.0,0.21668675883539654,0.0,332.88400894271666,0.0,0.0,0.32298518291637124,0.0,1.05e-08
3850.0,0.7823916956581277,0.0,0.497878584,0.0,0.0,0.0,0.9990784544935243,0.0,0.0,0.0,0.0,0.21668675883539654,0.0,332.9901816572049,0.0,0.0,0.2671364542177532,0.0,1.05e-08
3851.0,0.7964282488928742,6.24e-06,0.439047122,0.0,0.0,6.603770714099932e-06,1.0131084039575569,0.0,0.0,0.0,0.0,0.21668675883539654,0.0,333.0963543704821,0.0,-8.470329472543003e-22,0.10348513785901403,0.0,1.05e-08
3852.0,0.8336599119123307,0.111807317,0.373254656,0.0,0.0,0.118325302183764,0.9320213685639632,0.0,0.0,0.0,0.0,0.21668675883539654,0.0,333.20252708254804,0.0,0.0,0.017247439859215064,0.0,1.05e-08
3853.0,0.8895812830374877,0.459238841,0.402965415,0.0,0.0,0.48601089887387733,0.6202571429990069,0.0,0.0,0.0,0.0,0.21668675883539654,0.0,333.3086997934029,0.0,0.0,0.40457267006245834,0.0,1.05e-08
3854.0,0.9494513046836017,0.648795805,0.453800397,0.0,0.0,0.6866183872579951,0.47951967626100317,0.0,0.0,0.0,0.0,0.21668675883539654,0.0,333.4148725030466,0.0,0.0,0.6745946936402667,0.0,1.05e-08
3855.0,1.0046446166020748,0.745059621,0.460424463,0.0,0.0,0.7884940553554798,0.43283732008199166,0.0,0.0,0.0,0.0,0.21668675883539654,0.0,333.52104521147913,0.0,-1.1102230246251565e-16,0.7381235087653562,0.0,1.05e-08
3856.0,1.0518078637409445,0.803815992,0.450277763,0.0,0.0,0.8506757223549334,0.41781890022140766,0.0,0.0,0.0,0.0,0.21668675883539654,0.0,333.6272179187005,0.0,-1.1102230246251565e-16,0.7273366354739441,0.0,1.05e-08
3857.0,1.0891958453547772,0.827077252,0.44183458,0.0,0.0,0.8752930344640782,0.43058956972609547,0.0,0.0,0.0,0.0,0.21668675883539654,0.0,333.7333906247107,0.0,0.0,0.6930930917883944,0.0,1.05e-08
3858.0,1.1173974328607439,0.83188495,0.441775127,0.0,0.0,0.8803810048574494,0.453703186838691,0.0,0.0,0.0,0.0,0.21668675883539654,0.0,333.83956332950976,0.0,0.0,0.669828272600862,0.0,1.05e-08
3859.0,1.136179219042584,0.825314829,0.450016225,0.0,0.0,0.8734278682151589,0.4794381096628216,0.0,0.0,0.0,0.0,0.21668675883539654,0.0,333.9457360330976,0.0,0.0,0.6650522772885656,0.0,1.05e-08
3860.0,1.1510851606241355,0.819375784,0.462877471,0.0,0.0,0.8671425971509408,0.5006293223085913,0.0,0.0,0.0,0.0,0.21668675883539654,0.0,334.0519087354744,0.0,0.0,0.676570046216109,0.0,1.05e-08
3861.0,1.1654065134897318,0.806618817,0.478453512,0.0,0.0,0.8536419424914314,0.5284513298336969,0.0,0.0,0.0,0.0,0.21668675883539654,0.0,334.15808143664,0.0,-1.1102230246251565e-16,0.688361341947482,0.0,1.05e-08
3862.0,1.165237346791708,0.780009755,0.496123779,0.0,0.0,0.8254816629457151,0.5564424426813895,0.0,0.0,0.0,0.0,0.21668675883539654,0.0,334.26425413659445,0.0,-1.1102230246251565e-16,0.7053096103773516,0.0,1.05e-08
3863.0,1.1503999284296094,0.696742524,0.519789681,0.0,0.0,0.7373602364197546,0.6297264508452515,0.0,0.0,0.0,0.0,0.21668675883539654,0.0,334.3704268353377,0.0,-1.1102230246251565e-16,0.6922132039772565,0.0,1.05e-08
3864.0,1.1313825936809008,0.592632887,0.560751827,0.0,0.0,0.6271813627216497,0.7208879897946479,0.0,0.0,0.0,0.0,0.21668675883539654,0.0,334.47659953286984,0.0,-1.1102230246251565e-16,0.705227425192728,0.0,1.05e-08
3865.0,1.1115344148963295,0.346126494,0.63596846,0.0,0.0,0.3663044878928342,0.961916685838892,0.0,0.0,0.0,0.0,0.21668675883539654,0.0,334.5827722291908,0.0,0.0,0.6554911951197949,0.0,1.05e-08
3866.0,1.068356221238751,0.046843086,0.679862398,0.0,0.0,0.04957387812257443,1.235469101951573,0.0,0.0,0.0,0.0,0.21668675883539654,0.0,334.68894492430064,0.0,0.0,0.49357073202489765,0.0,1.05e-08
3867.0,1.0071050284505452,3.12e-06,0.676731735,0.0,0.0,3.301885357049966e-06,1.2237884854005847,0.0,0.0,0.0,0.0,0.21668675883539654,0.0,334.7951176181993,0.0,-4.235164736271502e-22,0.49728938296390246,0.0,1.05e-08
3868.0,0.9454491203974474,0.0,0.656215278,0.0,0.0,0.0,1.162135879232844,0.0,0.0,0.0,0.0,0.21668675883539654,0.0,334.9012903108868,0.0,0.0,0.5067641197430419,0.0,1.05e-08
3869.0,0.8919731716665056,0.0,0.634004243,0.0,0.0,0.0,1.108659930501902,0.0,0.0,0.0,0.0,0.21668675883539654,0.0,335.0074630023632,0.0,0.0,0.5037525139602754,0.0,1.05e-08
3870.0,0.8502403896692555,0.0,0.606991002,0.0,0.0,0.0,1.066927148504652,0.0,0.0,0.0,0.0,0.21668675883539654,0.0,335.11363569262835,0.0,0.0,0.4767846737857335,0.0,1.05e-08
3871.0,0.8239767244634332,0.0,0.579431705,0.0,0.0,0.0,1.0406634832988297,0.0,0.0,0.0,0.0,0.21668675883539654,0.0,335.2198083816824,0.0,0.0,0.43295897612994283,0.0,1.05e-08
3872.0,0.8125954459824755,0.0,0.550111578,0.0,0.0,0.0,1.029282204817872,0.0,0.0,0.0,0.0,0.21668675883539654,0.0,335.3259810695253,0.0,0.0,0.36977271319460225,0.0,1.05e-08
3873.0,0.8222358064192151,0.0,0.521750497,0.0,0.0,0.0,1.0389225652546117,0.0,0.0,0.0,0.0,0.21668675883539654,0.0,335.43215375615705,0.0,0.0,0.2880038765722548,0.0,1.05e-08
3874.0,0.8573989247514459,0.0,0.490581685,0.0,0.0,0.0,1.1397997375199918,0.0,0.06571405393314934,0.0,0.0,0.21668675883539654,0.0,335.5383264415776,0.0,0.0,0.10785754971873729,0.0,1.05e-08
3875.0,0.9048298407163023,1.42e-05,0.436234326,0.0,0.0,1.5027811560932533e-05,1.1094399820033545,0.0,0.0,0.012061589736783498,0.059142648539834405,0.21668675883539654,0.0,335.64449912578704,0.0,0.0,0.0,0.0,1.1666679909865032e-08
3876.0,0.9539652717650426,0.161444001,0.374609886,0.0,0.0,0.17085563554021152,0.9527154568348174,0.0,0.0,0.04708093822541019,0.047080991668456265,0.21668675883539654,0.0,335.7506718087853,0.0,0.0,1.1102230246251565e-16,0.0,1.166669315307843e-08
3877.0,1.0067367161459873,0.563892125,0.405379616,0.0,0.0,0.5967651123375926,0.6266583626437914,0.0,0.0,0.0,0.0,0.21668675883539654,0.0,335.8568444905724,0.0,-1.1102230246251565e-16,0.40431129534586163,0.0,1.05e-08
3878.0,1.0582511877200982,0.722014197,0.427899413,0.0,0.0,0.7641051617488748,0.51083278480662,0.0,0.0,0.0,0.0,0.21668675883539654,0.0,335.96301717114846,0.0,-1.1102230246251565e-16,0.5774096774749152,0.0,1.05e-08
3879.0,1.1043887279177866,0.812661841,0.4202561,0.0,0.0,0.8600372541766562,0.461038232576527,0.0,0.0,0.0,0.0,0.21668675883539654,0.0,336.0691898505132,0.0,-1.1102230246251565e-16,0.6077656011245376,0.0,1.05e-08
3880.0,1.1437339039872345,0.855074031,0.399239202,0.0,0.0,0.9049219301771115,0.4554987326455196,0.0,0.0,0.0,0.0,0.21668675883539654,0.0,336.1753625286669,0.0,0.0,0.5598544999699111,0.0,1.05e-08
3881.0,1.1789205771761522,0.868471006,0.377881269,0.0,0.0,0.9190999031198246,0.47650743289172404,0.0,0.0,0.0,0.0,0.21668675883539654,0.0,336.28153520560943,0.0,0.0,0.48452787151200327,0.0,1.05e-08
3882.0,1.2049165735559877,0.862532882,0.359889248,0.0,0.0,0.9128156067467647,0.7185410006860196,0.0,0.2097532750413998,0.0,0.0,0.21668675883539654,0.0,336.38770788134076,0.0,-1.1102230246251565e-16,0.1967366311441744,0.0,1.05e-08
3883.0,1.2225120515010544,0.853725634,0.343882213,0.0,0.0,0.903494926231666,0.8289825313504038,0.0,0.2932786472456189,0.0,0.1887779475372598,0.21668675883539654,0.0,336.4938805558609,0.0,0.0,0.04558568454463263,0.0,1.05e-08
3884.0,1.2340239523690937,0.851438878,0.33015016,0.0,0.0,0.9010748601574525,0.839644580304771,0.0,0.2900087292577331,0.0,0.45272851577080525,0.21668675883539654,0.0,336.60005322917,0.0,-1.1102230246251565e-16,0.0,0.0,1.0500023837770588e-08
3885.0,1.2378655353596557,0.845236461,0.318615449,0.0,0.0,0.8945108634040494,0.8103092694373407,0.0,0.2502678386463378,0.0,0.7137358581970449,0.21668675883539654,0.0,336.7062259012679,0.0,0.0,0.0,0.0,1.0500035756676175e-08
3886.0,1.2304821584636365,0.819344416,0.307520196,0.0,0.0,0.8671094005035433,0.7820915970649867,0.0,0.20203208026949704,0.0,0.9389761027957643,0.21668675883539654,0.0,336.8123985721546,0.0,0.0,1.1102230246251565e-16,0.0,1.0500047675595293e-08
3887.0,1.2129359315825514,0.739833347,0.305211628,0.0,0.0,0.7829631074091558,0.7762204001239796,0.0,0.12956081711518724,0.0,1.120803909178368,0.21668675883539654,0.0,336.9185712418302,0.0,0.0,0.0,0.0,1.050005959452794e-08
3888.0,1.1900920032975362,0.599030126,0.341553464,0.0,0.0,0.6339515389330755,0.8686456942256839,0.0,0.09581847102582693,0.0,1.237407372323895,0.21668675883539654,0.0,337.0247439102946,0.0,0.0,1.1102230246251565e-16,0.0,1.0500071513474118e-08
3889.0,1.1644364816643558,0.343976317,0.439912847,0.0,0.0,0.3640289629084221,1.1187952711880917,0.0,0.1017009935967616,0.0,1.3236425916289087,0.21668675883539654,0.0,337.13091657754785,0.0,-5.551115123125783e-17,0.0,0.0,1.0500083432433824e-08
3890.0,1.1156586561671338,0.047061032,0.530949635,0.0,0.0,0.04980452963091662,1.350321876089796,0.0,0.06778099071818225,0.0,1.415171983359579,0.21668675883539654,0.0,337.23708924359,0.0,0.0,2.220446049250313e-16,0.0,1.050009535140706e-08
3891.0,1.0448270607592094,3.38e-06,0.543887924,0.0,0.0,3.5770424701374624e-06,1.3832267949826622,0.0,0.12171655243052636,0.0,1.4761732686017697,0.21668675883539654,0.0,337.343261908421,0.0,-4.235164736271502e-22,0.0,0.0,1.0500107270393827e-08
3892.0,0.9752395900544716,0.0,0.514776877,0.0,0.0,0.0,1.3091909900612062,0.0,0.11726464117133809,0.0,1.585716490140681,0.21668675883539654,0.0,337.4494345720408,0.0,0.0,0.0,0.0,1.0500119189394123e-08
3893.0,0.9117699580364874,0.0,0.471151435,0.0,0.0,0.0,1.1982418815140528,0.0,0.06978516464216873,0.0,1.6912528672005258,0.21668675883539654,0.0,337.55560723444944,0.0,0.0,0.0,0.0,1.0500131108407949e-08
3894.0,0.8652448333787701,0.0,0.428896716,0.0,0.0,0.0,1.09077882349024,0.0,0.008847231276073383,0.0,1.7540575955866107,0.21668675883539654,0.0,337.66177989564693,0.0,0.0,0.0,0.0,1.0500143027435302e-08
3895.0,0.8361781402272143,0.0,0.394689284,0.0,0.0,0.0,1.0037817889137794,0.0,0.0,0.04908311014883138,1.7620181126516783,0.21668675883539654,0.0,337.7679525556333,0.0,0.0,0.0,0.0,0.019954015370115142
3896.0,0.820861059328947,0.0,0.362362964,0.0,0.0,0.0,0.9215688365129758,0.0,0.0,0.11597898165136775,1.7129330023832265,0.21668675883539654,0.0,337.8741252144085,0.0,0.0,0.0,0.0,0.01995403802054232
3897.0,0.8261309231749747,0.0,0.328574173,0.0,0.0,0.0,0.8356364982151522,0.0,0.0,0.2071811837952191,1.59695207633022,0.21668675883539654,0.0,337.98029787197254,0.0,0.0,0.0,0.0,0.01995406067099521
3898.0,0.8584653173541771,0.0,0.300956457,0.0,0.0,0.0,0.7653985629683651,0.0,0.0,0.2932786472456189,1.3897690797867905,0.20021189285980695,0.0,338.08647052832544,0.0,0.0,1.1102230246251565e-16,0.0,0.01995432997453793
3899.0,0.900463626826806,1.65e-05,0.24972459,0.0,0.0,1.746189371516809e-05,0.6351046401502001,0.0,0.0,0.2932786472456189,1.096488854972596,0.027937122462728132,0.0,338.1845704991391,0.0,-3.3881317890172014e-21,0.0,0.0,0.019954330202164958
3900.0,0.9431814301036875,0.160685362,0.182970859,0.0,0.0,0.17005277047438236,0.4653351981203293,0.0,0.0,0.2932786472456189,0.8032089630695831,0.0,0.014514814263356931,338.19825583133917,0.0,-2.7755575615628914e-17,5.551115123125783e-17,0.0,0.040723123326106093
3901.0,0.9884345925003156,0.551553411,0.191211131,0.0,0.0,0.5837070934012375,0.4862920249322174,0.0,0.0,0.13512223300225723,0.509929404077374,0.21668675883539654,0.0,338.183737159113,0.0,1.1102230246251565e-16,5.551115123125783e-17,0.0,0.01995415127306388
3902.0,1.0371717323359877,0.710001096,0.208171439,0.0,0.0,0.7513917379396882,0.529425824087425,0.0,0.026959070855728896,0.0,0.3748065922389523,0.21668675883539654,0.0,338.2899098131452,0.0,-1.1102230246251565e-16,0.0,0.0,0.017958756531280793
3903.0,1.0817418038886975,0.7990429,0.198282807,0.0,0.0,0.8456243753733139,0.5042768547050436,0.0,0.051472667354263535,0.0,0.39906933055490124,0.21668675883539654,0.0,338.3960824659662,0.0,1.1102230246251565e-16,0.0,0.0,0.017958776916827235
3904.0,1.1227122650695374,0.840554478,0.186436319,0.0,0.0,0.8895559367663388,0.474148626250314,0.0,0.024305539111719014,0.0,0.44539427817816923,0.21668675883539654,0.0,338.50225511757606,0.0,0.0,5.551115123125783e-17,0.0,0.017958797302396818
3905.0,1.1613058270756145,0.845952087,0.185963249,0.0,0.0,0.8952682079587045,0.4729455050353954,0.0,0.0,0.009778872916911032,0.4672687577983094,0.21668675883539654,0.0,338.60842776797483,0.0,0.0,5.551115123125783e-17,0.0,0.01995424187554393
3906.0,1.1952655063662085,0.842435086,0.190337012,0.0,0.0,0.8915461777976053,0.4840689477697183,0.0,0.0,0.036337139634281486,0.4574893544706133,0.21668675883539654,0.0,338.7146004171624,0.0,0.0,0.0,0.0,0.019954264526228224
3907.0,1.2218289606571362,0.833748263,0.194568802,0.0,0.0,0.8823529426492126,0.4948313218921114,0.0,0.0,0.06133145495120872,0.4211516955264409,0.21668675883539654,0.0,338.8207730651387,0.0,0.0,5.551115123125783e-17,0.0,0.019954287176938226
3908.0,1.242737107992615,0.829788258,0.197376296,0.0,0.0,0.8781620828660893,0.501971397551436,0.0,0.0,0.07929038641048611,0.359819762513308,0.21668675883539654,0.0,338.926945711904,0.0,0.0,1.1102230246251565e-16,0.0,0.019954309827673943
3909.0,1.2563475324563906,0.820710995,0.195026709,0.0,0.0,0.8685556463975664,0.4959958802580186,0.0,0.0,0.06623708798584925,0.28052896766061486,0.17444108218504364,0.0,339.03311835745814,0.0,0.0,0.0,0.0,0.019954332478435366
3910.0,1.2533325108004756,0.789280536,0.193474145,0.0,0.0,0.835292898853509,0.4920473680168726,0.0,0.0,0.0,0.21429156123791857,0.07400775606990603,0.0,339.1185906202424,0.0,0.0,5.551115123125783e-17,0.0,0.019954332706062422
3911.0,1.2361267586660456,0.706052586,0.201374147,0.0,0.0,0.747213043275853,0.5121388132662006,0.0,0.0,0.0,0.21429131798913867,0.02322509787600789,0.0,339.1548505522552,0.0,-1.1102230246251565e-16,0.0,0.0,0.019954332933689485
3912.0,1.2125697606286017,0.562514825,0.229904703,0.0,0.0,0.595307520445841,0.5846983017077078,0.0,0.0,0.032563938475052796,0.21429107474063488,0.0,0.0,339.1662269813394,0.0,0.0,0.0,0.0,0.019954400430873917
3913.0,1.1856679729416268,0.323871147,0.331358379,0.0,0.0,0.342751730080217,0.842717347360741,0.0,0.0,0.0001988955006690832,0.1817268930173544,0.0,0.0,339.16622311233454,0.0,-5.551115123125783e-17,0.0,0.0,0.019954423081738188
3914.0,1.134294830507637,0.058175218,0.430761308,0.0,0.0,0.06156663476198384,1.095520891666974,0.0,0.0,0.0,0.18152779123303725,0.02279269592132094,0.0,339.1662192433298,0.0,-6.938893903907228e-18,0.0,0.0,0.01995433361657067
3915.0,1.060377548873737,4.06e-06,0.455760952,0.0,0.0,4.296684150520147e-06,1.1591004931251367,0.0,0.0,0.0,0.1815275851753956,0.0987272409355503,0.0,339.1773837953265,0.0,0.0,2.220446049250313e-16,0.0,0.019954333844197737
3916.0,0.989620900737089,0.0,0.463395323,0.0,0.0,0.0,1.1785163802299194,0.0,0.0,0.0,0.18152737911798783,0.18889547949283053,0.0,339.22575627425283,0.0,0.0,2.220446049250313e-16,0.0,0.01995433407182481
3917.0,0.932483242466648,0.0,0.467377665,0.0,0.0,0.0,1.1886443531414577,0.0,0.03947435183941319,0.0,0.18152717306081395,0.21668675883539654,0.0,339.3183111895204,0.0,0.0,2.220446049250313e-16,0.0,0.017959062316907158
3918.0,0.8844249107736785,0.0,0.465976815,0.0,0.0,0.0,1.1850816830209288,0.0,0.08397001341185356,0.0,0.2170538836593459,0.21668675883539654,0.0,339.4244838306101,0.0,0.0,0.0,0.0,0.017959082702800704
3919.0,0.853467405035352,0.0,0.454969213,0.0,0.0,0.0,1.157086926448792,0.0,0.08693276257804335,0.0,0.29262664934563914,0.21668675883539654,0.0,339.5306564704885,0.0,0.0,0.0,0.0,0.017959103088717395
3920.0,0.8384436891703664,0.0,0.438156176,0.0,0.0,0.0,1.1143276698865248,0.0,0.05919722188076188,0.0,0.3708658034965897,0.21668675883539654,0.0,339.6368291091558,0.0,0.0,0.0,0.0,0.017959123474657227
3921.0,0.8472660536748905,0.0,0.411650052,0.0,0.0,0.0,1.046916757950313,0.0,0.0,0.0,0.42414288220837587,0.19965070427542247,0.0,339.743001746612,0.0,0.0,2.220446049250313e-16,0.0,0.019954335209960202
3922.0,0.8787953000255246,0.0,0.380454389,0.0,0.0,0.0,0.9675793153546043,0.0,0.0,0.0,0.42414240075106596,0.08878401532907958,0.0,339.84082671612265,0.0,0.0,0.0,0.0,0.019954335437587293
3923.0,0.9231191162583268,1.03e-06,0.305832632,0.0,0.0,1.090045486462008e-06,0.77779975008688,0.0,0.0,0.14531827612596035,0.4241419192943026,0.0,0.0,339.88432700693363,0.0,-2.117582368135751e-22,0.0,0.0,0.019954649591795066
3924.0,0.9689954116818521,0.133327122,0.215896725,0.0,0.0,0.14109963840686354,0.5490729280633986,0.0,0.0,0.2788228452115899,0.2788231617121254,0.0,0.0,339.8843231297372,0.0,0.0,1.1102230246251565e-16,0.0,0.019954672242942166
3925.0,1.0203385752073313,0.454950956,0.217142597,0.0,0.0,0.4814730448052189,0.5522414549923375,0.0,0.0,0.0,0.0,0.013375924590225066,0.0,339.88431925254076,0.0,0.0,0.0,0.0,0.019954336120468562
3926.0,1.0764976362499645,0.62099324,0.258017657,0.0,0.0,0.6571950275586586,0.6561957362764427,0.0,0.020206368749740192,0.0,0.0,0.21668675883539654,0.0,339.89086957839356,0.0,0.0,0.0,0.0,0.017958721086676774
3927.0,1.131035694882422,0.71926312,0.292230384,0.0,0.0,0.7611937063442539,0.7432062372042529,0.0,0.1566774898306881,0.0,0.018185731874766173,0.21668675883539654,0.0,339.9970422129517,0.0,0.0,0.0,0.0,0.01795874147218298
3928.0,1.18074286654347,0.766054122,0.288940141,0.0,0.0,0.8107124641472974,0.7348384245009795,0.0,0.14812126326941033,0.0,0.15919545207921565,0.21668675883539654,0.0,340.1032148462989,0.0,0.0,1.1102230246251565e-16,0.0,0.017958761857712325
3929.0,1.231482169197523,0.775837496,0.276869069,0.0,0.0,0.821066175478433,0.7041390294642828,0.0,0.07703627690979625,0.0,0.2925044083141514,0.21668675883539654,0.0,340.20938747843473,0.0,0.0,0.0,0.0,0.017958782243264814
3930.0,1.2728123772804891,0.777916084,0.268355544,0.0,0.0,0.8232659380683496,0.6824872600829225,0.0,0.01625406203538656,0.0,0.361836725502439,0.21668675883539654,0.0,340.3155601093596,0.0,0.0,0.0,0.0,0.01795880262884044
3931.0,1.3026820769100054,0.772116985,0.262794101,0.0,0.0,0.8171287713785473,0.6683432854938328,0.0,0.0,0.03389677887302176,0.3764649706025648,0.21668675883539654,0.0,340.42173273907315,0.0,0.0,0.0,0.0,0.019954247793821343
3932.0,1.3231212684623554,0.767594963,0.258809868,0.0,0.0,0.8123431309214776,0.6582105033527567,0.0,0.0,0.06925439302351785,0.3425677643928609,0.21668675883539654,0.0,340.5279053675756,0.0,-1.1102230246251565e-16,0.0,0.0,0.019954270444512357
3933.0,1.3333226627583634,0.756978876,0.258899605,0.0,0.0,0.801108162262994,0.6584387243104651,0.0,0.0,0.0904625350203009,0.27331298251039665,0.21668675883539654,0.0,340.6340779948669,0.0,1.1102230246251565e-16,0.0,0.0,0.019954293095229076
3934.0,1.3256095178687286,0.727893547,0.262630539,0.0,0.0,0.7703272577982246,0.6679273112994122,0.0,0.0,0.10404170760648826,0.18285013724432989,0.21668675883539654,0.0,340.74025062094705,0.0,-1.1102230246251565e-16,1.1102230246251565e-16,0.0,0.019954315745971507
3935.0,1.3037099252017945,0.650219702,0.274161778,0.0,0.0,0.6881252925958949,0.697253792106052,0.0,0.0,0.07880813262158823,0.07880822207916534,0.16047729212174064,0.0,340.8464232458161,0.0,-1.1102230246251565e-16,0.0,0.0,0.01995433839673965
3936.0,1.2713776723732,0.521033843,0.321670388,0.0,0.0,0.551408338695247,0.8180786522373117,0.0,0.0,0.0,0.0,0.09810931855935864,0.0,340.9250532307843,0.0,0.0,0.0,0.0,0.019954338624366776
3937.0,1.2366642376686272,0.305547465,0.419283879,0.0,0.0,0.3233598399253964,1.0663312615432667,0.0,0.0,0.0,0.0,0.15302686380003597,0.0,340.97312290780985,0.0,0.0,0.0,0.0,0.0199543388519939
3938.0,1.1785436994691627,0.063239268,0.511515633,0.0,0.0,0.06692590160248668,1.3008969282026526,0.0,0.0,0.0,0.0,0.1892791303359766,0.0,341.0481021814551,0.0,0.0,0.0,0.0,0.01995433907962103
3939.0,1.1015578624141504,4.38e-06,0.53564989,0.0,0.0,4.635339058935529e-06,1.3622756598977468,0.0,0.044035673987258696,0.0,0.0,0.21668675883539654,0.0,341.14084506484755,0.0,0.0,0.0,0.0,0.01795870356926311
3940.0,1.0255441985351221,0.0,0.535856612,0.0,0.0,0.0,1.3628013994791839,0.0,0.12057044210866522,0.0,0.03963210658853283,0.21668675883539654,0.0,341.24701768514683,0.0,0.0,0.0,0.0,0.01795872395474943
3941.0,0.9590124351478493,0.0,0.524831878,0.0,0.0,0.0,1.3347630724573167,0.0,0.15906387847407089,0.0,0.14814545949873836,0.21668675883539654,0.0,341.35319030423494,0.0,0.0,0.0,0.0,0.017958744340258896
3942.0,0.9080825522896936,0.0,0.507926443,0.0,0.0,0.0,1.2917688274281924,0.0,0.16699951630310234,0.0,0.29130278196104675,0.21668675883539654,0.0,341.4593629221119,0.0,0.0,0.0,0.0,0.017958764725791495
3943.0,0.8729879571769156,0.0,0.488610558,0.0,0.0,0.0,1.2426442770901274,0.0,0.1529695610778153,0.0,0.44160201596731197,0.21668675883539654,0.0,341.5655355387777,0.0,0.0,0.0,0.0,0.017958785111347242
3944.0,0.8552040403783543,0.0,0.464012019,0.0,0.0,0.0,1.1800847739998803,0.0,0.10819397478612966,0.0,0.5792741196616493,0.21668675883539654,0.0,341.6717081542323,0.0,0.0,2.220446049250313e-16,0.0,0.017958805496926123
3945.0,0.8624268159787813,0.0,0.436384044,0.0,0.0,0.0,1.109820747856305,0.0,0.030707173042126893,0.0,0.6766480394177347,0.21668675883539654,0.0,341.7778807684758,0.0,0.0,0.0,0.0,0.01795882588252815
3946.0,0.8914849437279057,0.0,0.414270523,0.0,0.0,0.0,1.0535811929243741,0.0,0.0,0.054590509638928225,0.7042837270721598,0.21668675883539654,0.0,341.8840533815082,0.0,0.0,0.0,0.0,0.019954273631281456
3947.0,0.9325496243354928,1.29e-05,0.359925444,0.0,0.0,1.3652025995495049e-05,0.9153696862312237,0.0,0.0,0.23385304491367018,0.6496924179796444,0.21668675883539654,0.0,341.9902259933294,0.0,0.0,0.0,0.0,0.019954296282001797
3948.0,0.9807428611167597,0.135486056,0.24294176,0.0,0.0,0.14338443089450373,0.6178544093805752,0.0,0.0,0.2932786472456189,0.4158386355806199,0.07377462640393811,0.0,342.09639860393935,0.0,-2.7755575615628914e-17,-1.1102230246251565e-16,0.0,0.019954341355892448
3949.0,1.0371760150372034,0.471908307,0.247044207,0.0,0.0,0.4994189515235704,0.6282878357630962,0.0,0.0,0.12255937718310683,0.12255951630409058,0.2130901494325701,0.0,342.13254426844685,0.0,0.0,0.0,0.0,0.019954341583519608
3950.0,1.097641332152312,0.661996438,0.3116207,0.0,0.0,0.7005885721318702,0.6137395188558383,0.0,0.0,0.0,0.0,0.21668675883539654,0.0,342.236954538826,0.0,0.0,0.1787805631146775,0.0,1.05e-08
3951.0,1.1557169019890106,0.766408044,0.335604907,0.0,0.0,0.8110870185925979,0.5613166422318092,0.0,0.0,0.0,0.0,0.21668675883539654,0.0,342.3431271466215,0.0,-1.1102230246251565e-16,0.2922005612317199,0.0,1.05e-08
3952.0,1.2054112255464113,0.806071245,0.34523056,0.0,0.0,0.85306244891171,0.5690355354700979,0.0,0.0,0.0,0.0,0.21668675883539654,0.0,342.4492997532059,0.0,0.0,0.30896182385143345,0.0,1.05e-08
3953.0,1.2526494199565574,0.814662386,0.360542956,0.0,0.0,0.862154424125893,0.6071817546660608,0.0,0.0,0.0,0.0,0.21668675883539654,0.0,342.55547235857904,0.0,0.0,0.3097584006028674,0.0,1.05e-08
3954.0,1.289210840235743,0.811645883,0.380189374,0.0,0.0,0.858962069290894,0.6469355297802455,0.0,0.0,0.0,0.0,0.21668675883539654,0.0,342.66164496274104,0.0,-1.1102230246251565e-16,0.31996979405350223,0.0,1.05e-08
3955.0,1.3152132606674023,0.804635045,0.404189143,0.0,0.0,0.8515425233508782,0.6803574961519206,0.0,0.0,0.0,0.0,0.21668675883539654,0.0,342.767817565692,0.0,0.0,0.34758452676874063,0.0,1.05e-08
3956.0,1.3343697832056238,0.801701419,0.426249723,0.0,0.0,0.8484378769622689,0.7026186650787515,0.0,0.0,0.0,0.0,0.21668675883539654,0.0,342.8739901674317,0.0,-1.1102230246251565e-16,0.3814282721493264,0.0,1.05e-08
3957.0,1.3418131179186639,0.792331601,0.446529876,0.0,0.0,0.8385218305352102,0.7199780462188502,0.0,0.0,0.0,0.0,0.21668675883539654,0.0,342.98016276796034,0.0,-1.1102230246251565e-16,0.41564578727425305,0.0,1.05e-08
3958.0,1.332481111969461,0.767344114,0.462794658,0.0,0.0,0.8120776582804741,0.7370902125243836,0.0,0.0,0.0,0.0,0.21668675883539654,0.0,343.08633536727774,0.0,0.0,0.4398985442997839,0.0,1.05e-08
3959.0,1.3058555585109046,0.693064502,0.479686326,0.0,0.0,0.7334677982836303,0.7890745190626708,0.0,0.0,0.0,0.0,0.21668675883539654,0.0,343.192507965384,0.0,0.0,0.43087347027711187,0.0,1.05e-08
3960.0,1.2699558155695583,0.55302745,0.516449226,0.0,0.0,0.5852670638466929,0.901375510558262,0.0,0.0,0.0,0.0,0.21668675883539654,0.0,343.2986805622791,0.0,-1.1102230246251565e-16,0.41206863138458527,0.0,1.05e-08
3961.0,1.2330453551412859,0.313748279,0.584497282,0.0,0.0,0.3320387334069639,1.1176933805697185,0.0,0.0,0.0,0.0,0.21668675883539654,0.0,343.4048531579631,0.0,-5.551115123125783e-17,0.36881195698386415,0.0,1.05e-08
3962.0,1.173132506483014,0.048074157,0.616397014,0.0,0.0,0.050876716362442655,1.3389425489559679,0.0,0.0,0.0,0.0,0.21668675883539654,0.0,343.5110257524359,0.0,0.0,0.22869083374826604,0.0,1.05e-08
3963.0,1.0998340751747957,2.68e-06,0.613908599,0.0,0.0,2.8362348579788166e-06,1.3165179977753343,0.0,0.0,0.0,0.0,0.21668675883539654,0.0,343.61719834569755,0.0,0.0,0.24478679745131338,0.0,1.05e-08
3964.0,1.0295528068731001,0.0,0.593610285,0.0,0.0,0.0,1.2462395657084966,0.0,0.0,0.0,0.0,0.21668675883539654,0.0,343.7233709377481,0.0,0.0,0.26344214582973335,0.0,1.05e-08
3965.0,0.960010304531128,0.0,0.562397269,0.0,0.0,0.0,1.1766970633665246,0.0,0.0,0.0,0.0,0.21668675883539654,0.0,343.82954352858746,0.0,0.0,0.2536030730745855,0.0,1.05e-08
3966.0,0.9082602843901488,0.0,0.528914195,0.0,0.0,0.0,1.1915531371326407,0.0,0.06660609390709518,0.0,0.0,0.21668675883539654,0.0,343.9357161182156,0.0,0.0,0.15359216668308617,0.0,1.05e-08
3967.0,0.873424792700926,0.0,0.498763043,0.0,0.0,0.0,1.2684642827714074,0.0,0.17835273123508488,0.0,0.05994548451638566,0.21668675883539654,0.0,344.0418887066327,0.0,0.0,0.0,0.0,1.050001191887853e-08
3968.0,0.8562961291883803,0.0,0.476104755,0.0,0.0,0.0,1.2108392653605886,0.0,0.13785637733681175,0.0,0.2204628745820442,0.21668675883539654,0.0,344.14806129383857,0.0,0.0,0.0,0.0,1.0500023837770588e-08
3969.0,0.8608893262423134,0.0,0.459085795,0.0,0.0,0.0,1.167556301249883,0.0,0.08998021617217317,0.0,0.3445333639311519,0.21668675883539654,0.0,344.2542338798333,0.0,0.0,0.0,0.0,1.0500035756676175e-08
3970.0,0.8885106077335406,0.0,0.444337031,0.0,0.0,0.0,1.1300469456318392,0.0,0.024849579062901847,0.0,0.42551516739595036,0.21668675883539654,0.0,344.36040646461686,0.0,0.0,0.0,0.0,1.0500047675595293e-08
3971.0,0.9292562271005514,1.32e-05,0.392851476,0.0,0.0,1.396951497213447e-05,0.9991078383488584,0.0,0.0,0.14682117807211736,0.4478793055375301,0.21668675883539654,0.0,344.4665790481893,0.0,0.0,1.1102230246251565e-16,0.0,1.1666732882808823e-08
3972.0,0.9809077451135675,0.112815773,0.304200275,0.0,0.0,0.11939254772851692,0.773648306670428,0.0,0.0,0.2932786472456189,0.30105761906417666,0.20541175653099644,0.0,344.5727516305506,0.0,1.3877787807814457e-17,1.1102230246251565e-16,0.0,0.01995434681894493
3973.0,1.0397413530654607,0.384423298,0.33100382,0.0,0.0,0.40683386492790236,0.8418156257236887,0.0,0.0,0.007778621249266237,0.007778630079022599,0.21668675883539654,0.0,344.67339946057155,0.0,-5.551115123125783e-17,0.0,0.0,1.1666759369370917e-08
3974.0,1.1019004785114135,0.56781092,0.352399494,0.0,0.0,0.6009123597182914,0.7176748776285187,0.0,0.0,0.0,0.0,0.21668675883539654,0.0,344.77957204057356,0.0,0.0,0.17855465998322628,0.0,1.05e-08
3975.0,1.159029571379423,0.672686872,0.334845094,0.0,0.0,0.711902221966841,0.6638141082479785,0.0,0.0,0.0,0.0,0.21668675883539654,0.0,344.88574461936446,0.0,0.0,0.1877707233896666,0.0,1.05e-08
3976.0,1.2085204666290736,0.724312191,0.314785402,0.0,0.0,0.766537120960153,0.6586701045043172,0.0,0.0,0.0,0.0,0.21668675883539654,0.0,344.99191719694414,0.0,0.0,0.141898511753081,0.0,1.05e-08
3977.0,1.2517500527012417,0.743275122,0.304885481,0.0,0.0,0.7866055261510662,0.681831285385572,0.0,0.0,0.0,0.0,0.21668675883539654,0.0,345.09808977331267,0.0,0.0,0.09355965107577402,0.0,1.05e-08
3978.0,1.2878189623406118,0.742023314,0.303727056,0.0,0.0,0.7852807420148361,0.7192249791611723,0.0,0.0,0.0,0.0,0.21668675883539654,0.0,345.2042623484701,0.0,-1.1102230246251565e-16,0.05321982735451636,0.0,1.05e-08
3979.0,1.3121447052462898,0.728520822,0.308773933,0.0,0.0,0.7709911007909629,0.7578403632907234,0.0,0.0,0.0,0.0,0.21668675883539654,0.0,345.3104349224163,0.0,0.0,0.027439763130655548,0.0,1.05e-08
3980.0,1.328838674585433,0.70788731,0.320002568,0.0,0.0,0.749154725426439,0.7963707079943906,0.0,0.0,0.0,0.0,0.21668675883539654,0.0,345.41660749515137,0.0,-1.1102230246251565e-16,0.017466310605899982,0.0,1.05e-08
3981.0,1.3325153735791873,0.674651025,0.336047476,0.0,0.0,0.7139808783866185,0.8352212540279652,0.0,0.0,0.0,0.0,0.21668675883539654,0.0,345.5227800666753,0.0,0.0,0.019421499888911842,0.0,1.05e-08
3982.0,1.3163396110871546,0.627258349,0.353538011,0.0,0.0,0.6638253710418066,0.8692009988807445,0.0,0.0,0.0,0.0,0.21668675883539654,0.0,345.62895263698806,0.0,0.0,0.02992403824744727,0.0,1.05e-08
3983.0,1.2826347525189,0.534004303,0.383705403,0.0,0.0,0.5651349322683888,0.9341865790859077,0.0,0.0,0.0,0.0,0.21668675883539654,0.0,345.73512520608966,0.0,-1.1102230246251565e-16,0.04166078098384962,0.0,1.05e-08
3984.0,1.2393751875382213,0.396176945,0.440892646,0.0,0.0,0.41927270945393896,1.0367892369196787,0.0,0.0,0.0,0.0,0.21668675883539654,0.0,345.8412977739801,0.0,-5.551115123125783e-17,0.08449787894944571,0.0,1.05e-08
3985.0,1.2022655815034147,0.214158219,0.505432829,0.0,0.0,0.22664291263076913,1.192309427708042,0.0,0.0,0.0,0.0,0.21668675883539654,0.0,345.94747034065944,0.0,0.0,0.09311759004036091,0.0,1.05e-08
3986.0,1.1497660886496726,0.05909509,0.557312282,0.0,0.0,0.0625401321617147,1.3039127153233545,0.0,0.0,0.0,0.0,0.21668675883539654,0.0,346.0536429061276,0.0,0.0,0.11345517908743163,0.0,1.05e-08
3987.0,1.08472898798671,4.04e-06,0.57089157,0.0,0.0,4.275518218744186e-06,1.3014114713038878,0.0,0.0,0.0,0.0,0.21668675883539654,0.0,346.1598154703846,0.0,0.0,0.15049154365203954,0.0,1.05e-08
3988.0,1.0232615187871068,0.0,0.553453166,0.0,0.0,0.0,1.252174297112696,0.0,0.012226019490192329,0.0,0.0,0.21668675883539654,0.0,346.2659880334305,0.0,0.0,0.15537901524800923,0.0,1.05e-08
3989.0,0.955314322648016,0.0,0.530051804,0.0,0.0,0.0,1.348038494088165,0.0,0.1760374126047522,0.0,0.011003417541173096,0.21668675883539654,0.0,346.3721605952652,0.0,0.0,0.0,0.0,1.050001191887853e-08
3990.0,0.905080378737426,0.0,0.504764095,0.0,0.0,0.0,1.2837262798818347,0.0,0.161959142309012,0.0,0.16943707639514072,0.21668675883539654,0.0,346.4783331558888,0.0,0.0,0.0,0.0,1.0500023837770588e-08
3991.0,0.8681142431933484,0.0,0.479925998,0.0,0.0,0.0,1.2205575280292407,0.0,0.13575652600049584,0.0,0.315200112140143,0.21668675883539654,0.0,346.58450571530113,0.0,0.0,2.220446049250313e-16,0.0,1.0500035756676175e-08
3992.0,0.8456643234201856,0.0,0.456761896,0.0,0.0,0.0,1.1616461141988583,0.0,0.0992950319432764,0.0,0.437380627747486,0.21668675883539654,0.0,346.6906782735024,0.0,0.0,2.220446049250313e-16,0.0,1.0500047675595293e-08
3993.0,0.8334950279155229,0.0,0.432727056,0.0,0.0,0.0,1.100520221833723,0.0,0.05033843508280345,0.0,0.5267456600125627,0.21668675883539654,0.0,346.7968508304925,0.0,0.0,0.0,0.0,1.050005959452794e-08
3994.0,0.8341674120064017,0.0,0.405240445,0.0,0.0,0.0,1.0306157154809301,0.0,0.0,0.020238455360867935,0.5720496536622848,0.21668675883539654,0.0,346.90302338627146,0.0,0.0,2.220446049250313e-16,0.0,1.1666746126082354e-08
3995.0,0.85318474675511,8.84e-06,0.336549764,0.0,0.0,9.355341844974902e-06,0.855920182941755,0.0,0.0,0.21394196730690662,0.5518105489506935,0.21668675883539654,0.0,347.00919594083916,0.0,0.0,0.0,0.0,1.1666759369370917e-08
3996.0,0.9032088383061264,0.064629176,0.277096447,0.0,0.0,0.06839683649762981,0.7047173018036951,0.0,0.0,0.2932786472456189,0.33786795526707847,0.16318394724081733,0.0,347.1153684941959,0.0,0.0,0.0,0.0,0.0199543522819989
3997.0,0.9686078272218233,0.298279405,0.324406676,0.0,0.0,0.31566807682021675,0.8250376353538215,0.0,0.0,0.04458887388318166,0.04458892449740753,0.21668675883539654,0.0,347.19532466866,0.0,-5.551115123125783e-17,0.0,0.0,1.1666785855993142e-08
3998.0,1.037349464436443,0.469486664,0.360056745,0.0,0.0,0.4968561349973837,0.7571800882744558,0.0,0.0,0.0,0.0,0.21668675883539654,0.0,347.30149721989335,0.0,0.0,0.15852352532193603,0.0,1.05e-08
3999.0,1.1025257528889185,0.586651456,0.37292645,0.0,0.0,0.6208512346982187,0.6983612770260964,0.0,0.0,0.0,0.0,0.21668675883539654,0.0,347.4076697699156,0.0,-1.1102230246251565e-16,0.25007283124390456,0.0,1.05e-08
4000.0,1.1536119543414505,0.666458628,0.38054735,0.0,0.0,0.7053108925874391,0.6649878205894079,0.0,0.0,0.0,0.0,0.21668675883539654,0.0,347.5138423187267,0.0,0.0,0.30282791506506757,0.0,1.05e-08
4001.0,1.1914196406744306,0.689401065,0.393285472,0.0,0.0,0.7295907954032537,0.6785156041065736,0.0,0.0,0.0,0.0,0.21668675883539654,0.0,347.62001486632664,0.0,-1.1102230246251565e-16,0.3216959816682259,0.0,1.05e-08
4002.0,1.2190901732296395,0.690158891,0.407500142,0.0,0.0,0.7303928000739561,0.7053841319910801,0.0,0.0,0.0,0.0,0.21668675883539654,0.0,347.7261874127154,0.0,0.0,0.33097849071285723,0.0,1.05e-08
4003.0,1.2439234162293884,0.682206617,0.420474269,0.0,0.0,0.7219769356265685,0.7386332394382165,0.0,0.0,0.0,0.0,0.21668675883539654,0.0,347.832359957893,0.0,0.0,0.330725446086759,0.0,1.05e-08
4004.0,1.263221267907731,0.669331999,0.428122984,0.0,0.0,0.7083517713150903,0.7715562554280371,0.0,0.0,0.0,0.0,0.21668675883539654,0.0,347.9385325018595,0.0,0.0,0.31725479715332816,0.0,1.05e-08
4005.0,1.2718680416624077,0.641031747,0.43465315,0.0,0.0,0.6784017111613647,0.9569144014532489,0.0,0.14676131211680932,0.0,0.0,0.21668675883539654,0.0,348.04470504461483,0.0,0.0,0.14850430169048612,0.0,1.05e-08
4006.0,1.2630178395999812,0.590886892,0.448108975,0.0,0.0,0.6253335821690911,1.139639830084214,0.0,0.2852688138179274,0.0,0.13208518090512839,0.21668675883539654,0.0,348.150877586159,0.0,0.0,0.0,0.0,1.050001191887853e-08
4007.0,1.2359233303582957,0.503569042,0.471830031,0.0,0.0,0.53292539937291,1.1999677006189609,0.0,0.2802830107981785,0.0,0.3888269634074117,0.21668675883539654,0.0,348.257050126492,0.0,-1.1102230246251565e-16,0.0,0.0,1.0500023837770588e-08
4008.0,1.2026253284055408,0.38705753,0.510474777,0.0,0.0,0.409621663667605,1.2982498021213635,0.0,0.2885593785480312,0.0,0.6410812317566214,0.21668675883539654,0.0,348.3632226656139,0.0,0.0,0.0,0.0,1.0500035756676175e-08
4009.0,1.1737556395099114,0.243560007,0.544596711,0.0,0.0,0.257758724575733,1.385029396450856,0.0,0.25234572268128114,0.0,0.9007839447393109,0.21668675883539654,0.0,348.4693952035246,0.0,0.0,2.220446049250313e-16,0.0,1.0500047675595293e-08
4010.0,1.1310485429860693,0.068597104,0.551071596,0.0,0.0,0.07259608116462615,1.401496455253271,0.0,0.12635723459643125,0.0,1.1278940726455846,0.21668675883539654,0.0,348.57556774022413,0.0,0.0,2.220446049250313e-16,0.0,1.050005959452794e-08
4011.0,1.0754933428148623,4.08e-06,0.537943152,0.0,0.0,4.317850082296109e-06,1.3681079303092434,0.0,0.07593214650906682,0.0,1.2416143034759741,0.21668675883539654,0.0,348.68174027571257,0.0,-8.470329472543003e-22,0.0,0.0,1.0500071513474118e-08
4012.0,1.0068202288196952,0.0,0.5173574,0.0,0.0,0.0,1.31575382847177,0.0,0.09224684081667833,0.0,1.30995182594049,0.21668675883539654,0.0,348.7879128099898,0.0,0.0,2.220446049250313e-16,0.0,1.0500083432433824e-08
4013.0,0.95009370986597,0.0,0.493405919,0.0,0.0,0.0,1.2548399364054368,0.0,0.08805946770407033,0.0,1.3929724957098844,0.21668675883539654,0.0,348.89408534305585,0.0,0.0,2.220446049250313e-16,0.0,1.050009535140706e-08
4014.0,0.902793416288195,0.0,0.468195794,0.0,0.0,0.0,1.1907250354008279,0.0,0.07124486027723631,0.0,1.4722244354386786,0.21668675883539654,0.0,349.0002578749108,0.0,0.0,0.0,0.0,1.0500107270393827e-08
4015.0,0.8662855297742067,0.0,0.443544273,0.0,0.0,0.0,1.1280307874140352,0.0,0.04505849880443199,0.0,1.5363431385220678,0.21668675883539654,0.0,349.10643040555465,0.0,0.0,0.0,0.0,1.0500119189394123e-08
4016.0,0.8417178142498366,0.0,0.420963857,0.0,0.0,0.0,1.0706038156523765,0.0,0.012199242567143333,0.0,1.57689404349687,0.21668675883539654,0.0,349.2126029349873,0.0,0.0,0.0,0.0,1.0500131108407949e-08
4017.0,0.8274242989421428,0.0,0.388061731,0.0,0.0,0.0,0.9869264617586068,0.0,0.0,0.057184596018932464,1.5878715718275633,0.21668675883539654,0.0,349.31877546320874,0.0,0.0,1.1102230246251565e-16,0.0,1.1666825586039226e-08
4018.0,0.8213792661760575,0.0,0.355503314,0.0,0.0,0.0,0.9041232355619189,0.0,0.0,0.13394278944953522,1.5306851733679734,0.21668675883539654,0.0,349.42494799021915,0.0,0.0,0.0,0.0,1.1666838829417986e-08
4019.0,0.8377241953661139,1.22e-05,0.282177244,0.0,0.0,1.2911218383336402e-05,0.7176388877410719,0.0,0.0,0.2932786472456189,1.3967406463917773,0.17320625083896024,0.0,349.53112051601823,0.0,0.0,0.0,0.0,0.019954357517427027
4020.0,0.8899131923817113,0.085194438,0.222483183,0.0,0.0,0.09016098311996831,0.5658237415814201,0.0,0.0,0.2932786472456189,1.1034604136639485,0.059350179565296125,0.0,349.61598759168805,0.0,-1.3877787807814457e-17,1.1102230246251565e-16,0.0,0.01995435774505437
4021.0,0.9661174364648423,0.382832351,0.255721219,0.0,0.0,0.4051501711448438,0.6503553885973564,0.0,0.0,0.12729863555803858,0.8101805138473103,0.21668675883539654,0.0,349.6450651914656,0.0,0.0,0.0,0.0,1.1666878559644462e-08
4022.0,1.0437371132997912,0.584012865,0.280872721,0.0,0.0,0.6180588228436854,0.7143211983998553,0.0,0.07195614910835295,0.0,0.6828809586290651,0.21668675883539654,0.0,349.75123771475387,0.0,-1.1102230246251565e-16,1.1102230246251565e-16,0.0,1.0500202622775022e-08
4023.0,1.1150976223078655,0.697019959,0.273149051,0.0,0.0,0.7376538449338677,0.6946782042678442,0.0,0.10054766805844986,0.0,0.7476407176679202,0.21668675883539654,0.0,349.85741023683096,0.0,0.0,0.0,0.0,1.0500214541883553e-08
4024.0,1.1729269368246562,0.755873184,0.261878934,0.0,0.0,0.7999380121911328,0.6660158142255354,0.0,0.0763401307566154,0.0,0.8381327702511172,0.21668675883539654,0.0,349.9635827576968,0.0,-1.1102230246251565e-16,1.1102230246251565e-16,0.0,1.0500226461005616e-08
4025.0,1.2197025995034971,0.781075751,0.263741484,0.0,0.0,0.8266098028761875,0.6707526891464705,0.0,0.06097313368376426,0.0,0.9068379365424195,0.21668675883539654,0.0,350.0697552773516,0.0,0.0,0.0,0.0,1.050023838014121e-08
4026.0,1.2545209603878569,0.787449461,0.277124956,0.0,0.0,0.8333550784271755,0.7047898064704802,0.0,0.0669371656744023,0.0,0.9617127274788605,0.21668675883539654,0.0,350.1759277957952,0.0,0.0,1.1102230246251565e-16,0.0,1.0500250299290332e-08
4027.0,1.279576903850827,0.785155805,0.295579126,0.0,0.0,0.8309277101064994,0.7517228257503222,0.0,0.08638687317059818,0.0,1.0219550849168542,0.21668675883539654,0.0,350.2821003130276,0.0,0.0,1.1102230246251565e-16,0.0,1.0500262218452982e-08
4028.0,1.2978854515483222,0.779697098,0.315552928,0.0,0.0,0.8251507791091512,0.8025206039412539,0.0,0.11309917266668623,0.0,1.0997021107185172,0.21668675883539654,0.0,350.38827282904896,0.0,-1.1102230246251565e-16,0.0,0.0,1.0500274137629165e-08
4029.0,1.305622151294644,0.756670705,0.336393544,0.0,0.0,0.8007820259449276,0.8555228810705846,0.0,0.13399599688547154,0.0,1.2014901178136776,0.21668675883539654,0.0,350.4944453438591,0.0,-1.1102230246251565e-16,0.0,0.0,1.0500286056818876e-08
4030.0,1.297609217319904,0.711169094,0.355877171,0.0,0.0,0.7526278262388109,0.9050740362638146,0.0,0.1434058863473249,0.0,1.3220851511631249,0.21668675883539654,0.0,350.60061785745813,0.0,1.1102230246251565e-16,0.0,0.0,1.0500297976022117e-08
4031.0,1.2761850044879226,0.626901333,0.376703378,0.0,0.0,0.6634475422268602,0.9580396681322203,0.0,0.12861544703576144,0.0,1.4511489481371995,0.21668675883539654,0.0,350.7067903698459,0.0,0.0,1.1102230246251565e-16,0.0,1.0500309895238888e-08
4032.0,1.2474566447324138,0.498356702,0.416908434,0.0,0.0,0.5274091977312542,1.0602899816600095,0.0,0.12355577582345353,0.0,1.5669012032266791,0.21668675883539654,0.0,350.8129628810226,0.0,0.0,2.220446049250313e-16,0.0,1.050032181446919e-08
4033.0,1.2231908596437568,0.303057778,0.476717452,0.0,0.0,0.3207250126661215,1.2123974887926745,0.0,0.0932448829796428,0.0,1.6780996228312246,0.21668675883539654,0.0,350.9191353909882,0.0,0.0,2.220446049250313e-16,0.0,1.0500333733713022e-08
4034.0,1.181046938329791,0.045079247,0.518228225,0.0,0.0,0.04770721332568545,1.3179685282666875,0.0,0.0,0.0,1.7620181126516783,0.18462880326258183,0.0,351.0253078997426,0.0,-6.938893903907228e-18,0.0,0.0,0.019954360931837417
4035.0,1.1175773063118069,1.98e-06,0.517526958,0.0,0.0,2.0954272458201705e-06,1.3161850518149525,0.0,0.0,0.0,1.7620161125320581,0.19860984093039133,0.0,351.11577200905515,0.0,0.0,0.0,0.0,0.019954361159464796
4036.0,1.0487264602161848,0.0,0.488455454,0.0,0.0,0.0,1.2422498134527826,0.0,0.0,0.0,1.7620141124147082,0.1935233532365978,0.0,351.213086825793,0.0,0.0,0.0,0.0,0.01995436138709218
4037.0,0.9853039379115743,0.0,0.45182632,0.0,0.0,0.0,1.1490938572528606,0.0,0.0,0.0,1.7620121122996288,0.16378991934128634,0.0,351.3079092624508,0.0,0.0,0.0,0.0,0.019954361614719564
4038.0,0.9366224731917075,0.0,0.417647103,0.0,0.0,0.0,1.0621685796364249,0.0,0.0,0.0,1.76201011218682,0.12554610644471742,0.0,351.3881623154181,0.0,0.0,2.220446049250313e-16,0.0,0.019954361842346953
4039.0,0.905545051819339,0.0,0.388021988,0.0,0.0,0.0,0.9868253865552657,0.0,0.0,0.0,1.7620081120762812,0.08128033473592676,0.0,351.4496758991507,0.0,0.0,0.0,0.0,0.019954362069974342
4040.0,0.891883234940974,0.0,0.360399721,0.0,0.0,0.0,0.9165758771130128,0.0,1.5556432959146763e-05,0.0,1.762006111968013,0.024677085739079698,0.0,351.48949925404423,0.0,0.0,1.1102230246251565e-16,0.0,0.019954362297601738
4041.0,0.9007998188722455,0.0,0.329714832,0.0,0.0,0.0,0.8385374453094254,0.0,0.0,0.062262373562820064,1.7620181126516783,0.0,0.0,351.50158701647507,0.0,0.0,0.0,0.0,0.04072209056355535
4042.0,0.9360228950214972,0.0,0.300310895,0.0,0.0,0.0,0.7637567566019812,0.0,0.0,0.17226613841951602,1.699753738969238,0.0,0.0,351.5015830067559,0.0,0.0,0.0,0.0,0.04072213678847448
4043.0,0.9881754890767604,1.61e-05,0.234911432,0.0,0.0,1.7038575079648857e-05,0.5974315164058462,0.0,0.0,0.2932786472456189,1.5274856711082603,0.0,0.09744828685021581,351.5015789970367,0.0,0.0,-1.1102230246251565e-16,0.0,0.040723189756089656
4044.0,1.0520455536584208,0.163838168,0.179991312,0.0,0.0,0.17338937430932444,0.45775755378323935,0.0,0.0,0.2932786472456189,1.2342052899678315,0.0,0.12761997832023814,351.4041267004674,0.0,-2.7755575615628914e-17,0.0,0.0,0.04072319022063538
4045.0,1.125146980710713,0.540231793,0.203219297,0.0,0.0,0.5717254636921628,0.5168314361543717,0.0,0.0,0.03659008086417867,0.9409252417387618,0.0,0.0,351.2765027135397,0.0,0.0,0.0,0.0,0.04072227546354671
4046.0,1.2017859189672464,0.70297162,0.234825485,0.0,0.0,0.7439524674678503,0.5972129342529754,0.0,0.13937948275357917,0.0,0.9043340928021135,0.0,0.0,351.2764987063881,0.0,-1.1102230246251565e-16,-1.1102230246251565e-16,0.0,0.03665008951980815
4047.0,1.2718380627538972,0.80122093,0.225847922,0.0,0.0,0.8479293770926138,0.5743810140222092,0.0,0.150472328360926,0.0,1.029774600743576,0.0,0.0,351.27649469923654,0.0,0.0,1.1102230246251565e-16,0.0,0.036650131122471494
4048.0,1.329506775975096,0.845131089,0.215254731,0.0,0.0,0.8943993485758945,0.5474401959069514,0.0,0.11233276850775005,0.0,1.1651985273403667,0.0,0.0,351.2764906920851,0.0,0.0,1.1102230246251565e-16,0.0,0.03665017272518206
4049.0,1.3760854343980107,0.851176898,0.215618163,0.0,0.0,0.9007976076171191,0.548364483537493,0.0,0.07307665675660142,0.0,1.2662966963455375,0.0,0.0,351.2764866849336,0.0,0.0,0.0,0.0,0.03665021432793985
4050.0,1.4079829930532026,0.843880602,0.226194461,0.0,0.0,0.8930759624494583,0.5752623390326659,0.0,0.06035530842892149,0.0,1.3320642500151099,0.0,0.0,351.2764826777822,0.0,-1.1102230246251565e-16,0.0,0.0,0.03665025593074486
4051.0,1.4285463829408107,0.835122178,0.240248654,0.0,0.0,0.8838069522070111,0.611005247601928,0.0,0.06626581686812826,0.0,1.386382515535047,0.0,0.0,351.27647867063087,0.0,0.0,0.0,0.0,0.0366502975335971
4052.0,1.4412146131371129,0.83139419,0.254002174,0.0,0.0,0.879861635223531,0.6459834785018108,0.0,0.08463050058822907,0.0,1.4460201769919778,0.0,0.0,351.2764746634796,0.0,0.0,0.0,0.0,0.03665033913649657
4053.0,1.4419276828895415,0.821937264,0.262958214,0.0,0.0,0.8698534026972152,0.6687606610026242,0.0,0.09668638081029798,0.0,1.5221859861005003,0.0,0.0,351.27647065632823,0.0,0.0,0.0,0.0,0.03665038073944326
4054.0,1.429953250290197,0.793595268,0.269255807,0.0,0.0,0.8398591650106869,0.6847768271962594,0.0,0.09468274191674926,0.0,1.6092020009507901,0.0,0.0,351.27646664917705,0.0,-1.1102230246251565e-16,0.0,0.0,0.03665042234243717
4055.0,1.3991649112498943,0.708845762,0.27438902,0.0,0.0,0.7501690519085656,0.6978317185675068,0.0,0.04883585922617827,0.0,1.694414642022397,0.0,0.0,351.2764626420259,0.0,0.0,1.1102230246251565e-16,0.0,0.03665046394547831
4056.0,1.3603807690397145,0.594147489,0.291227207,0.0,0.0,0.6287842608516363,0.7406549371196598,0.0,0.009058428931581567,0.0,1.738364991945065,0.0,0.0,351.27645863487476,0.0,0.0,0.0,0.0,0.03665050554856667
4057.0,1.3200484303400273,0.345433556,0.33769867,0.0,0.0,0.3655711539711856,0.8588421039736261,0.0,0.0,0.09563517239521559,1.746515604713235,0.0,0.0,351.2764546277237,0.0,0.0,0.0,0.0,0.04072283016855806
4058.0,1.2545530806469753,0.043059818,0.379022149,0.0,0.0,0.04557005850366555,0.9639368135496809,0.0,0.0,0.2450462085936289,1.6508784497957611,0.0,0.0,351.27645062057263,0.0,0.0,1.1102230246251565e-16,0.0,0.040722876394316744
4059.0,1.174164637476019,2.71e-06,0.373178655,0.0,0.0,2.867983755642758e-06,0.9490755211391505,0.0,0.0,0.22508624835311292,1.4058303672404775,0.0,0.0,351.2764466134216,0.0,0.0,0.0,0.0,0.0407229226201279
4060.0,1.0953672178067284,0.0,0.352682082,0.0,0.0,0.0,0.8969482211424729,0.0,0.0,0.19841899666425553,1.1807425230871398,0.0,0.0,351.2764426062707,0.0,0.0,0.0,0.0,0.040722968845991525
4061.0,1.0291202540503055,0.0,0.328166778,0.0,0.0,0.0,0.8346004029917142,0.0,0.0,0.19451985105859138,0.9823221861266241,0.0,0.0,351.2764385991198,0.0,0.0,0.0,0.0,0.04072301507190762
4062.0,0.9752460141062952,0.0,0.309589258,0.0,0.0,0.0,0.7873536774911011,0.0,0.0,0.18789233661519408,0.7878012200046497,0.0,0.0,351.27643459196895,0.0,0.0,0.0,0.0,0.0407230612978762
4063.0,0.939386956826499,0.0,0.297367609,0.0,0.0,0.0,0.7562713319752388,0.0,0.0,0.18311562485126026,0.5999079891326566,0.0,0.0,351.2764305848181,0.0,0.0,0.0,0.0,0.04072310752389723
4064.0,0.921089115882043,0.0,0.283769566,0.0,0.0,0.0,0.721688513333863,0.0,0.0,0.1994006025481801,0.4167916833078407,0.0,0.0,351.2764265776674,0.0,0.0,-1.1102230246251565e-16,0.0,0.04072315374997076
4065.0,0.927950003229736,0.0,0.261553497,0.0,0.0,0.0,0.6651881562492963,0.0,0.0,0.2015614216688924,0.21739060764691712,0.0,0.06120042531154727,351.2764225705166,0.0,0.0,0.0,0.0,0.04072319997609675
4066.0,0.9581194919443574,0.0,0.232590979,0.0,0.0,0.0,0.591530093291885,0.0,0.0,0.0,0.01582893921142426,0.0,0.36658939865247236,351.2152181380544,0.0,0.0,1.1102230246251565e-16,0.0,0.04072320044064258
4067.0,1.0019743523940305,1.85e-05,0.185879009,0.0,0.0,1.957848689276422e-05,0.472731264159532,0.0,0.0,0.01547962198280845,0.01582892124352049,0.0,0.5137438877647974,350.8486247329495,0.0,-3.3881317890172014e-21,0.0,0.0,0.04072329242850614
4068.0,1.0569171262913801,0.160375608,0.148499999,0.0,0.0,0.1697249588728158,0.37766820811358653,0.0,0.0,0.0,0.00034928129282867174,0.0,0.5095239593049777,350.33487684291407,0.0,0.0,0.0,0.0,0.04072320136973427
4069.0,1.1142432234153157,0.541729688,0.162472327,0.0,0.0,0.5733106808610405,0.41320291595513536,0.0,0.0,0.0,0.00034928089634899784,0.0,0.12772962659913983,349.825348887199,0.0,-1.1102230246251565e-16,0.0,0.0,0.04072320183428013
4070.0,1.1735714833576325,0.684483815,0.160991382,0.0,0.0,0.7243868865019863,0.4094365466067775,0.0,0.0,0.0,0.000349280499869774,0.0,0.03974805024886876,349.6976152700022,0.0,0.0,0.0,0.0,0.04072320229882598
4071.0,1.2290560189587791,0.782706569,0.1476534,0.0,0.0,0.828335692002538,0.3755151203730219,0.0,0.0,0.0,0.0003492801033910002,0.0,0.02520520658321918,349.6578632306127,0.0,-1.1102230246251565e-16,0.0,0.0,0.04072320276337185
4072.0,1.2748123987482622,0.830759044,0.137757261,0.0,0.0,0.8791894623783423,0.35034705903604524,0.0,0.0,0.0,0.0003492797069126764,0.0,0.04527587733387472,349.6326540353424,0.0,0.0,0.0,0.0,0.04072320322791772
4073.0,1.3124894626941608,0.83934223,0.137667473,0.0,0.0,0.8882730188431615,0.35011870837410286,0.0,0.0,0.0,0.0003492793104348027,0.0,0.07409773547689652,349.58737416960895,0.0,0.0,0.0,0.0,0.04072320369246359
4074.0,1.3376310601814465,0.834645505,0.146787241,0.0,0.0,0.8833024907971391,0.3733122872439022,0.0,0.0,0.0,0.00034927891395737903,0.0,0.08101628214040535,349.51327244624906,0.0,-1.1102230246251565e-16,0.0,0.0,0.04072320415700947
4075.0,1.3510401976880801,0.827633294,0.159504718,0.0,0.0,0.8758814918159066,0.4056556325816738,0.0,0.0,0.0,0.00034927851748040544,0.0,0.06950307329049958,349.43225217707095,0.0,0.0,5.551115123125783e-17,0.0,0.04072320462155535
4076.0,1.3594321507204175,0.827157727,0.173034052,0.0,0.0,0.8753782008820618,0.44006370910125836,0.0,0.0,0.0,0.0003492781210038819,0.0,0.04399024073709735,349.3627451176669,0.0,0.0,0.0,0.0,0.04072320508610125
4077.0,1.3586419923461044,0.819568849,0.180948992,0.0,0.0,0.8673469171818572,0.46019314497503605,0.0,0.0,0.0,0.00034927772452780835,0.0,0.031101930189211306,349.3187508916092,0.0,-1.1102230246251565e-16,0.0,0.0,0.04072320555064715
4078.0,1.3478924122944755,0.793386663,0.181451748,0.0,0.0,0.8396383990507806,0.4614717642270022,0.0,0.0,0.0,0.0003492773280521849,0.0,0.04678224901669274,349.2876449766013,0.0,0.0,0.0,0.0,0.040723206015193046
4079.0,1.3228150553254265,0.71398968,0.183945352,0.0,0.0,0.7556128427810226,0.4678135484745891,0.0,0.0,0.0,0.00034927693157701153,0.0,0.09938866406981485,349.2408587431207,0.0,-1.1102230246251565e-16,0.0,0.0,0.04072320647973895
4080.0,1.2867290148811936,0.586089791,0.199033398,0.0,0.0,0.6202568265446714,0.5061857729535628,0.0,0.0,0.0,0.0003492765351022882,0.0,0.16028641538295949,349.14146609512073,0.0,-1.1102230246251565e-16,0.0,0.0,0.040723206944284863
4081.0,1.2555252538229593,0.343341865,0.247317831,0.0,0.0,0.36335752452106607,0.6289837218672899,0.0,0.0,0.0,0.0003492761386280149,0.0,0.26318400743460335,348.9811756969414,0.0,-5.551115123125783e-17,0.0,0.0,0.04072320740883078
4082.0,1.1996124481002337,0.045619282,0.295618841,0.0,0.0,0.04827873052401701,0.7518238297434956,0.0,0.0,0.0,0.0003492757421541917,0.0,0.39950988783272107,348.71798770853894,0.0,-6.938893903907228e-18,0.0,0.0,0.0407232078733767
4083.0,1.1282133947812174,3.78e-06,0.291970965,0.0,0.0,4.000361105656688e-06,0.7425464775440483,0.0,0.0,0.0,0.0003492753456808185,0.0,0.3856629168760633,348.3184738427406,0.0,0.0,0.0,0.0,0.04072320833792263
4084.0,1.0568528857731432,0.0,0.273347679,0.0,0.0,0.0,0.6951833590243852,0.0,0.0,0.0,0.00034927494920789534,0.0,0.3616695267487579,347.93280695245636,0.0,0.0,1.1102230246251565e-16,0.0,0.04072320880246857
4085.0,0.979620793398223,0.0,0.250797307,0.0,0.0,0.0,0.6378327957726321,0.0,0.0,0.0,0.00034927455273542227,0.0,0.3417879976255909,347.57113345669893,0.0,0.0,0.0,0.0,0.040723209267014504
4086.0,0.9280377986046597,0.0,0.229764392,0.0,0.0,0.0,0.584341459927873,0.0,0.0,0.0,0.0003492741562633992,0.0,0.34369633867678673,347.22934149419035,0.0,0.0,0.0,0.0,0.04072320973156045
4087.0,0.8935149441041894,0.0,0.212171747,0.0,0.0,0.0,0.5395994884944022,0.0,0.0,0.0,0.0003492737597918262,0.0,0.35391545560978727,346.8856411945296,0.0,0.0,0.0,0.0,0.04072321019610639
4088.0,0.8767717237010646,0.0,0.202195313,0.0,0.0,0.0,0.514227219285542,0.0,0.0,0.0,0.00034927336332070326,0.0,0.3625445044155226,346.53172178185656,0.0,0.0,0.0,0.0,0.04072321066065235
4089.0,0.8835512397256576,0.0,0.190509047,0.0,0.0,0.0,0.4845064706695186,0.0,0.0,0.0,0.00034927296685003035,0.0,0.39904476905613906,346.16917332441506,0.0,0.0,0.0,0.0,0.04072321112519831
4090.0,0.911658607804877,0.0,0.187144709,0.0,0.0,0.0,0.4759502180600593,0.0,0.0,0.0,0.0003492725703798075,0.0,0.4357083897448176,345.7701246064687,0.0,0.0,0.0,0.0,0.04072321158974427
4091.0,0.9560145442967974,1.36e-05,0.173758835,0.0,0.0,1.4392833607653695e-05,0.4419069919209518,0.0,0.0,0.0003492717774407119,0.0003492721739100347,0.0,0.5137438877647974,345.33441227238575,0.0,0.0,0.0,0.0,0.04072440187379055
4092.0,1.0048908719219825,0.168931912,0.137607163,0.0,0.0,0.17878006620873502,0.3499653267593909,0.0,0.0,0.0,0.0,0.0,0.47614547895385645,344.8206644452531,0.0,0.0,5.551115123125783e-17,0.0,0.04072321251883622
4093.0,1.0568036347091616,0.574944483,0.119767268,0.0,0.0,0.6084617851071676,0.3045945441132272,0.0,0.0,0.0,0.0,0.0,0.14374730548876688,344.34451503279206,0.0,-1.1102230246251565e-16,0.0,0.0,0.040723212983382204
4094.0,1.1139048900192685,0.722078158,0.127516801,0.0,0.0,0.7641728514569908,0.32430331355117925,0.0,0.0,0.0,0.0,0.0,0.025428725011098538,344.2007637992276,0.0,0.0,0.0,0.0,0.04072321344792818
4095.0,1.1690275373676808,0.812945159,0.137775267,0.0,0.0,0.8603370886496012,0.350392852260295,0.0,0.04170240354221529,0.0,0.0,0.0,0.0,344.17533114778075,0.0,-1.1102230246251565e-16,5.551115123125783e-17,0.0,0.03665068659450605
4096.0,1.215959518640898,0.856239988,0.139275483,0.0,0.0,0.9061558584928968,0.35420823200654894,0.0,0.04440457185854781,0.0,0.03753216318799377,0.0,0.0,344.1753272216351,0.0,0.0,0.0,0.0,0.03665072819784714
4097.0,1.2576944419887561,0.860193107,0.140387839,0.0,0.0,0.9103394308457096,0.3570371983374133,0.0,0.009682187194366776,0.0,0.0774962352568024,0.0,0.0,344.1753232954894,0.0,0.0,0.0,0.0,0.03665076980123547
4098.0,1.2911444798346714,0.853746819,0.141742006,0.0,0.0,0.9035173462448998,0.36048114330590153,0.0,0.0,0.027145990283870085,0.08621011576343098,0.0,0.0,344.1753193693438,0.0,0.0,0.0,0.0,0.040723123782967795
4099.0,1.301067498551653,0.84526888,0.14421391,0.0,0.0,0.8945451723211616,0.36676773967354737,0.0,0.0,0.039754586556944096,0.05906402761987218,0.0,0.0,344.1753154431983,0.0,0.0,0.0,0.0,0.04072317000905977
4100.0,1.3010053993840243,0.843154889,0.147798599,0.0,0.0,0.8923079428571118,0.375884393413555,0.0,0.0,0.019309352098928676,0.019309374017578408,0.0,0.01350371101442864,344.1753115170528,0.0,0.0,0.0,0.0,0.04072321623520421
4101.0,1.3267894020536783,0.836935323,0.152854674,0.0,0.0,0.8857257973755073,0.3887431058593234,0.0,0.0,0.0,0.0,0.0,0.052320498818847684,344.1618038798929,0.0,0.0,5.551115123125783e-17,0.0,0.040723216699750237
4102.0,1.317200434031528,0.817974041,0.161204504,0.0,0.0,0.8656591373156693,0.40997856279796674,0.0,0.0,0.0,0.0,0.0,0.0415627339178921,344.1094794550827,0.0,-1.1102230246251565e-16,0.0,0.0,0.04072321716429626
4103.0,1.2938811259115601,0.740190631,0.173151665,0.0,0.0,0.7833412198475879,0.44036282486731887,0.0,0.0,0.0,0.0,0.0,0.07017708119665331,344.0679127957703,0.0,0.0,0.0,0.0,0.040723217628842304
4104.0,1.2643283461720123,0.605933519,0.19306278,0.0,0.0,0.641257376196108,0.49100117620894784,0.0,0.0,0.0,0.0,0.0,0.13206979376695638,343.9977317896533,0.0,0.0,-5.551115123125783e-17,0.0,0.04072321809338834
4105.0,1.2342295220274515,0.323523316,0.231721079,0.0,0.0,0.3423836217194387,0.5893177459757211,0.0,0.0,0.0,0.0,0.0,0.3025281543322917,343.86565807176663,0.0,0.0,0.0,0.0,0.040723218557934385
4106.0,1.1804709150162676,0.050066281,0.275409225,0.0,0.0,0.052984974396105416,0.7004263246069219,0.0,0.0,0.0,0.0,0.0,0.4270596160132403,343.56312599482123,0.0,-6.938893903907228e-18,0.0,0.0,0.04072321902248043
4107.0,1.1081403741828173,4.01e-06,0.293638261,0.0,0.0,4.243769321080244e-06,0.746786778533646,0.0,0.0,0.0,0.0,0.0,0.36134935187985034,343.136062459646,0.0,0.0,1.1102230246251565e-16,0.0,0.04072321948702649
4108.0,1.0341524279788568,0.0,0.301924809,0.0,0.0,0.0,0.7678612954069237,0.0,0.0,0.0,0.0,0.0,0.2662911325719331,342.7747091934758,0.0,0.0,0.0,0.0,0.04072321995157255
4109.0,0.9757106871882083,0.0,0.300396085,0.0,0.0,0.0,0.7639734135371046,0.0,0.0,0.0,0.0,0.0,0.21173727365110362,342.50841415073563,0.0,0.0,1.1102230246251565e-16,0.0,0.040723220416118616
4110.0,0.9261448446672812,0.0,0.299703194,0.0,0.0,0.0,0.7622112390983828,0.0,0.0,0.0,0.0,0.0,0.16393360556889847,342.29667296995405,0.0,0.0,0.0,0.0,0.04072322088066469
4111.0,0.8917440471514609,0.0,0.296274174,0.0,0.0,0.0,0.7534904859151746,0.0,0.0,0.0,0.0,0.0,0.13825356123628627,342.1327354596701,0.0,0.0,1.1102230246251565e-16,0.0,0.04072322134521076
4112.0,0.8766196878079041,0.0,0.289271741,0.0,0.0,0.0,0.7356817563437661,0.0,0.0,0.0,0.0,0.0,0.1409379314641379,341.9944779955888,0.0,0.0,1.1102230246251565e-16,0.0,0.04072322180975684
4113.0,0.8817696360198897,0.0,0.281574894,0.0,0.0,0.0,0.7161069790091587,0.0,0.0,0.0,0.0,0.0,0.16566265701073102,341.85353616285687,0.0,0.0,0.0,0.0,0.040723222274302924
4114.0,0.9100568775501721,0.0,0.273678914,0.0,0.0,0.0,0.6960257625917718,0.0,0.0,0.0,0.0,0.0,0.2140311149584003,341.68786960618604,0.0,0.0,0.0,0.0,0.04072322273884902
4115.0,0.9520637524252327,2.11e-05,0.248360046,0.0,0.0,2.2330058023639192e-05,0.6316343041849309,0.0,0.0,0.0,0.0,0.0,0.32040711818227813,341.4738345934575,0.0,-3.3881317890172014e-21,0.0,0.0,0.040723223203395116
4116.0,1.000447569410602,0.168735594,0.195419237,0.0,0.0,0.17857230353901538,0.4969941654256462,0.0,0.0,0.0,0.0,0.0,0.3248811004459405,341.15342357994655,0.0,-2.7755575615628914e-17,0.0,0.0,0.04072322366794121
4117.0,1.0522768195240733,0.553201023,0.176203332,0.0,0.0,0.5854507555605002,0.44812388625055394,0.0,0.0,0.0,0.0,0.0,0.018702177713018957,340.82853858782704,0.0,1.1102230246251565e-16,5.551115123125783e-17,0.0,0.04072322413248733
4118.0,1.1065621987847991,0.700586619,0.181373666,0.0,0.0,0.7414284290452702,0.4612731845015846,0.0,0.0904380298332403,0.0,0.0,0.005701384928815418,0.0,340.80983252214656,0.0,0.0,5.551115123125783e-17,0.0,0.019954380052546388
4119.0,1.1546440853344555,0.797748187,0.185269949,0.0,0.0,0.8442541850219415,0.4711822904195815,0.0,0.1607923901070675,0.0,0.08139422684991628,0.0,0.0,340.8126223130076,0.0,0.0,5.551115123125783e-17,0.0,0.01995440270338753
4120.0,1.1935888288402274,0.837106941,0.187777798,0.0,0.0,0.8859074201194838,0.4775603028399684,0.0,0.1698788941192247,0.0,0.2261072855532483,0.0,0.0,340.8126184252217,0.0,0.0,5.551115123125783e-17,0.0,0.01995442535425438
4121.0,1.2306470424604445,0.847592085,0.192013331,0.0,0.0,0.8970038122477404,0.48833219623584634,0.0,0.15468896602314203,0.0,0.3789980335993875,0.0,0.0,340.8126145374358,0.0,-1.1102230246251565e-16,0.0,0.0,0.01995444800514694
4122.0,1.261379706384942,0.842133647,0.19870005,0.0,0.0,0.8912271659321745,0.5053379955617376,0.0,0.13518545510897031,0.0,0.5182176728081774,0.0,0.0,340.81261064965,0.0,0.0,0.0,0.0,0.01995447065606522
4123.0,1.2835705227345495,0.833869521,0.206975689,0.0,0.0,0.882481269576977,0.5263847684450487,0.0,0.12529551528747623,0.0,0.6398839941618238,0.0,0.0,340.8126067618642,0.0,0.0,0.0,0.0,0.01995449330700921
4124.0,1.3014807792189766,0.833509795,0.213442796,0.0,0.0,0.8821005727782751,0.542832046080174,0.0,0.12345183963947258,0.0,0.7526492315690342,0.0,0.0,340.81260287407844,0.0,0.0,0.0,0.0,0.019954515957978904
4125.0,1.3080889871949382,0.828406291,0.213620463,0.0,0.0,0.8766995519041578,0.5432838923965563,0.0,0.11189445710577588,0.0,0.8637550328898372,0.0,0.0,340.81259898629276,0.0,-1.1102230246251565e-16,0.0,0.0,0.019954538608974316
4126.0,1.2991402830045484,0.805109219,0.209322234,0.0,0.0,0.8520443400775749,0.5323525492623933,0.0,0.08525660633541988,0.0,0.9644590638107851,0.0,0.0,340.81259509850713,0.0,0.0,1.1102230246251565e-16,0.0,0.019954561259995438
4127.0,1.2766068505576778,0.739004711,0.203943568,0.0,0.0,0.7820861647570004,0.5186734168452849,0.0,0.024152731044607578,0.0,1.0411889147262459,0.0,0.0,340.8125912107215,0.0,0.0,0.0,0.0,0.019954583911042274
4128.0,1.2481761385366663,0.613692102,0.208972157,0.0,0.0,0.6494682581189146,0.5314622263386081,0.0,0.0,0.06724565407914346,1.06292519078162,0.0,0.0,340.81258732293594,0.0,0.0,1.1102230246251565e-16,0.0,0.02217178506901647
4129.0,1.2193278631471156,0.325987971,0.273423387,0.0,0.0,0.3449919576985028,0.6953759011448729,0.0,0.0,0.17896000430374004,0.9956783301442046,0.0,0.0,340.81258343515043,0.0,-5.551115123125783e-17,0.0,0.0,0.022171810236903424
4130.0,1.164252325512077,0.064488939,0.376972412,0.0,0.0,0.06824842415890654,0.9587238808553573,0.0,0.0,0.13728002049781304,0.8167171956161217,0.0,0.0,340.8125795473649,0.0,0.0,1.1102230246251565e-16,0.0,0.022171835404818947
4131.0,1.0921423437912396,4.78e-06,0.416621479,0.0,0.0,5.058657694454755e-06,1.0595601918863462,0.0,0.0,0.032577093247198874,0.6794362480381184,0.0,0.0,340.8125756595795,0.0,0.0,2.220446049250313e-16,0.0,0.02217186057276304
4132.0,1.0219338814102126,0.0,0.413701512,0.0,0.0,0.0,1.0521340726131683,0.0,0.030200191202955775,0.0,0.6468583835424513,0.0,0.0,340.8125717717941,0.0,0.0,0.0,0.0,0.01995469716666213
4133.0,0.9623358112913011,0.0,0.398117003,0.0,0.0,0.0,1.0124992333674114,0.0,0.05016342207611044,0.0,0.6740378213567546,0.0,0.0,340.8125678840088,0.0,0.0,0.0,0.0,0.019954719817863235
4134.0,0.9136072368580607,0.0,0.379285434,0.0,0.0,0.0,0.9646064052994638,0.0,0.050999168441403245,0.0,0.7191841361047018,0.0,0.0,340.8125639962235,0.0,0.0,1.1102230246251565e-16,0.0,0.019954742469090056
4135.0,0.8823542247358448,0.0,0.367052823,0.0,0.0,0.0,0.9334961810029603,0.0,0.05114195626711554,0.0,0.7650825713344763,0.0,0.0,340.8125601084383,0.0,0.0,1.1102230246251565e-16,0.0,0.019954765120342586
4136.0,0.8673412156238985,0.0,0.353501785,0.0,0.0,0.0,0.8990329064305538,0.0,0.03169169080665524,0.0,0.8111094635067012,0.0,0.0,340.81255622065305,0.0,0.0,0.0,0.0,0.01995478777162083
4137.0,0.8724269233176473,0.0,0.326861245,0.0,0.0,0.0,0.8312801449980213,0.0,0.0,0.04114677831962597,0.8396310645180055,0.0,0.0,340.8125523328679,0.0,0.0,0.0,0.0,0.022172011581027537
4138.0,0.8965556619673991,0.0,0.298300539,0.0,0.0,0.0,0.7586439784652593,0.0,0.0,0.13791168350213984,0.7984833331079693,0.0,0.0,340.81254844508277,0.0,0.0,0.0,0.0,0.022172036749171613
4139.0,0.932181312030935,1.59e-05,0.249075893,0.0,0.0,1.6826915761889247e-05,0.6334548607882577,0.0,0.0,0.2932786472456189,0.6605707432234434,0.0,0.0054309770812965355,340.8125445572977,0.0,0.0,0.0,0.0,0.040723234352503045
4140.0,0.9785929451064339,0.154173867,0.169547132,0.0,0.0,0.16316167752790667,0.43119570346419817,0.0,0.0,0.2932786472456189,0.36729134614415687,0.0,0.09095691686871017,340.80710969243137,0.0,0.0,0.0,0.0,0.04072323481704927
4141.0,1.030726267006226,0.53972487,0.151589339,0.0,0.0,0.5711889888104795,0.3855250802341959,0.0,0.0,0.07401219796155058,0.07401228197511221,0.0,0.0,340.7161488878396,0.0,0.0,5.551115123125783e-17,0.0,0.02217211225377525
4142.0,1.0851379859528176,0.682179804,0.181573773,0.0,0.0,0.7219485595201331,0.4617821006809106,0.0,0.0,0.0,0.0,0.09859267424822607,0.0,340.7161450011542,0.0,0.0,0.0,0.0,0.01995438551560946
4143.0,1.133828016075116,0.778671827,0.183837283,0.0,0.0,0.8240657383072577,0.4675387052028216,0.0,0.0,0.0,0.0,0.1577764274349633,0.0,340.7644515248505,0.0,-1.1102230246251565e-16,5.551115123125783e-17,0.0,0.01995438574323712
4144.0,1.1775929397992577,0.831234479,0.182573989,0.0,0.0,0.8796926136170374,0.4643258702902729,0.0,0.0,0.0,0.0,0.1664255441080526,0.0,340.8417580870572,0.0,0.0,5.551115123125783e-17,0.0,0.01995438597086478
4145.0,1.2146147504591405,0.842040703,0.190332583,0.0,0.0,0.8911288036140252,0.4840576838471257,0.0,0.0,0.0,0.0,0.16057173700201058,0.0,340.92330271555187,0.0,0.0,0.0,0.0,0.019954386198492446
4146.0,1.243974808643978,0.840665934,0.204972122,0.0,0.0,0.8896738902709399,0.5212892562307657,0.0,0.0,0.0,0.0,0.16698833785772763,0.0,341.0019789776344,0.0,0.0,0.0,0.0,0.019954386426120116
4147.0,1.2653818906710963,0.833882214,0.219853122,0.0,0.0,0.8824947025355786,0.5591349171249337,0.0,0.0,0.0,0.0,0.17624772898941618,0.0,341.08379937323866,0.0,0.0,0.0,0.0,0.019954386653747786
4148.0,1.276009413738075,0.832570908,0.232614356,0.0,0.0,0.8811069518689083,0.5915895461522253,0.0,0.06765810701709223,0.0,0.0,0.12902897726596613,0.0,341.17015686956415,0.0,-1.1102230246251565e-16,0.0,0.0,0.019954386881375456
4149.0,1.2759408905186225,0.826811091,0.24493962,0.0,0.0,0.8750113571857073,0.6229354074367556,0.0,0.2220058741038403,0.0,0.06089229631538301,0.0,0.0,341.23337717656,0.0,-1.1102230246251565e-16,1.1102230246251565e-16,0.0,0.01995440953222435
4150.0,1.2619600123996813,0.803856251,0.258371667,0.0,0.0,0.8507183283173018,0.6570960616855647,0.0,0.24585437760318532,0.0,0.260697513888167,0.0,0.0,341.2333732839744,0.0,0.0,0.0,0.0,0.019954432183098957
4151.0,1.2407006835645078,0.726033521,0.271145432,0.0,0.0,0.7683587986273489,0.689582559806107,0.0,0.21724067486894805,0.0,0.48196615780546487,0.0,0.0,341.2333693913888,0.0,-1.1102230246251565e-16,0.0,0.0,0.019954454833999272
4152.0,1.2131222290854382,0.593106235,0.297430683,0.0,0.0,0.6276823052953641,0.7564317430507873,0.0,0.17099181926071313,0.0,0.6774822180932735,0.0,0.0,341.23336549880327,0.0,-1.1102230246251565e-16,1.1102230246251565e-16,0.0,0.019954477484925296
4153.0,1.1844752406530297,0.359161602,0.373763287,0.0,0.0,0.3800994982238486,0.9505623690942528,0.0,0.14618662666507165,0.0,0.831374086397525,0.0,0.0,341.2333616062177,0.0,0.0,0.0,0.0,0.019954500135877035
4154.0,1.1314125725894113,0.047029562,0.424594975,0.0,0.0,0.049771225037267136,1.0798385485664757,0.0,0.0,0.0018027989856686814,0.9629411066784228,0.0,0.0,341.23335771363224,0.0,0.0,0.0,0.0,0.022171691985393874
4155.0,1.0634075599839075,3.99e-06,0.411946795,0.0,0.0,4.2226033893042825e-06,1.0476714407640162,0.0,0.0,0.015731896616501966,0.9611372146294157,0.0,0.0,341.2333538210469,0.0,0.0,0.0,0.0,0.022171717153175168
4156.0,1.0070600600877795,0.0,0.385453831,0.0,0.0,0.0,0.9802939976066075,0.0,0.0,0.026766062481171967,0.9454042269972273,0.0,0.0,341.2333499284615,0.0,0.0,1.1102230246251565e-16,0.0,0.02217174232098503
4157.0,0.946147200695621,0.0,0.358251703,0.0,0.0,0.0,0.9111129941869616,0.0,0.0,0.03503420650865947,0.9186370913593551,0.0,0.0,341.2333460358762,0.0,0.0,0.0,0.0,0.022171767488823456
4158.0,0.8983843753865408,0.0,0.339291783,0.0,0.0,0.0,0.8628937412536538,0.0,0.0,0.035490634132886945,0.8836018420781742,0.0,0.0,341.2333421432909,0.0,0.0,0.0,0.0,0.022171792656690455
4159.0,0.8619021850798473,0.0,0.323281629,0.0,0.0,0.0,0.8221763930144624,0.0,0.0,0.03972579206538483,0.8481102049423282,0.0,0.0,341.2333382507057,0.0,0.0,0.0,0.0,0.022171817824586024
4160.0,0.840231716927958,0.0,0.308555116,0.0,0.0,0.0,0.7847236265907305,0.0,0.0,0.05550809033722756,0.8083834501616064,0.0,0.0,341.23333435812043,0.0,0.0,0.0,0.0,0.022171842992510158
4161.0,0.8320646057094495,0.0,0.291836877,0.0,0.0,0.0,0.7422054622239773,0.0,0.0,0.08985914348547223,0.7528744422040731,0.0,0.0,341.2333304655353,0.0,0.0,0.0,0.0,0.022171868160462863
4162.0,0.8333237198668914,0.0,0.274663521,0.0,0.0,0.0,0.6985298350758807,0.0,0.0,0.1347938847910106,0.6630144441082354,0.0,0.0,341.2333265729502,0.0,0.0,0.0,0.0,0.022171893328444138
4163.0,0.8475958216685061,1.59e-05,0.241008729,0.0,0.0,1.6826915761889247e-05,0.6129382857515236,0.0,0.0,0.23464070900122053,0.5282198067096388,0.0,0.0,341.2333226803652,0.0,0.0,1.1102230246251565e-16,0.0,0.02217191849645398
4164.0,0.8847075690539206,0.160677044,0.17486415,0.0,0.0,0.1700439675633567,0.44471805143786847,0.0,0.0,0.2699455500526954,0.29357849811026904,0.0,0.0,341.23331878778015,0.0,0.0,0.0,0.0,0.022171943664492395
4165.0,0.9365753634783339,0.538532145,0.134874689,0.0,0.0,0.5699267320116054,0.3430160434850054,0.0,0.0,0.02363258798172309,0.023632614807813132,0.0,0.0,341.2333148951952,0.0,0.0,0.0,0.0,0.022171968832559372
4166.0,0.9912611753027359,0.695281327,0.147889165,0.0,0.0,0.7358138566190925,0.37611472270087043,0.0,0.0,0.0,0.0,0.120667404017227,0.0,341.23331100261026,0.0,0.0,0.0,0.0,0.019954390978674026
4167.0,1.0448656050701515,0.790921952,0.151501351,0.0,0.0,0.8370300038071076,0.38530130736874635,0.0,0.0,0.0,0.0,0.17746570610570245,0.0,341.29243413799384,0.0,0.0,0.0,0.0,0.019954391206301745
4168.0,1.0876283767097987,0.831492967,0.146156064,0.0,0.0,0.8799661705856826,0.3717070651011565,0.0,0.0,0.0,0.0,0.16404485897704046,0.0,341.3793884407263,0.0,0.0,5.551115123125783e-17,0.0,0.019954391433929474
4169.0,1.1231362524899002,0.845257098,0.146610777,0.0,0.0,0.8945327034707524,0.3728635004215093,0.0,0.0,0.0,0.0,0.14425995140236159,0.0,341.4597665273738,0.0,0.0,0.0,0.0,0.019954391661557196
4170.0,1.1512136416606091,0.840296828,0.152247233,0.0,0.0,0.8892832666502352,0.3871982495929963,0.0,0.0,0.0,0.0,0.12526787458262229,0.0,341.5304500083928,0.0,-1.1102230246251565e-16,5.551115123125783e-17,0.0,0.019954391889184932
4171.0,1.1773488258299578,0.831290446,0.159532925,0.0,0.0,0.8797518433022228,0.40572736919593644,0.0,0.0,0.0,0.0,0.10813038666820142,0.0,341.5918273709638,0.0,-1.1102230246251565e-16,0.0,0.0,0.019954392116812665
4172.0,1.2000856865845784,0.827371485,0.165785671,0.0,0.0,0.8756044202442901,0.4216294795899533,0.0,0.0,0.0,0.0,0.09714821324966504,0.0,341.6448073637566,0.0,0.0,5.551115123125783e-17,0.0,0.019954392344440405
4173.0,1.2132378620182647,0.818057023,0.172851405,0.0,0.0,0.8657469568832009,0.4395991975479127,0.0,0.0,0.0,0.0,0.09210829241284897,0.0,341.69240609097,0.0,0.0,0.0,0.0,0.019954392572068137
4174.0,1.214888843336951,0.794242345,0.183599314,0.0,0.0,0.8405439643924766,0.46693349761748976,0.0,0.0,0.0,0.0,0.09258861867301535,0.0,341.7375352564303,0.0,-1.1102230246251565e-16,0.0,0.0,0.01995439279969588
4175.0,1.1991713298750075,0.714092874,0.20019287,0.0,0.0,0.755722052639207,0.5091345656508467,0.0,0.0,0.0,0.0,0.06568528841504619,0.0,341.7828997812433,0.0,0.0,1.1102230246251565e-16,0.0,0.019954393027323623
4176.0,1.1735500698515535,0.596005097,0.234297965,0.0,0.0,0.6307501610613604,0.5958713346941492,0.0,0.04687276565483856,0.0,0.0,0.006198660249117503,0.0,341.8150816737124,0.0,0.0,0.0,0.0,0.01995439325495137
4177.0,1.1449501911325186,0.341807923,0.311828681,0.0,0.0,0.36173415893505195,0.7930490234662776,0.0,0.009832991268810933,0.0,0.042185489089354704,0.0,0.0,341.8181151180131,0.0,0.0,0.0,0.0,0.019954415905807495
4178.0,1.0961102664676676,0.05089784,0.389746099,0.0,0.0,0.053865010449189746,0.9912101806047185,0.0,0.0,0.0510350754137594,0.05103513334527031,0.0,0.0,341.8181112187571,0.0,0.0,0.0,0.0,0.02217159839632148
4179.0,1.043214623751465,3.88e-06,0.430983821,0.0,0.0,4.106190764536495e-06,1.0960867912397545,0.0,0.0,0.0,0.0,0.05287627367905391,0.0,341.8181073195012,0.0,0.0,-2.220446049250313e-16,0.0,0.019954393937834627
4180.0,0.9924796037986278,0.0,0.436023628,0.0,0.0,0.0,1.1089041305781089,0.0,0.0,0.0,0.0,0.11642452677948109,0.0,341.8440127943481,0.0,0.0,0.0,0.0,0.01995439416546238
4181.0,0.9334896772523583,0.0,0.4334349,0.0,0.0,0.0,1.1023204250451988,0.0,0.0,0.0,0.0,0.16883074779284038,0.0,341.90105691291865,0.0,0.0,0.0,0.0,0.019954394393090137
4182.0,0.8904742262409796,0.0,0.427018622,0.0,0.0,0.0,1.0860024167533695,0.0,0.0,0.0,0.0,0.19552819051238987,0.0,341.983780079135,0.0,0.0,0.0,0.0,0.0199543946207179
4183.0,0.8557136818230331,0.0,0.415638556,0.0,0.0,0.0,1.0570604021851784,0.0,0.03715786757963015,0.0,0.0,0.1641888527825152,0.0,342.07958499134025,0.0,0.0,0.0,0.0,0.019954394848345665
4184.0,0.8314842996947102,0.0,0.404110126,0.0,0.0,0.0,1.0277410652842878,0.0,0.1962567655895777,0.0,0.033442080821667136,0.0,0.0,342.16003362696506,0.0,0.0,2.220446049250313e-16,0.0,0.0199544174992036
4185.0,0.818837483004487,0.0,0.368211912,0.0,0.0,0.0,0.9364439996468795,0.0,0.11760651664239256,0.0,0.21007313189117785,0.0,0.0,342.1600297238087,0.0,0.0,0.0,0.0,0.019954440150087245
4186.0,0.8123384839095281,0.0,0.330267017,0.0,0.0,0.0,0.8399417733963043,0.0,0.027603289486776286,0.0,0.31591875840901695,0.0,0.0,342.1600258206523,0.0,0.0,1.1102230246251565e-16,0.0,0.019954462800996605
4187.0,0.8267112291897141,8.31e-06,0.273636044,0.0,0.0,8.794444652911927e-06,0.6959167347386348,0.0,0.0,0.1307857000064264,0.3407613603382554,0.0,0.0,342.16002191749607,0.0,0.0,0.0,0.0,0.022171650502146308
4188.0,0.8674846861146275,0.151873552,0.195335966,0.0,0.0,0.16072726201024568,0.49678238893022797,0.0,0.0,0.2099750351741538,0.20997527352338605,0.0,0.0,342.1600180143398,0.0,-2.7755575615628914e-17,5.551115123125783e-17,0.0,0.022171675669880514
4189.0,0.928984275573349,0.518648453,0.17510256,0.0,0.0,0.5488838885952939,0.44532438058334106,0.0,0.0,0.0,0.0,0.06522399360528601,0.0,342.1600141111836,0.0,0.0,5.551115123125783e-17,0.0,0.019954396214112304
4190.0,0.9947151738332694,0.68980464,0.197076029,0.0,0.0,0.7300178974490777,0.501207752429488,0.0,0.019823717209899862,0.0,0.0,0.21668675883539654,0.0,342.19196996489404,0.0,0.0,1.1102230246251565e-16,0.0,0.019954172210808908
4191.0,1.0593539832831635,0.786021713,0.196535718,0.0,0.0,0.8318440975891123,0.49983362254013997,0.0,0.05563697801069211,0.0,0.01784134548890988,0.21668675883539654,0.0,342.2981425732027,0.0,0.0,0.0,0.0,0.01995419486141412
4192.0,1.1163181921543652,0.831544217,0.191006825,0.0,0.0,0.8800204082858586,0.48577242977096186,0.0,0.03278788706705867,0.0,0.06791460544628627,0.21668675883539654,0.0,342.40431518030016,0.0,0.0,0.0,0.0,0.01995421751204505
4193.0,1.1626398885043325,0.843311299,0.188369781,0.0,0.0,0.8924734710265658,0.47906584600730345,0.0,0.0,0.0,0.09742362671473301,0.2088994285295367,0.0,342.51048778618656,0.0,-1.1102230246251565e-16,0.0,0.0,0.019954397124623453
4194.0,1.1977023633579922,0.837672022,0.190547542,0.0,0.0,0.8865054434141784,0.48460437193395783,0.0,0.0,0.0,0.09742351612625161,0.173407451990144,0.0,342.61284459901185,0.0,0.0,5.551115123125783e-17,0.0,0.019954397352251244
4195.0,1.2242294146885855,0.829316291,0.199702931,0.0,0.0,0.8776626017999641,0.5078885428531297,0.0,0.0,0.0,0.09742340553789575,0.16132172996450836,0.0,342.69781034216527,0.0,0.0,0.0,0.0,0.01995439757987904
4196.0,1.2441011483298436,0.825829866,0.216230658,0.0,0.0,0.8739729301153638,0.5499221932390839,0.0,0.0,0.0,0.09742329494966542,0.1797939750246038,0.0,342.77685408055686,0.0,-1.1102230246251565e-16,0.0,0.0,0.019954397807506834
4197.0,1.2566708763981826,0.817971997,0.232953621,0.0,0.0,0.8656569741574418,0.5924523717784104,0.0,0.0,0.0,0.09742318436156062,0.20143846953766947,0.0,342.86494921812624,0.0,-1.1102230246251565e-16,0.0,0.0,0.019954398035134636
4198.0,1.2567565304224984,0.790336357,0.251980425,0.0,0.0,0.8364102706161904,0.6408417254565099,0.0,0.0038087068148054018,0.0,0.09742307377358136,0.21668675883539654,0.0,342.96365015700206,0.0,-1.1102230246251565e-16,0.0,0.0,0.019954353416370533
4199.0,1.237859111307832,0.718806338,0.272197285,0.0,0.0,0.7607102955118296,0.6922576536807467,0.0,0.0,0.0,0.10085079931905248,0.21510883788474422,0.0,343.06982275650785,0.0,0.0,1.1102230246251565e-16,0.0,0.019954398490390247
4200.0,1.2105783045632599,0.592083229,0.300031179,0.0,0.0,0.626599661535244,0.7630453771998795,0.0,0.0597326532905138,0.0,0.10085068484028466,0.11933408088134997,0.0,343.17522217353667,0.0,0.0,0.0,0.0,0.019954398718018056
4201.0,1.1782931614480392,0.346777244,0.353294485,0.0,0.0,0.3669931743979945,0.8985056968677985,0.0,0.08720570981775369,0.0,0.1546099583231092,0.0,0.0,343.2336919584315,0.0,0.0,0.0,0.0,0.01995442136888038
4202.0,1.1311277729585614,0.063996277,0.394584641,0.0,0.0,0.06772704164487613,1.00351565871467,0.0,0.0,0.05988507259901513,0.23309492165668552,0.0,0.0,343.2336880430275,0.0,-1.3877787807814457e-17,0.0,0.0,0.02217160446640936
4203.0,1.063013551472055,3.13e-06,0.394144111,0.0,0.0,3.3124683229379464e-06,1.0023952938874603,0.0,0.0,0.060614945116271676,0.173209584464632,0.0,0.0,343.2336841276235,0.0,-4.235164736271502e-22,0.0,0.0,0.022171629634091305
4204.0,0.9965203323957241,0.0,0.389319913,0.0,0.0,0.0,0.9901262957291158,0.0,0.0,0.006394036666608222,0.11259444273296469,0.0,0.0,343.23368021221955,0.0,0.0,1.1102230246251565e-16,0.0,0.02217165480180182
4205.0,0.9414769150198037,0.0,0.387884061,0.0,0.0,0.0,0.9864746078125637,0.0,0.04499769279275998,0.0,0.10620027825702669,0.0,0.0,343.2336762968157,0.0,0.0,0.0,0.0,0.019954511972586814
4206.0,0.8923650388277502,0.0,0.391273926,0.0,0.0,0.0,0.9950957812059518,0.0,0.10273074237820155,0.0,0.14669808121938882,0.0,0.0,343.2336723814118,0.0,0.0,1.1102230246251565e-16,0.0,0.0199545346235777
4207.0,0.8615060352173869,0.0,0.393647818,0.0,0.0,0.0,1.0011331114681234,0.0,0.1396270762507367,0.0,0.2391555828383773,0.0,0.0,343.233668466008,0.0,0.0,2.220446049250313e-16,0.0,0.019954557274594303
4208.0,0.8486750623748849,0.0,0.385605014,0.0,0.0,0.0,0.9806784892772589,0.0,0.13200342690237404,0.0,0.3648196799913636,0.0,0.0,343.23366455060426,0.0,0.0,1.1102230246251565e-16,0.0,0.019954579925636613
4209.0,0.8567650849715092,0.0,0.362153233,0.0,0.0,0.0,0.921035444381735,0.0,0.06427035941022587,0.0,0.4836223500857369,0.0,0.0,343.2336606352006,0.0,0.0,0.0,0.0,0.01995460257670463
4210.0,0.8899153337323192,0.0,0.329920917,0.0,0.0,0.0,0.839061564859548,0.0,0.0,0.050853768872771266,0.541465124580702,0.0,0.0,343.2336567197969,0.0,0.0,0.0,0.0,0.022171805808664853
4211.0,0.9365175470119207,1.79e-05,0.274734067,0.0,0.0,1.8943508939485378e-05,0.6987092490933151,0.0,0.0,0.2377893544096661,0.49061074107462377,0.0,0.0,343.2336528043933,0.0,0.0,0.0,0.0,0.02217183097657535
4212.0,0.9857664696428794,0.164062298,0.219925644,0.0,0.0,0.17362657032377174,0.559319356545629,0.0,0.0,0.25282054277347865,0.25282082975798714,0.0,0.0,343.2336488889897,0.0,-2.7755575615628914e-17,0.0,0.0,0.02217185614451441
4213.0,1.040991901820471,0.538626319,0.197986045,0.0,0.0,0.5700263960345588,0.5035221235701551,0.0,0.0,0.0,0.0,0.032556617784243014,0.0,343.23364497358614,0.0,0.0,0.0,0.0,0.0199544016771798
4214.0,1.1006006786924218,0.685300745,0.205667456,0.0,0.0,0.7252514407342732,0.5230576437566165,0.0,0.0,0.0,0.0,0.1477084057984678,0.0,343.24959380089695,0.0,0.0,0.0,0.0,0.01995440190480765
4215.0,1.1560124083729,0.785396132,0.213432142,0.0,0.0,0.8311820473507954,0.5428049506113771,0.0,0.0012878307538761074,0.0,0.0,0.21668675883539654,0.0,343.3219670041527,0.0,0.0,0.0,0.0,0.019953998518458464
4216.0,1.2069765528407819,0.836463124,0.221318104,0.0,0.0,0.8852260707845735,0.5628606890480612,0.0,0.02442344815645611,0.0,0.0011590476784884966,0.21668675883539654,0.0,343.42813959957107,0.0,0.0,0.0,0.0,0.019954021168866517
4217.0,1.2491290395571792,0.847542334,0.231420755,0.0,0.0,0.896951160934151,0.5885539558902174,0.0,0.019689318431792592,0.0,0.023140149703629202,0.21668675883539654,0.0,343.53431219377825,0.0,0.0,0.0,0.0,0.019954043819300275
4218.0,1.2795983173569059,0.845323584,0.242755,0.0,0.0,0.8946030653777552,0.6173794375622434,0.0,0.015697426747696242,0.0,0.04086051002516441,0.21668675883539654,0.0,343.64048478677427,0.0,-1.1102230246251565e-16,-1.1102230246251565e-16,0.0,0.019954066469759748
4219.0,1.3004486482259716,0.838384635,0.25394924,0.0,0.0,0.8872595993212116,0.6458488556798384,0.0,0.01597304793968169,0.0,0.05498814771610028,0.21668675883539654,0.0,343.7466573785591,0.0,-1.1102230246251565e-16,0.0,0.0,0.01995408912024493
4220.0,1.3179627548479385,0.836931811,0.262826717,0.0,0.0,0.8857220806378876,0.6684262351662825,0.0,0.019498802120834983,0.0,0.06936382844311767,0.21668675883539654,0.0,343.85282996913287,0.0,-1.1102230246251565e-16,0.0,0.0,0.019954111770755824
4221.0,1.32545534062496,0.829030169,0.263471624,0.0,0.0,0.8773597998633841,0.6700663757233872,0.0,0.005284076126414768,0.0,0.08691267161490658,0.21668675883539654,0.0,343.95900255849546,0.0,-1.1102230246251565e-16,0.0,0.0,0.019954134421292426
4222.0,1.3163267629835071,0.802905102,0.25750338,0.0,0.0,0.8497117305751631,0.6548878165837021,0.0,0.0,0.0,0.09166824147149895,0.18827278417535817,0.0,344.0651751466468,0.0,-1.1102230246251565e-16,1.1102230246251565e-16,0.0,0.019954403725830495
4223.0,1.2884977704833143,0.733615344,0.250825229,0.0,0.0,0.7763826160451195,0.6379038075691166,0.0,0.0,0.0,0.091668137416128,0.12578865313092186,0.0,344.1574248860037,0.0,0.0,0.0,0.0,0.019954403953458363
4224.0,1.2542597156136939,0.594215015,0.274404862,0.0,0.0,0.6288557233870914,0.6978720082630843,0.0,0.0,0.0,0.09166803336087519,0.07246801603648188,0.0,344.21905740009646,0.0,0.0,0.0,0.0,0.019954404181086235
4225.0,1.220961713660939,0.351842986,0.359085278,0.0,0.0,0.3723542318763256,0.9132329590266804,0.0,0.0,0.0,0.09166792930574048,0.0646254772420671,0.0,344.2545628013098,0.0,5.551115123125783e-17,0.0,0.0,0.01995440440871411
4226.0,1.1650360598345662,0.047810077,0.450524828,0.0,0.0,0.050597241399272866,1.1457838764122938,0.0,0.0,0.0,0.09166782525072388,0.03134505797700068,0.0,344.28622535810894,0.0,-6.938893903907228e-18,2.220446049250313e-16,0.0,0.019954404636341988
4227.0,1.0907076388839505,5.08e-06,0.491153967,0.0,0.0,5.376146671094174e-06,1.2491127264234503,0.0,0.0,0.0,0.0916677211958254,0.15841046368617073,0.0,344.30158050910694,0.0,0.0,0.0,0.0,0.01995440486396986
4228.0,1.0176404734413846,0.0,0.502882358,0.0,0.0,0.0,1.2789406081935069,0.0,0.04461337591672555,0.0,0.09166761714104504,0.21668675883539654,0.0,344.3791977087273,0.0,0.0,0.0,0.0,0.01995429297576859
4229.0,0.9537211577957427,0.0,0.492238204,0.0,0.0,0.0,1.251870179943436,0.0,0.08146226331229683,0.0,0.1318195514114358,0.21668675883539654,0.0,344.48537029208535,0.0,0.0,2.220446049250313e-16,0.0,0.01995431562651088
4230.0,0.904129619067521,0.0,0.471295259,0.0,0.0,0.0,1.1986076576267095,0.0,0.0777912797237918,0.0,0.20513543876017554,0.21668675883539654,0.0,344.5915428742323,0.0,0.0,0.0,0.0,0.019954338277278893
4231.0,0.8728723242440893,0.0,0.443525526,0.0,0.0,0.0,1.1279831096635629,0.0,0.038424026584076724,0.0,0.2751473576561976,0.21668675883539654,0.0,344.69771545516807,0.0,0.0,-2.220446049250313e-16,0.0,0.019954360928072616
4232.0,0.8586558975582796,0.0,0.416580033,0.0,0.0,0.0,1.059454785578879,0.0,0.0,0.0,0.30972866925384657,0.20079888802059942,0.0,344.8038880348927,0.0,0.0,2.220446049250313e-16,0.0,0.019954406002109296
4233.0,0.8663540529936593,0.0,0.388909426,0.0,0.0,0.0,0.9890823368685915,0.0,0.012065001282560816,0.0,0.3097283176715422,0.11066328259237129,0.0,344.9022755567069,0.0,0.0,0.0,0.0,0.019954406229737185
4234.0,0.8935963154272893,0.0,0.368475946,0.0,0.0,0.0,0.9371154962686475,0.0,0.04351918084135833,0.0,0.3205864672439417,0.0,0.0,344.9564966307389,0.0,0.0,1.1102230246251565e-16,0.0,0.019954428880608045
4235.0,0.9334789704993188,2.14e-05,0.311736164,0.0,0.0,2.2647547000278608e-05,0.7928137323562079,0.0,0.0,0.1406425905961107,0.35975336609384767,0.0,0.0,344.9564926956822,0.0,-3.3881317890172014e-21,0.0,0.0,0.022171612812782897
4236.0,0.9794644748038468,0.16788391,0.229112434,0.0,0.0,0.17767096926708148,0.5826833871246178,0.0,0.0,0.21911011841214745,0.2191103671308985,0.0,0.0,344.9564887606255,0.0,0.0,1.1102230246251565e-16,0.0,0.02217163798047432
4237.0,1.032041056279473,0.540865867,0.215195977,0.0,0.0,0.5723965020434083,0.5472907715429856,0.0,0.0,0.0,0.0,0.08764621730692085,0.0,344.9564848255688,0.0,0.0,0.0,0.0,0.019954407140248792
4238.0,1.0906284089114584,0.706466096,0.23854335,0.0,0.0,0.7476506594982869,0.6066682838961643,0.0,0.04700377564759622,0.0,0.0,0.21668675883539654,0.0,344.99942753699264,0.0,-1.1102230246251565e-16,0.0,0.0,0.019954048599399837
4239.0,1.149050877546636,0.781844757,0.236705592,0.0,0.0,0.8274236393027526,0.6019944604922569,0.0,0.06368046341297715,0.0,0.04230339808283659,0.21668675883539654,0.0,345.1056001132755,0.0,0.0,1.1102230246251565e-16,0.0,0.01995407124986473
4240.0,1.1983640406958314,0.830420163,0.226800693,0.0,0.0,0.8788308257720339,0.576804120545682,0.0,0.040584146786487876,0.0,0.09961576713465976,0.21668675883539654,0.0,345.2117726883472,0.0,-1.1102230246251565e-16,0.0,0.0,0.01995409390035534
4241.0,1.2431953570227043,0.837763297,0.220110628,0.0,0.0,0.8866020394353208,0.5597898116047545,0.0,0.0,0.0,0.13614138616565308,0.203196494017371,0.0,345.31794526220773,0.0,0.0,0.0,0.0,0.019954408050760437
4242.0,1.2765704475973434,0.834684464,0.219347288,0.0,0.0,0.8833437209739419,0.5578484698409648,0.0,0.0,0.0,0.1361412316274814,0.16462174321756323,0.0,345.4175076050963,0.0,0.0,0.0,0.0,0.019954408278388354
4243.0,1.3043159274238285,0.828411963,0.220715978,0.0,0.0,0.8767055545624094,0.5613293499974892,0.0,0.0,0.0,0.13614107708948514,0.13371897713607003,0.0,345.49816831895725,0.0,0.0,0.0,0.0,0.019954408506016274
4244.0,1.3224081987099268,0.828578105,0.222386441,0.0,0.0,0.8768813820742655,0.5655777053656939,0.0,0.0,0.0,0.13614092255166432,0.12005088873003265,0.0,345.5636866765181,0.0,0.0,0.0,0.0,0.019954408733644194
4245.0,1.3273846975226729,0.821685477,0.222227478,0.0,0.0,0.8695869373740116,0.5651734274413125,0.0,0.0,0.0,0.1361407680140189,0.10737566729265126,0.0,345.6225076700126,0.0,0.0,0.0,0.0,0.019954408961272117
4246.0,1.3185195060059909,0.802448363,0.220291006,0.0,0.0,0.8492283652494921,0.5602485525912989,0.0,0.0,0.0,0.13614061347654893,0.09095741183480006,0.0,345.6751178043318,0.0,-1.1102230246251565e-16,1.1102230246251565e-16,0.0,0.019954409188900048
4247.0,1.2961873605162622,0.733414668,0.228731607,0.0,0.0,0.7761702413188659,0.5817148601774138,0.0,0.0,0.0,0.13614045893925433,0.06169774098001755,0.0,345.7196829928765,0.0,0.0,0.0,0.0,0.01995440941652798
4248.0,1.266139928786291,0.600346014,0.276731911,0.0,0.0,0.6353441387147158,0.7037902064579712,0.0,0.0,0.0,0.13614030440213518,0.07299441638639623,0.0,345.749910942194,0.0,0.0,0.0,0.0,0.019954409644155915
4249.0,1.2339532877990331,0.344192977,0.393327689,0.0,0.0,0.36425825344735113,1.0003189529050975,0.0,0.0,0.0,0.13614014986519146,0.1306239185534155,0.0,345.78567426211583,0.0,0.0,0.0,0.0,0.019954409871783853
4250.0,1.1775543954883156,0.048118027,0.496615141,0.0,0.0,0.050923143833793226,1.263001694858908,0.0,0.0,0.0,0.13613999532842314,0.1363704432043854,0.0,345.84967603769144,0.0,0.0,0.0,0.0,0.019954410099411787
4251.0,1.1070375786197517,4.93e-06,0.521780602,0.0,0.0,5.217402182774465e-06,1.3270030054732085,0.0,0.0032838854202430685,0.0,0.13613984079183022,0.21668675883539654,0.0,345.916493609616,0.0,-8.470329472543003e-22,2.220446049250313e-16,0.0,0.01995434305744899
4252.0,1.0377413315976876,0.0,0.50983461,0.0,0.0,0.0,1.2966217164283564,0.0,0.04219362599527242,0.0,0.13909518313363153,0.21668675883539654,0.0,346.02266617543756,0.0,0.0,0.0,0.0,0.01995436570824814
4253.0,0.9676120991891524,0.0,0.492900689,0.0,0.0,0.0,1.253555025226513,0.0,0.0692561672019644,0.0,0.17706928863826146,0.21668675883539654,0.0,346.1288387400479,0.0,0.0,2.220446049250313e-16,0.0,0.019954388359072994
4254.0,0.9157742836732496,0.0,0.469134948,0.0,0.0,0.0,1.1931135108938324,0.0,0.11982431582048877,0.0,0.23939963812336784,0.157514911400094,0.0,346.23501130344715,0.0,0.0,0.0,0.0,0.019954411009923564
4255.0,0.8832193303814341,0.0,0.441807269,0.0,0.0,0.0,1.1236132036255928,0.0,0.24039387324415862,0.0,0.3472412506120965,0.0,0.0,346.3121896603919,0.0,0.0,0.0,0.0,0.019954433660799843
4256.0,0.8686795597538325,0.0,0.410639275,0.0,0.0,0.0,1.0443461293916392,0.0,0.1756665696378068,0.0,0.5635953423678784,0.0,0.0,346.31218570987016,0.0,0.0,2.220446049250313e-16,0.0,0.01995445631170184
4257.0,0.8763241814240147,0.0,0.38655843,0.0,0.0,0.0,0.9831032361778083,0.0,0.10677905475379355,0.0,0.7216946152879236,0.0,0.0,346.31218175934856,0.0,0.0,0.0,0.0,0.019954478962629543
4258.0,0.9055600412735942,0.0,0.360414274,0.0,0.0,0.0,0.9166128885976571,0.0,0.011052847324062904,0.0,0.8177949453491291,0.0,0.0,346.312177808827,0.0,0.0,1.1102230246251565e-16,0.0,0.019954501613582958
4259.0,0.944648255270095,2.05e-05,0.308782457,0.0,0.0,2.1695080070360347e-05,0.7853018048309925,0.0,0.0,0.15932475535903204,0.8277415796372095,0.0,0.0,346.3121738583054,0.0,0.0,1.1102230246251565e-16,0.0,0.02217169362729121
4260.0,0.9906830106386045,0.162815078,0.220061995,0.0,0.0,0.172306641652291,0.5596661271731795,0.0,0.0,0.25871024181313385,0.668415884683878,0.0,0.0,346.3121699077839,0.0,0.0,1.1102230246251565e-16,0.0,0.022171718795074364
4261.0,1.0465251517912695,0.536850329,0.186382584,0.0,0.0,0.5681468718758194,0.4740119663089023,0.0,0.0,0.004366313606547949,0.40970488413182105,0.0,0.0,346.3121659572625,0.0,-1.1102230246251565e-16,0.0,0.0,0.02217174396288609
4262.0,1.1064508485531888,0.691590733,0.187719004,0.0,0.0,0.7319081135782539,0.4774107767471916,0.0,0.10286804177225681,0.0,0.405338105456968,0.0,0.0,346.31216200674106,0.0,-1.1102230246251565e-16,5.551115123125783e-17,0.0,0.019954592217653746
4263.0,1.1624214707423273,0.784771111,0.171365603,0.0,0.0,0.8305205897585682,0.43582047577868505,0.0,0.10391959479492612,0.0,0.4979188829405555,0.0,0.0,346.3121580562197,0.0,0.0,0.0,0.0,0.01995461486873572
4264.0,1.2129616277898463,0.829558384,0.152418409,0.0,0.0,0.877918807996036,0.3876335878665814,0.0,0.05259076807277126,0.0,0.5914459530533274,0.0,0.0,346.31215410569837,0.0,-1.1102230246251565e-16,5.551115123125783e-17,0.0,0.019954637519843412
4265.0,1.2604096745595659,0.837269575,0.143868957,0.0,0.0,0.8860795351269063,0.36589044821044503,0.0,0.0,0.008439691222214631,0.6387769729507768,0.0,0.0,346.3121501551771,0.0,0.0,-5.551115123125783e-17,0.0,0.022171844634418677
4266.0,1.3015428783866057,0.832403461,0.144225599,0.0,0.0,0.8809297432800037,0.36679746737532765,0.0,0.0,0.05381566773127433,0.6303365566336568,0.0,0.0,346.3121462046559,0.0,0.0,0.0,0.0,0.022171869802373245
4267.0,1.3304853732029036,0.825697761,0.149811244,0.0,0.0,0.8738331238445006,0.38100299298148343,0.0,0.0,0.07564925637691948,0.5765201733884471,0.0,0.0,346.3121422541347,0.0,0.0,0.0,0.0,0.02217189497035638
4268.0,1.3484084777909782,0.824261246,0.1576959,0.0,0.0,0.8723128649202433,0.4010554099724899,0.0,0.0,0.07504020289824512,0.5008702625861832,0.0,0.0,346.31213830361355,0.0,0.0,-5.551115123125783e-17,0.0,0.02217192013836809
4269.0,1.3553464537605553,0.817303168,0.167885763,0.0,0.0,0.8649491547082525,0.4269704761411633,0.0,0.0,0.06342682291113941,0.4258294911350769,0.0,0.0,346.31213435309246,0.0,0.0,-5.551115123125783e-17,0.0,0.022171945306408362
4270.0,1.348633319604807,0.788777094,0.176110119,0.0,0.0,0.8347601079022512,0.4478868250591739,0.0,0.0,0.065986386643382,0.3624021848521072,0.0,0.0,346.3121304025714,0.0,0.0,0.0,0.0,0.022171970474477207
4271.0,1.329547461636646,0.716003371,0.189733122,0.0,0.0,0.757743925097216,0.4825331224785834,0.0,0.0,0.08927041406084667,0.29641538683513313,0.0,0.0,346.31212645205045,0.0,-1.1102230246251565e-16,0.0,0.0,0.022171995642574622
4272.0,1.3000332262080403,0.587531778,0.228880945,0.0,0.0,0.6217828764678626,0.5820946596066601,0.0,0.0,0.09615569013351774,0.2071446363042884,0.0,0.0,346.3121225015294,0.0,-1.1102230246251565e-16,0.0,0.0,0.022172020810700608
4273.0,1.265730930820183,0.317018792,0.334574073,0.0,0.0,0.3354999061584835,0.8508955655358241,0.0,0.0,0.07933545912587524,0.11098871103467964,0.0,0.0,346.31211855100855,0.0,0.0,0.0,0.0,0.02217204597885516
4274.0,1.2129080940246488,0.049564774,0.443847033,0.0,0.0,0.05245423124874706,1.128800772784126,0.0,0.0,0.03165308999177601,0.031653125922188836,0.0,0.0,346.3121146004877,0.0,0.0,-2.220446049250313e-16,0.0,0.022172071147038275
4275.0,1.1450037248977158,4.01e-06,0.479934107,0.0,0.0,4.243769321080244e-06,1.220578151002441,0.0,0.0,0.0,0.0,0.0755786698740461,0.0,346.3121106499668,0.0,0.0,0.0,0.0,0.019954415790111087
4276.0,1.0764012754726093,0.0,0.485533637,0.0,0.0,0.0,1.2348189892220982,0.0,0.0,0.0,0.0,0.15841771374948882,0.0,346.3491402476844,0.0,0.0,0.0,0.0,0.019954416017739094
4277.0,1.0001434976242811,0.0,0.480385003,0.0,0.0,0.0,1.2217248788510084,0.0,0.004894622391330851,0.0,0.0,0.21668675883539654,0.0,346.42676097647836,0.0,0.0,2.220446049250313e-16,0.0,0.01995439382213834
4278.0,0.9476011777583812,0.0,0.468349761,0.0,0.0,0.0,1.1911166073967214,0.0,0.11824223122155977,0.0,0.004405160152197766,0.12527319841678047,0.0,346.5329335364791,0.0,0.0,0.0,0.0,0.019954416472995114
4279.0,0.9142839036501552,0.0,0.448546385,0.0,0.0,0.0,1.1407522600641695,0.0,0.22646835641401422,0.0,0.11082316325117211,0.0,0.0,346.59431345066355,0.0,0.0,0.0,0.0,0.019954439123877593
4280.0,0.8962044804677045,0.0,0.425208457,0.0,0.0,0.0,1.0813987684264768,0.0,0.18519428795877216,0.0,0.31464455822508763,0.0,0.0,346.5943094969236,0.0,0.0,0.0,0.0,0.01995446177478579
4281.0,0.9023394499593214,0.0,0.395225608,0.0,0.0,0.0,1.005145778983896,0.0,0.1028063290245746,0.0,0.4813190602255052,0.0,0.0,346.5943055431836,0.0,0.0,0.0,0.0,0.019954484425719697
4282.0,0.928395404156178,0.0,0.363988692,0.0,0.0,0.0,0.9257034209222328,0.0,0.0,0.0026919832339452614,0.5738442099879175,0.0,0.0,346.5943015894438,0.0,0.0,1.1102230246251565e-16,0.0,0.022171674529643682
4283.0,0.971607859423483,1.56e-05,0.308402518,0.0,0.0,1.6509426785249825e-05,0.7843355362633917,0.0,0.0,0.18725581373330613,0.5711515753661942,0.0,0.0,346.59429763570387,0.0,0.0,0.0,0.0,0.022171699697405154
4284.0,1.0284136083497004,0.169046306,0.214017908,0.0,0.0,0.17890112898871402,0.5442946825782701,0.0,0.0,0.2932786472456189,0.38389511330160025,0.0,0.011939149537097458,346.5942936819641,0.0,-2.7755575615628914e-17,0.0,0.0,0.0407233017117617
4285.0,1.092397164513579,0.519081444,0.17790009,0.0,0.0,0.5493421214935742,0.4524391155958579,0.0,0.0,0.090615927424147,0.09061603028512144,0.0,0.0,346.5823505786872,0.0,0.0,0.0,0.0,0.02217175003301382
4286.0,1.1636506059912586,0.689164912,0.195064586,0.0,0.0,0.7293408754889192,0.4960922098123287,0.0,0.0,0.0,0.0,0.06178247930998935,0.0,346.58234662508374,0.0,-1.1102230246251565e-16,5.551115123125783e-17,0.0,0.01995441829401929
4287.0,1.2257690457756614,0.780287009,0.200421479,0.0,0.0,0.8257750799081458,0.509715968694416,0.0,0.0,0.0,0.0,0.10972200282690042,0.0,346.61261608634214,0.0,-1.1102230246251565e-16,1.1102230246251565e-16,0.0,0.019954418521647328
4288.0,1.2805940453895766,0.826518181,0.200166778,0.0,0.0,0.8747013715318823,0.5090682079474632,0.0,0.0,0.0,0.0,0.1031755340897688,0.0,346.66637591377855,0.0,-1.1102230246251565e-16,0.0,0.0,0.019954418749275366
4289.0,1.3243589691137183,0.836682623,0.212387577,0.0,0.0,0.885458365827518,0.5401483917260927,0.0,0.0,0.0,0.0,0.1012477884398926,0.0,346.7169279709205,0.0,0.0,0.0,0.0,0.019954418976903403
4290.0,1.3596655579366779,0.834158518,0.231772628,0.0,0.0,0.8827871141162499,0.5894488464376143,0.0,0.0,0.0,0.0,0.11257040261718627,0.0,346.7665354321174,0.0,0.0,0.0,0.0,0.01995441920453145
4291.0,1.38261441240148,0.826190955,0.250634282,0.0,0.0,0.8743550693723163,0.6374181872874984,0.0,0.0,0.0,0.0,0.1291588442583347,0.0,346.8216909736952,0.0,-1.1102230246251565e-16,0.0,0.0,0.01995441943215949
4292.0,1.3990257234603811,0.821551043,0.269545452,0.0,0.0,0.8694446663303931,0.6855134582324593,0.0,0.0,0.0,0.0,0.15593240110247142,0.0,346.88497485104807,0.0,0.0,1.1102230246251565e-16,0.0,0.019954419659787538
4293.0,1.4043898067331562,0.812157547,0.29326701,0.0,0.0,0.8595035615567048,0.7458426054637837,0.0,0.0,0.0,0.0,0.2009563602873322,0.0,346.9613777705326,0.0,-1.1102230246251565e-16,0.0,0.0,0.01995441988741559
4294.0,1.3949378851499112,0.775813437,0.32444693,0.0,0.0,0.8210407139208032,0.7905839300645046,0.0,0.0,0.0,0.0,0.21668675883539654,0.0,347.0598424291461,0.0,-1.1102230246251565e-16,0.034556080078217755,0.0,1.05e-08
4295.0,1.3698476800772148,0.695643222,0.372095153,0.0,0.0,0.7361968488630956,0.8503375900495159,0.0,0.0,0.0,0.0,0.21668675883539654,0.0,347.166014981925,0.0,0.0,0.09598234683654994,0.0,1.05e-08
4296.0,1.3343783486080554,0.560298797,0.455424256,0.0,0.0,0.5929623055727599,0.958102801870692,0.0,0.0,0.0,0.0,0.21668675883539654,0.0,347.27218753349274,0.0,0.0,0.20014139916114326,0.0,1.05e-08
4297.0,1.2990696184344879,0.320121572,0.580149754,0.0,0.0,0.33878356764827444,1.1769728096216099,0.0,0.0,0.0,0.0,0.21668675883539654,0.0,347.3783600838494,0.0,0.0,0.2984758065815327,0.0,1.05e-08
4298.0,1.243469449900515,0.048838518,0.65459573,0.0,0.0,0.05168563700135294,1.4084705717345587,0.0,0.0,0.0,0.0,0.21668675883539654,0.0,347.4845326329947,0.0,-6.938893903907228e-18,0.2563105599333624,0.0,1.05e-08
4299.0,1.166314446147479,3.33e-06,0.670897051,0.0,0.0,3.524127640697559e-06,1.382997680855235,0.0,0.0,0.0,0.0,0.21668675883539654,0.0,347.59070518092904,0.0,0.0,0.323241300869334,0.0,1.05e-08
4300.0,1.0874891889202856,0.0,0.66519834,0.0,0.0,0.0,1.304175947755682,0.0,0.0,0.0,0.0,0.21668675883539654,0.0,347.6968777276522,0.0,0.0,0.3875699566192554,0.0,1.05e-08
4301.0,1.0170880049845479,0.0,0.650971525,0.0,0.0,0.0,1.2337747638199443,0.0,0.0,0.0,0.0,0.21668675883539654,0.0,347.8030502731641,0.0,0.0,0.42178921621563004,0.0,1.05e-08
4302.0,0.9635328262811139,0.0,0.630161482,0.0,0.0,0.0,1.1802195851165105,0.0,0.0,0.0,0.0,0.21668675883539654,0.0,347.909222817465,0.0,0.0,0.4224198716631635,0.0,1.05e-08
4303.0,0.926209085185518,0.0,0.603337499,0.0,0.0,0.0,1.1428958440209145,0.0,0.0,0.0,0.0,0.21668675883539654,0.0,348.01539536055463,0.0,0.0,0.39152431536954335,0.0,1.05e-08
4304.0,0.9074615606134043,0.0,0.580434152,0.0,0.0,0.0,1.1241483194488007,0.0,0.0,0.0,0.0,0.21668675883539654,0.0,348.1215679024331,0.0,0.0,0.3520235835137653,0.0,1.05e-08
4305.0,0.9100483121477405,0.0,0.548788245,0.0,0.0,0.0,1.2828741795016811,0.0,0.15613910851854418,0.0,0.0,0.21668675883539654,0.0,348.2277404431005,0.0,0.0,0.11281521119622684,0.0,1.05e-08
4306.0,0.9335689072248504,0.0,0.515372651,0.0,0.0,0.0,1.310706174576599,0.0,0.1604505085163521,0.0,0.14052519766668978,0.21668675883539654,0.0,348.33391298255674,0.0,0.0,0.0,0.0,1.050001191887853e-08
4307.0,0.9769141262298449,1.39e-05,0.449859671,0.0,0.0,1.4710322584293116e-05,1.1440922356446452,0.0,0.0,0.049493939098011884,0.28493049581703905,0.21668675883539654,0.0,348.4400855208018,0.0,-1.6940658945086007e-21,0.0,0.0,1.166669315307843e-08
4308.0,1.0378591058811217,0.130284454,0.365921811,0.0,0.0,0.1378795932416185,0.9306197683546683,0.0,0.0,0.1860465031202314,0.23543623328587343,0.21668675883539654,0.0,348.5462580578357,0.0,0.0,1.1102230246251565e-16,0.0,1.166670639630686e-08
4309.0,1.1078448677989279,0.465327762,0.381900538,0.0,0.0,0.4924547831976382,0.9712571908103156,0.0,0.13918034737362925,0.0,0.049389462914910524,0.21668675883539654,0.0,348.65243059365844,0.0,0.0,0.0,0.0,1.0500047675595293e-08
4310.0,1.182363868953646,0.643757505,0.403093311,0.0,0.0,0.6812863715546537,1.0110429034800077,0.0,0.2932786472456189,0.0,0.1746517194877158,0.21668675883539654,0.0,348.75860312827007,0.0,0.0,0.014112177281593308,0.0,1.05e-08
4311.0,1.2504523942328578,0.738458533,0.377357227,0.0,0.0,0.7815081464427239,0.9597025501650133,0.0,0.2740715435394827,0.0,0.43860230375636644,0.21668675883539654,0.0,348.8647756616705,0.0,-1.1102230246251565e-16,1.1102230246251565e-16,0.0,1.0500071513474118e-08
4312.0,1.3120119415086005,0.781705956,0.350353892,0.0,0.0,0.8272767466779309,0.8910271211332536,0.0,0.18960516746718756,0.0,0.6852661950712678,0.21668675883539654,0.0,348.9709481938597,0.0,0.0,0.0,0.0,1.0500083432433824e-08
4313.0,1.3624236175196456,0.793195496,0.339030842,0.0,0.0,0.8394360876667899,0.8622301108121925,0.0,0.12255582212394037,0.0,0.8559100679255206,0.21668675883539654,0.0,349.0771207248379,0.0,0.0,1.1102230246251565e-16,0.0,1.050009535140706e-08
4314.0,1.4041628235687194,0.782706612,0.342948052,0.0,0.0,0.8283357375092912,0.8721924387008589,0.0,0.07967859380603433,0.0,0.9662093362678715,0.21668675883539654,0.0,349.18329325460496,0.0,0.0,0.0,0.0,1.0500107270393827e-08
4315.0,1.4350432406851616,0.763306501,0.35806115,0.0,0.0,0.8078046662156874,0.9106283759341314,0.0,0.06670304262926054,0.0,1.0379189739200987,0.21668675883539654,0.0,349.2894657831607,0.0,0.0,0.0,0.0,1.0500119189394123e-08
4316.0,1.4571655338153167,0.743531894,0.377177471,0.0,0.0,0.7868772670827651,0.959245391061479,0.0,0.07227036549353087,0.0,1.0979505341134683,0.21668675883539654,0.0,349.39563831050543,0.0,-1.1102230246251565e-16,1.1102230246251565e-16,0.0,1.0500131108407949e-08
4317.0,1.4694354727985504,0.712661485,0.397117789,0.0,0.0,0.754207218543264,1.0099580120647633,0.0,0.07804299897408053,0.0,1.1629926167410563,0.21668675883539654,0.0,349.5018108366389,0.0,0.0,0.0,0.0,1.0500143027435302e-08
4318.0,1.4571826646201798,0.669797102,0.418786532,0.0,0.0,0.7088439882334302,1.0650663985697613,0.0,0.10004096334761527,0.0,1.2332299956699198,0.21668675883539654,0.0,349.6079833615613,0.0,-1.1102230246251565e-16,2.220446049250313e-16,0.0,1.0500154946476186e-08
4319.0,1.4273772055089005,0.584897304,0.448039548,0.0,0.0,0.6189948216203852,1.139463261930266,0.0,0.11439411920635438,0.0,1.3232654628064084,0.21668675883539654,0.0,349.7141558852726,0.0,0.0,0.0,0.0,1.0500166865530601e-08
4320.0,1.3833831572697142,0.467869716,0.492191015,0.0,0.0,0.49514492444471986,1.2517501679219365,0.0,0.14682517626154565,0.0,1.4262186680138027,0.21668675883539654,0.0,349.82032840777265,0.0,-5.551115123125783e-17,0.0,0.0,1.0500178784598546e-08
4321.0,1.3365775156823627,0.297539238,0.543222393,0.0,0.0,0.31488476060897586,1.3815342030506308,0.0,0.14315468914184737,0.0,1.558359707705597,0.21668675883539654,0.0,349.92650092906155,0.0,-5.551115123125783e-17,2.220446049250313e-16,0.0,1.0500190703680018e-08
4322.0,1.2732556368563233,0.04590418,0.565963207,0.0,0.0,0.0485802371055724,1.4393691022577642,0.0,0.0,0.0019930563283832702,1.6871971589924049,0.21668675883539654,0.0,350.03267344913934,0.0,-6.938893903907228e-18,0.0,0.0,1.1666891803083355e-08
4323.0,1.2030985668898855,3.12e-06,0.558756843,0.0,0.0,3.301885357049966e-06,1.4210417312327024,0.0,0.0012597073927774556,0.0,1.6852021874759104,0.21668675883539654,0.0,350.1388459680059,0.0,-4.235164736271502e-22,2.220446049250313e-16,0.0,1.0500214541883553e-08
4324.0,1.086022363753878,0.0,0.525440318,0.0,0.0,0.0,1.3363104694006975,0.0,0.03360134681142296,0.0,1.6863340112058511,0.21668675883539654,0.0,350.24501848566143,0.0,0.0,0.0,0.0,1.0500226461005616e-08
4325.0,1.0277048212984874,0.0,0.49740207,0.0,0.0,0.0,1.2650030286457359,0.0,0.020611448511851788,0.0,1.7165733091278057,0.21668675883539654,0.0,350.35119100210574,0.0,0.0,0.0,0.0,1.050023838014121e-08
4326.0,0.9920384855734016,0.0,0.482132053,0.0,0.0,0.0,1.2261680118303215,0.0,0.017442767421523394,0.0,1.735121664254612,0.21668675883539654,0.0,350.4573635173389,0.0,0.0,0.0,0.0,1.0500250299290332e-08
4327.0,0.9639910753112033,0.0,0.469139232,0.0,0.0,0.0,1.1931244060494854,0.0,0.012446571902885417,0.0,1.7508181853453282,0.21668675883539654,0.0,350.56353603136085,0.0,0.0,0.0,0.0,1.0500262218452982e-08
4328.0,0.950596927258825,0.0,0.451401983,0.0,0.0,0.0,1.1480146747915445,0.0,0.0,0.0,1.7620181126516783,0.19741774753271926,0.0,350.6697085441717,0.0,0.0,-2.220446049250313e-16,0.0,0.019954427854398972
4329.0,0.9529288580708218,0.0,0.416497228,0.0,0.0,0.0,1.0592441942241084,0.0,0.0,0.0,1.7620161125320581,0.10631533615328663,0.0,350.7664392402331,0.0,0.0,0.0,0.0,0.019954428082027114
4330.0,0.9613379419080224,0.0,0.381940123,0.0,0.0,0.0,0.9713578641848533,0.0,0.0,0.0,1.7620141124147082,0.010019922276830965,0.0,350.8185297536151,0.0,0.0,1.1102230246251565e-16,0.0,0.019954428309655263
4331.0,0.98555233458209,4.58e-06,0.30617625,0.0,0.0,4.846998376695141e-06,0.7786736463509167,0.0,0.0,0.20687384123279648,1.7620121122996288,0.0,0.0,350.8234355136035,0.0,8.470329472543003e-22,1.1102230246251565e-16,0.0,0.022170790006687674
4332.0,1.035991848151038,0.111221401,0.229303566,0.0,0.0,0.11770522927964179,0.5831694779019866,0.0,0.0,0.2932786472456189,1.5551362709540233,0.0,0.04183849372379073,350.82343151162024,0.0,-1.3877787807814457e-17,0.0,0.0,0.04072332401002359
4333.0,1.103872662421284,0.468469551,0.256356283,0.0,0.0,0.49577972777906154,0.6519704962373064,0.0,0.0,0.0,1.261855858426569,0.04387756159508391,0.0,350.78158901591326,0.0,-5.551115123125783e-17,0.0,0.0,0.019954428992539713
4334.0,1.1767256928030605,0.646571304,0.283415224,0.0,0.0,0.6842642054379171,0.7207873435756101,0.0,0.011639097375070155,0.0,1.2618544260561286,0.21668675883539654,0.0,350.8030850195889,0.0,0.0,0.0,0.0,0.01995377895634109
4335.0,1.241525103548547,0.743291609,0.264254607,0.0,0.0,0.7866229742869257,0.6720576739630147,0.0,0.00046878586599679315,0.0,1.2723281813248772,0.21668675883539654,0.0,350.9092575296671,0.0,0.0,0.0,0.0,0.01995380160649991
4336.0,1.2947440902065415,0.802116318,0.236914683,0.0,0.0,0.8488769631586647,0.6025262249625226,0.0,0.0,0.0,1.2727486443463858,0.15665909791464572,0.0,351.0154300385342,0.0,-1.1102230246251565e-16,0.0,0.0,0.01995442967542419
4337.0,1.3233825132365187,0.821623624,0.219540683,0.0,0.0,0.8695214785551046,0.5583403159258131,0.0,0.0,0.0,1.272747199611217,0.10447928124439916,0.0,351.09218899233895,0.0,0.0,0.0,0.0,0.019954429903052358
4338.0,1.3509780985204511,0.820250372,0.215893296,0.0,0.0,0.8680681706479445,0.5490642073610799,0.0,0.0,0.0,1.2727457548776884,0.06615427948857311,0.0,351.14337983509967,0.0,-1.1102230246251565e-16,0.0,0.0,0.01995443013068052
4339.0,1.3607897670058224,0.810366106,0.221822458,0.0,0.0,0.8576076856573718,0.5641433723660247,0.0,0.0,0.0,1.2727443101457996,0.06096129101757414,0.0,351.1757914264161,0.0,0.0,1.1102230246251565e-16,0.0,0.01995443035830869
4340.0,1.3708840937714357,0.804944036,0.230356769,0.0,0.0,0.8518695274721475,0.5858480051239958,0.0,0.0,0.0,1.2727428654155508,0.0668334388247075,0.0,351.20565845301195,0.0,-1.1102230246251565e-16,0.0,0.0,0.019954430585936864
4341.0,1.36735086526841,0.791298932,0.242037818,0.0,0.0,0.8374289604551527,0.615555485759851,0.0,0.0,0.0,1.272741420686942,0.08563358094659344,0.0,351.2384028316926,0.0,-1.1102230246251565e-16,0.0,0.0,0.019954430813565037
4342.0,1.3494898598479648,0.764585084,0.258904759,0.0,0.0,0.8091577862430827,0.6584518320677563,0.0,0.0,0.0,1.2727399759599731,0.118119758462874,0.0,351.2803592796395,0.0,-1.1102230246251565e-16,0.0,0.0,0.019954431041193214
4343.0,1.324243336180892,0.689154381,0.27873781,0.0,0.0,0.7293297305675426,0.7088916494619326,0.0,0.0,0.0,1.2727385312346442,0.11397804384858308,0.0,351.3382339540907,0.0,0.0,0.0,0.0,0.019954431268821397
4344.0,1.280990195252037,0.558352502,0.318123112,0.0,0.0,0.5909025482134652,0.809057147997407,0.0,0.0,0.0,1.2727370865109553,0.11896950095883511,0.0,351.39407918772076,0.0,0.0,0.0,0.0,0.019954431496449578
4345.0,1.237717782167711,0.352025253,0.380689703,0.0,0.0,0.3725471244206761,0.9681777706901092,0.0,0.0,0.0,1.2727356417889062,0.10300711294307435,0.0,351.45237023469775,0.0,-5.551115123125783e-17,0.0,0.0,0.01995443172407776
4346.0,1.1872547137420764,0.047373908,0.42435014,0.0,0.0,0.0501356452344334,1.0792158792307438,0.0,0.0,0.05790318927689917,1.2727341970684973,0.0,0.0,351.5028397108821,0.0,-6.938893903907228e-18,0.0,0.0,0.0221711675110487
4347.0,1.1189991631154488,3.15e-06,0.423578833,0.0,0.0,3.3336342547139074e-06,1.077254275631033,0.0,0.0,0.041741553850161074,1.2148295630728292,0.0,0.0,351.50283570114857,0.0,-4.235164736271502e-22,0.0,0.0,0.02217119267823464
4348.0,1.0942901184509575,0.0,0.407747028,0.0,0.0,0.0,1.0369905081844506,0.0,0.0,0.05729961026650693,1.173086630233186,0.0,0.0,351.5028316914151,0.0,0.0,0.0,0.0,0.022171217845449155
4349.0,1.018764682510529,0.0,0.397647356,0.0,0.0,0.0,1.01130481759549,0.0,0.0,0.007459864915038974,1.1157856883608526,0.0,0.0,351.5028276816817,0.0,0.0,0.0,0.0,0.022171243012692233
4350.0,0.9677812658871761,0.0,0.392013029,0.0,0.0,0.0,0.9969754829399659,0.0,0.0,0.0,1.1083245568840052,0.029194217052789805,0.0,351.5028236719483,0.0,0.0,0.0,0.0,0.019954432862218728
4351.0,0.9245109941534579,0.0,0.395153943,0.0,0.0,0.0,1.0049635191029753,0.0,0.0,0.0,1.1083232987915508,0.08045252494951746,0.0,351.5171248285709,0.0,0.0,0.0,0.0,0.019954433089846922
4352.0,0.8966434573423229,0.0,0.390744328,0.0,0.0,0.0,0.9937488968353967,0.0,0.0,0.0,1.1083220407005248,0.09710543949307382,0.0,351.5565425558997,0.0,0.0,1.1102230246251565e-16,0.0,0.019954433317475127
4353.0,0.8783477577484747,0.0,0.370688069,0.0,0.0,0.0,0.9427414123303498,0.0,0.0,0.0,1.1083207826109267,0.06439365458187507,0.0,351.6041202109052,0.0,0.0,0.0,0.0,0.01995443354510333
4354.0,0.8672812578068776,0.0,0.346714803,0.0,0.0,0.0,0.881772116210352,0.0,0.0,0.0,1.1083195245227566,0.014490858403474515,0.0,351.63566909076144,0.0,0.0,1.1102230246251565e-16,0.0,0.019954433772731546
4355.0,0.8898296797080034,8.58e-06,0.302114671,0.0,0.0,9.080184731887403e-06,0.7683441562945447,0.0,0.0,0.12147644322872683,1.108318266436015,0.0,0.0,351.6427656001304,0.0,0.0,1.1102230246251565e-16,0.0,0.022171394016750653
4356.0,0.9420679277875825,0.135603616,0.217919367,0.0,0.0,0.14350884424148283,0.554216952204404,0.0,0.0,0.2443421313416957,0.9868405651219743,0.0,0.0,351.6427615888007,0.0,0.0,0.0,0.0,0.022171419184193714
4357.0,1.0167389648354612,0.50447532,0.196864676,0.0,0.0,0.5338845102888127,0.5006702351949631,0.0,0.0,0.0,0.7424973135879479,0.01781578064831451,0.0,351.64275757747106,0.0,-1.1102230246251565e-16,0.0,0.0,0.019954434455616184
4358.0,1.0945427978226892,0.653898075,0.231679999,0.0,0.0,0.6920181021941217,0.589213270486874,0.0,0.0,0.0,0.7424964707569723,0.1866885748583066,0.0,351.6514832986591,0.0,0.0,0.0,0.0,0.019954434683244406
4359.0,1.162325109964972,0.76924941,0.242587462,0.0,0.0,0.8140940265379248,0.6169533515240143,0.0,0.052035509261570315,0.0,0.7424956279269534,0.21668675883539654,0.0,351.74295668891057,0.0,-1.1102230246251565e-16,0.0,0.0,0.019954345218024867
4360.0,1.2223728637115412,0.812225004,0.250751769,0.0,0.0,0.8595749510696953,0.6377169826078044,0.0,0.05823231113056201,0.0,0.7893267434333046,0.21668675883539654,0.0,351.84912918826734,0.0,0.0,1.1102230246251565e-16,0.0,0.019954367868826466
4361.0,1.2725789700642287,0.829720078,0.262613303,0.0,0.0,0.8780899282046651,0.6678834763547733,0.0,0.05670767565981318,0.0,0.8417349274623441,0.21668675883539654,0.0,351.9553016864129,0.0,-1.1102230246251565e-16,1.1102230246251565e-16,0.0,0.019954390519653777
4362.0,1.3094508861815588,0.825143839,0.274713971,0.0,0.0,0.8732469100814404,0.6986581405386931,0.0,0.04576740560317808,0.0,0.8927708800776077,0.21668675883539654,0.0,352.0614741833473,0.0,0.0,0.0,0.0,0.0199544131705068
4363.0,1.3411471578796088,0.818295247,0.2826859,0.0,0.0,0.8659990685297707,0.7189325119926533,0.0,0.12468319245212833,0.0,0.933960531709459,0.11910123019068684,0.0,352.1676466790706,0.0,0.0,1.1102230246251565e-16,0.0,0.019954435821385536
4364.0,1.3663722680406025,0.817347892,0.283928808,0.0,0.0,0.8649964859648899,0.7220935008167007,0.0,0.22070951877587194,0.0,1.046174344749756,8.19996511611852e-06,0.0,352.2260022645468,0.0,0.0,0.0,0.0,0.019954458472289983
4365.0,1.3806807728025516,0.812422296,0.273189822,0.0,0.0,0.8597837445202926,0.6947818939016267,0.0,0.17387666565425142,0.0,1.244811724104157,8.199965116103814e-06,0.0,352.2260022645468,0.0,-1.1102230246251565e-16,0.0,0.0,0.01995448112322014
4366.0,1.3783895276521048,0.783812097,0.260288894,0.0,0.0,0.8295056685137586,0.6619719922614091,0.0,0.11307993315794695,0.0,1.4012993101698508,8.199965116103814e-06,0.0,352.2260022645468,0.0,0.0,0.0,0.0,0.019954503774176006
4367.0,1.3583379205597834,0.704109394,0.260113943,0.0,0.0,0.7451565698108734,0.6615270533312906,0.0,0.04833750261726437,0.0,1.5030696593551172,8.199965116105212e-06,0.0,352.2260022645468,0.0,-1.1102230246251565e-16,0.0,0.0,0.01995452642515759
4368.0,1.3247808151834735,0.571133609,0.280564912,0.0,0.0,0.6044287501526283,0.7135383723106025,0.0,0.0,0.006813692720242628,1.5465717055311927,0.0,0.0,352.2260022645468,0.0,-1.1102230246251565e-16,0.0,0.0,0.022171721195738753
4369.0,1.2933650604150577,0.338760941,0.353919887,0.0,0.0,0.3585095482783228,0.900096231913463,0.0,0.0,0.03475928022327176,1.53975625725101,0.0,0.0,352.22599824656385,0.0,0.0,1.1102230246251565e-16,0.0,0.022171746363553204
4370.0,1.2376128559879243,0.046485034,0.435827487,0.0,0.0,0.04919495291236211,1.108405300810389,0.0,0.0,0.08001260226517337,1.5049952292042177,0.0,0.0,352.225994228581,0.0,0.0,0.0,0.0,0.022171771531396225
4371.0,1.1667491403208814,2.71e-06,0.459871087,0.0,0.0,2.867983755642758e-06,1.1695534717851228,0.0,0.0027743995880939276,0.0,1.42498091857381,3.2799859903203224e-05,0.0,352.2259902105982,0.0,0.0,0.0,0.0,0.01995461702934103
4372.0,1.0930095907874369,0.0,0.454010025,0.0,0.0,0.0,1.1546475000808225,0.0,0.06162970932826928,0.0,1.4274762606645044,8.199965116222435e-06,0.0,352.2260022645468,0.0,0.0,0.0,0.0,0.019954639680451167
4373.0,1.031053893649234,0.0,0.440721735,0.0,0.0,0.0,1.1208524515489116,0.0,0.08979035793456171,0.0,1.482941378688819,8.19996511613854e-06,0.0,352.2260022645468,0.0,0.0,2.220446049250313e-16,0.0,0.019954662331587023
4374.0,0.9785565421460997,0.0,0.42235121,0.0,0.0,0.0,1.0741321599288705,0.0,0.09556741781765463,0.0,1.5637510174986773,8.199965116103814e-06,0.0,352.2260022645468,0.0,0.0,0.0,0.0,0.019954684982748588
4375.0,0.9419308813486773,0.0,0.40218793,0.0,0.0,0.0,1.0228524974469029,0.0,0.08091341613310968,0.0,1.649759918473874,8.199965116009653e-06,0.0,352.2260022645468,0.0,0.0,0.0,0.0,0.019954707633935864
4376.0,0.9230441689870504,0.0,0.380177267,0.0,0.0,0.0,0.9668745330658928,0.0,0.043822164113726345,0.0,1.7225801203016966,8.199965116081803e-06,0.0,352.2260022645468,0.0,0.0,1.1102230246251565e-16,0.0,0.01995473028514885
4377.0,0.9286673556833805,0.0,0.353223248,0.0,0.0,0.0,0.8983245254851551,0.0,0.0,0.030342830198225514,1.7620181126516783,0.0,0.0,352.2260022645468,0.0,0.0,0.0,0.0,0.14563839881220106
4378.0,0.9548475082154951,0.0,0.325810941,0.0,0.0,0.0,0.8286089905715855,0.0,0.0,0.12623851764390948,1.7316732823338326,0.0,0.0,352.22599824656385,0.0,0.0,1.1102230246251565e-16,0.0,0.14563856413090437
4379.0,0.9984967990068104,5.34e-06,0.261908082,0.0,0.0,5.651303784181671e-06,0.6660899440100756,0.0,0.0,0.2932786472456189,1.60543279901563,0.0,0.039122556447331716,352.225994228581,0.0,-8.470329472543003e-22,0.0,0.0,0.2675039155247308
4380.0,1.0602940362000293,0.115705689,0.150788252,0.0,0.0,0.12245093597322988,0.3834877395347318,0.0,0.0,0.2932786472456189,1.312152329395078,0.0,0.26107671344644867,352.1868676541509,0.0,0.0,5.551115123125783e-17,0.0,0.267503918576255
4381.0,1.1341042503035343,0.450823794,0.103577252,0.0,0.0,0.4771052833392019,0.2634197671891526,0.0,0.0,0.2932786472456189,1.0188721926859854,0.0,0.10030055252956098,351.92578692316795,0.0,0.0,0.0,0.0,0.26750392162777925
4382.0,1.2112999397181203,0.656703691,0.146275966,0.0,0.0,0.6949872760363991,0.3720120022984236,0.0,0.0,0.14430066138329758,0.7255923888879745,0.0,0.0,351.8254823560802,0.0,0.0,5.551115123125783e-17,0.0,0.14563922540759414
4383.0,1.2817353852635842,0.734632423,0.162145728,0.0,0.0,0.7774589872813576,0.41237230275693804,0.0,0.0,0.09190409522528849,0.5812909038629885,0.0,0.0,351.82547834266614,0.0,0.0,0.0,0.0,0.14563939072723575
4384.0,1.3419051959948034,0.799326691,0.164780389,0.0,0.0,0.8459247104205455,0.419072826026684,0.0,0.0,0.07690765954757388,0.4893861487969563,0.0,0.0,351.8254743292522,0.0,0.0,0.0,0.0,0.145639556047065
4385.0,1.393869351196572,0.81327407,0.175838111,0.0,0.0,0.8606851740389193,0.4471950487989426,0.0,0.0,0.08598912835871007,0.4124779337324833,0.0,0.0,351.82547031583823,0.0,0.0,0.0,0.0,0.14563972136708192
4386.0,1.4331117424368411,0.81053474,0.194466756,0.0,0.0,0.8577861504443273,0.49457179643605287,0.0,0.0,0.08075379555646099,0.3264883371576964,0.0,0.0,351.8254663024244,0.0,-1.1102230246251565e-16,0.0,0.0,0.1456398866872865
4387.0,1.4607844163426578,0.802812276,0.215118475,0.0,0.0,0.8496134931360113,0.5470936668853268,0.0,0.0,0.06407725632131953,0.2457341709945292,0.0,0.0,351.82546228901055,0.0,0.0,0.0,0.0,0.1456400520076787
4388.0,1.4782963816140167,0.797807846,0.233609136,0.0,0.0,0.8443173219381326,0.5941194908161793,0.0,0.0,0.03985956885970466,0.18165663573298016,0.0,0.0,351.82545827559676,0.0,0.0,0.0,0.0,0.1456402173282586
4389.0,1.4844720367671835,0.783580374,0.248593912,0.0,0.0,0.8292604368533126,0.6322290769374795,0.0,0.0,0.02298252297639151,0.14179686066937858,0.0,0.0,351.825454262183,0.0,0.0,-1.1102230246251565e-16,0.0,0.14564038264902618
4390.0,1.478474113714472,0.752815508,0.261188078,0.0,0.0,0.796702084110683,0.6642588152400707,0.0,0.0,0.017513214363718315,0.11881417673511663,0.0,0.0,351.8254502487693,0.0,0.0,0.0,0.0,0.14564054796998138
4391.0,1.4525744781119916,0.668410674,0.276902531,0.0,0.0,0.707376736210416,0.7042241307010841,0.0,0.0,0.04097361120049163,0.10130082750186188,0.0,0.0,351.8254462353557,0.0,0.0,0.0,0.0,0.14564071329112427
4392.0,1.4126382892747646,0.533739821,0.322016702,0.0,0.0,0.5648550318699902,0.8189594050232066,0.0,0.0,0.02882385238156784,0.060327101311761916,0.0,0.0,351.82544222194207,0.0,0.0,0.0,0.0,0.1456408786124548
4393.0,1.3637469721953241,0.315464067,0.434353646,0.0,0.0,0.33385454599446446,1.1046569984988557,0.0,0.0277053716706414,0.0,0.031503180451091566,0.047059200627354705,0.0,351.8254382085285,0.0,0.0,2.220446049250313e-16,0.0,0.13107693954057573
4394.0,1.2976027932680803,0.052695409,0.543123351,0.0,0.0,0.0557673715900189,1.381282317428275,0.0,0.13944689575021346,0.0,0.0564379791944636,0.0,0.0,351.8484932034224,0.0,-6.938893903907228e-18,0.0,0.0,0.13107708833011097
4395.0,1.2145804888494143,2.28e-06,0.575488023,0.0,0.0,2.41291622245959e-06,1.463592807413019,0.0,0.24901473147982697,0.0,0.1819401213052124,0.0,0.0,351.84848918974586,0.0,4.235164736271502e-22,0.0,0.0,0.13107723711981514
4396.0,1.1329928893380372,0.0,0.55059215,0.0,0.0,0.0,1.4002771184658864,0.0,0.2672842291278495,0.0,0.4060531731113668,0.0,0.0,351.84848517606946,0.0,0.0,2.220446049250313e-16,0.0,0.13107738590968823
4397.0,1.0579342678301298,0.0,0.520754771,0.0,0.0,0.0,1.3243940912765333,0.0,0.26645982344640357,0.0,0.6466085184032929,0.0,0.0,351.848481162393,0.0,0.0,0.0,0.0,0.13107753469973019
4398.0,1.0001178014169865,0.0,0.49151461,0.0,0.0,0.0,1.2500299210126482,0.0,0.24991211959566173,0.0,0.8864216255203287,0.0,0.0,351.8484771487166,0.0,0.0,0.0,0.0,0.13107768348994106
4399.0,0.960477118963649,0.0,0.463766765,0.0,0.0,0.0,1.179461039054854,0.0,0.21898392009120518,0.0,1.1113415269526445,0.0,0.0,351.8484731350403,0.0,0.0,0.0,0.0,0.1310778322803208
4400.0,0.9399244358290804,0.0,0.437581758,0.0,0.0,0.0,1.112866798383299,0.0,0.17294236255421838,0.0,1.3084257935176216,0.0,0.0,351.848469121364,0.0,0.0,-2.220446049250313e-16,0.0,0.13107798107086946
4401.0,0.9412649213096221,0.0,0.405568488,0.0,0.0,0.0,1.031450001089203,0.0,0.0901850797795807,0.0,1.4640724345830471,0.0,0.0,351.8484651076878,0.0,0.0,0.0,0.0,0.131078129861587
4402.0,0.9667148732844447,0.0,0.377092856,0.0,0.0,0.0,0.9590301964780128,0.0,0.0,0.007684676806431833,1.5452373444721272,0.0,0.0,351.8484610940116,0.0,0.0,1.1102230246251565e-16,0.0,0.1456425318360816
4403.0,1.0121222129248413,4.85e-06,0.311023955,0.0,0.0,5.132738455670619e-06,0.7910024279882371,0.0,0.0,0.22111465219814852,1.5375509136204284,0.0,0.0,351.84845708033544,0.0,0.0,1.1102230246251565e-16,0.0,0.14564269715947645
4404.0,1.0712234897027213,0.108547607,0.202287797,0.0,0.0,0.11487556221029306,0.5144624264693426,0.0,0.0,0.2932786472456189,1.3164345161021114,0.0,0.1486068537774668,351.8484530666594,0.0,-1.3877787807814457e-17,0.0,0.0,0.26750399181284645
4405.0,1.142755306759427,0.43999834,0.186936541,0.0,0.0,0.46564874229881154,0.47542080098210643,0.0,0.0,0.201685763478509,1.0231543745321803,0.0,0.0,351.6998421992058,0.0,0.0,5.551115123125783e-17,0.0,0.14564302780682908
4406.0,1.2207882642616996,0.640057867,0.226443753,0.0,0.0,0.6773710572794661,0.5758963435011578,0.0,0.03247913651892417,0.0,0.821467449640446,0.0,0.0,351.69983818722505,0.0,0.0,0.0,0.0,0.13107887381770822
4407.0,1.2984079410966485,0.750844105,0.224642911,0.0,0.0,0.7946157550406368,0.5713164056168775,0.0,0.06752421956086578,0.0,0.8506977400351318,0.0,0.0,351.6998341752443,0.0,0.0,0.0,0.0,0.13107902260943913
4408.0,1.3627662336169086,0.800640252,0.209938677,0.0,0.0,0.8473148475460238,0.5339202995976251,0.0,0.01846891352674015,0.0,0.9114685719873853,0.0,0.0,351.69983016326364,0.0,-1.1102230246251565e-16,0.0,0.0,0.13107917140133898
4409.0,1.4144348824347879,0.817754731,0.206711694,0.0,0.0,0.8654270422907799,0.5257133710088714,0.0,0.0,0.023294469135136647,0.9280895595261314,0.0,0.0,351.69982615128293,0.0,-1.1102230246251565e-16,0.0,0.0,0.14564368910378633
4410.0,1.4493110597855607,0.813492641,0.211494947,0.0,0.0,0.8609164869826296,0.5378782370131057,0.0,0.0,0.05051633578982561,0.904794036888693,0.0,0.0,351.6998221393024,0.0,-1.1102230246251565e-16,0.0,0.0,0.1456438544284948
4411.0,1.4680714324613218,0.804468878,0.220219841,0.0,0.0,0.8513666693816074,0.5600675643205152,0.0,0.0,0.05663719875919923,0.8542766740400123,0.0,0.0,351.6998181273218,0.0,-1.1102230246251565e-16,0.0,0.0,0.14564401975339097
4412.0,1.4765554635697986,0.797025154,0.228298327,0.0,0.0,0.843489001664453,0.5806129336971889,0.0,0.0,0.05245352820815655,0.797638505565732,0.0,0.0,351.69981411534127,0.0,0.0,1.1102230246251565e-16,0.0,0.14564418507847476
4413.0,1.4737802731819678,0.783907835,0.235139758,0.0,0.0,0.829606987712577,0.598012199718078,0.0,0.0,0.04616108575131273,0.7451840719341787,0.0,0.0,351.6998101033608,0.0,0.0,0.0,0.0,0.14564435040374624
4414.0,1.4583796796099926,0.751083745,0.246859032,0.0,0.0,0.7948693652351763,0.6278168949488985,0.0,0.0,0.03569341942591795,0.6990221403020704,0.0,0.0,351.69980609138037,0.0,0.0,0.0,0.0,0.1456445157292054
4415.0,1.4240388399111934,0.67295488,0.265986942,0.0,0.0,0.7121858539190117,0.676463383455999,0.0,0.0,0.03538960253618255,0.6633279273951502,0.0,0.0,351.6998020794,0.0,0.0,1.1102230246251565e-16,0.0,0.14564468105485218
4416.0,1.3801197389432833,0.5472104,0.325907192,0.0,0.0,0.5791108996748251,0.8288537780661575,0.0,0.02784493879769941,0.0,0.6279375718955376,0.0,0.0,351.6997980674197,0.0,0.0,1.1102230246251565e-16,0.0,0.13108036174261797
4417.0,1.3338323042030422,0.321296405,0.456609554,0.0,0.0,0.34002688940458187,1.1612586749359097,0.0,0.16745326013744935,0.0,0.6529973040226911,0.0,0.0,351.6997940554394,0.0,-5.551115123125783e-17,0.0,0.0,0.13108051053603792
4418.0,1.2733091706215205,0.048782262,0.546527084,0.0,0.0,0.05162610146845351,1.3899387602004198,0.0,0.16825569104735305,0.0,0.8037044969095657,0.0,0.0,351.69979004345913,0.0,-6.938893903907228e-18,2.220446049250313e-16,0.0,0.13108065932962673
4419.0,1.2007687774284967,2.3e-06,0.548823888,0.0,0.0,2.434082154235551e-06,1.3957800386981265,0.0,0.19501369535178378,0.0,0.9551337065430979,0.0,0.0,351.69978603147894,0.0,4.235164736271502e-22,0.0,0.0,0.13108080812338446
4420.0,1.1248664637810788,0.0,0.516104282,0.0,0.0,0.0,1.3125668733687275,0.0,0.18770040958764872,0.0,1.130644948158779,0.0,0.0,351.6997820194988,0.0,0.0,2.220446049250313e-16,0.0,0.1310809569173111
4421.0,1.0554117568140304,0.0,0.48042517,0.0,0.0,0.0,1.2218270323797455,0.0,0.16641527556571528,0.0,1.299574033358663,0.0,0.0,351.69977800751866,0.0,0.0,2.220446049250313e-16,0.0,0.1310811057114066
4422.0,0.9956166824391928,0.0,0.445985355,0.0,0.0,0.0,1.1342389966464026,0.0,0.13862231420720983,0.0,1.4493463061823342,0.0,0.0,351.69977399553864,0.0,0.0,0.0,0.0,0.13108125450567104
4423.0,0.9528153664886034,0.0,0.417167245,0.0,0.0,0.0,1.0609481950422879,0.0,0.10813282855368447,0.0,1.5741047437723503,0.0,0.0,351.6997699835586,0.0,0.0,0.0,0.0,0.13108140330010434
4424.0,0.9224574389204874,0.0,0.394386204,0.0,0.0,0.0,1.0030109897132014,0.0,0.0805535507927139,0.0,1.6714225026571488,0.0,0.0,351.6997659715787,0.0,0.0,0.0,0.0,0.1310815520947066
4425.0,0.9058298514501889,0.0,0.364082658,0.0,0.0,0.0,0.9259423971584791,0.0,0.02011254570829019,0.0,1.7439188010887658,0.0,0.0,351.69976195959873,0.0,0.0,0.0,0.0,0.1310817008894777
4426.0,0.9016970447769531,0.0,0.335748565,0.0,0.0,0.0,0.8538825574016202,0.0,0.0,0.04781448737533294,1.7620181126516783,0.0,0.0,351.6997579476189,0.0,0.0,0.0,0.0,0.26749864819160707
4427.0,0.9153674270577498,8.37e-06,0.273920827,0.0,0.0,8.85794244823981e-06,0.6966410006378635,0.0,0.0,0.218717568477438,1.7142016251567251,0.0,0.0,351.6997539356391,0.0,0.0,0.0,0.0,0.26749895183769223
4428.0,0.9634364655037587,0.124851204,0.182218361,0.0,0.0,0.13212960330053142,0.4634214299507479,0.0,0.0,0.2932786472456189,1.4954821108375964,0.0,0.07460678500686038,351.6997499236592,0.0,0.0,5.551115123125783e-17,0.0,0.2675040650494579
4429.0,1.039285245385979,0.460166447,0.167833494,0.0,0.0,0.4869925811394259,0.4268375445606729,0.0,0.0,0.12545511968588033,1.202201766025369,0.0,0.0,351.6251391266727,0.0,0.0,0.0,0.0,0.2674995591308967
4430.0,1.1210313048423404,0.669466828,0.182155129,0.0,0.0,0.7084944603858615,0.4632606170463961,0.0,0.05072377258991723,0.0,1.076745281684198,0.0,0.0,351.6251351155441,0.0,-1.1102230246251565e-16,0.0,0.0,0.2407498765002143
4431.0,1.199910095834731,0.769002379,0.168964927,0.0,0.0,0.8138325944732974,0.4297150279047002,0.0,0.04363752654326663,0.0,1.1223954547692518,0.0,0.0,351.6251311044155,0.0,0.0,5.551115123125783e-17,0.0,0.24075014978293183
4432.0,1.2603218791846422,0.794915083,0.150553456,0.0,0.0,0.8412559207230313,0.3828906015873286,0.0,0.0,0.036175356874282354,1.1616679545934392,0.0,0.0,351.62512709328695,0.0,0.0,0.0,0.0,0.26750047007328837
4433.0,1.3036670981896368,0.818349299,0.144360307,0.0,0.0,0.8660562715769884,0.3671400594919684,0.0,0.0,0.07047076712067998,1.1254912790750118,0.0,0.0,351.6251230821585,0.0,0.0,0.0,0.0,0.26750077372144165
4434.0,1.330461818346217,0.81543116,0.15025357,0.0,0.0,0.8629680150276499,0.3821279254323049,0.0,0.0,0.08536587788626208,1.0550192343754161,0.0,0.0,351.62511907103004,0.0,0.0,0.0,0.0,0.2675010773699396
4435.0,1.344526209138866,0.804036599,0.162261852,0.0,0.0,0.8509091899904982,0.41266763166801085,0.0,0.0,0.08094938748035674,0.9696521589051704,0.0,0.0,351.62511505990165,0.0,1.1102230246251565e-16,5.551115123125783e-17,0.0,0.2675013810187823
4436.0,1.3529695545857927,0.794939206,0.175208114,0.0,0.0,0.8412814500116429,0.44559282765612,0.0,0.0,0.06609527691802976,0.8887016707435585,0.0,0.0,351.6251110487733,0.0,0.0,5.551115123125783e-17,0.0,0.2675016846679696
4437.0,1.3533400082409583,0.78087168,0.187028991,0.0,0.0,0.8263938352330148,0.47565592169641774,0.0,0.0,0.051290251311525765,0.8226053850336014,0.0,0.0,351.625107037645,0.0,0.0,0.0,0.0,0.26750198831750155
4438.0,1.3388559127291622,0.75105544,0.201350426,0.0,0.0,0.7948394101502305,0.5120784855380861,0.0,0.0,0.031938017040845555,0.7713141999580249,0.0,0.0,351.62510302651674,0.0,-1.1102230246251565e-16,1.1102230246251565e-16,0.0,0.2675022919673783
4439.0,1.3095750845168168,0.669043882,0.223221167,0.0,0.0,0.7080468580768157,0.5677005974519479,0.0,0.0,0.033827628988053415,0.7393753073752916,0.0,0.0,351.62509901538857,0.0,-1.1102230246251565e-16,0.0,0.0,0.2675025956175996
4440.0,1.2706795920750265,0.534301461,0.259267935,0.0,0.0,0.5654494135661228,0.6593754686339077,0.0,0.0,0.04585470987499585,0.7055468391001454,0.0,0.0,351.6250950042604,0.0,0.0,0.0,0.0,0.2675028992681657
4441.0,1.2302380444943366,0.314618954,0.319180874,0.0,0.0,0.33296016578941556,0.8117472697606445,0.0,0.0,0.08553060894427653,0.6596913283377661,0.0,0.0,351.62509099313223,0.0,0.0,1.1102230246251565e-16,0.0,0.2675032029190764
4442.0,1.1870705575897975,0.049297925,0.375418225,0.0,0.0,0.05217182586232289,0.954771240967707,0.0,0.0,0.18012749075976767,0.574159970558072,0.0,0.0,351.6250869820042,0.0,-6.938893903907228e-18,1.1102230246251565e-16,0.0,0.26750350657033184
4443.0,1.1303954310506616,2.4e-06,0.378152856,0.0,0.0,2.539911813115358e-06,0.9617260099682231,0.0,0.0,0.16866688117062542,0.39403182805209697,0.0,0.0,351.6250829708761,0.0,0.0,0.0,0.0,0.26750381022193187
4444.0,1.0689086896955875,0.0,0.355622193,0.0,0.0,0.0,0.9044255710448458,0.0,0.0,0.12580279199214994,0.2253644996041226,0.0,0.03868032665859177,351.6250789597482,0.0,0.0,1.1102230246251565e-16,0.0,0.2675041138738767
4445.0,1.0098930669420234,0.0,0.324872615,0.0,0.0,0.0,0.8262226208649677,0.0,0.0,0.0,0.09956145179396825,0.0,0.18367044607705582,351.58639462196163,0.0,0.0,0.0,0.0,0.26750411692540316
4446.0,0.9617062542125802,0.0,0.302693797,0.0,0.0,0.0,0.7698170012788196,0.0,0.0,0.0,0.09956133877877747,0.0,0.19188925293376055,351.40272016519793,0.0,0.0,1.1102230246251565e-16,0.0,0.26750411997692963
4447.0,0.9270377878707731,0.0,0.286682363,0.0,0.0,0.0,0.7290963977176779,0.0,0.0,0.0,0.09956122576371498,0.0,0.19794139015309523,351.2108269036728,0.0,0.0,0.0,0.0,0.2675041230284562
4448.0,0.9084166029845251,0.0,0.278253521,0.0,0.0,0.0,0.7076599958587625,0.0,0.0,0.0,0.09956111274878078,0.0,0.20075660712576268,351.0128815071173,0.0,0.0,0.0,0.0,0.2675041260799828
4449.0,0.9125194307492505,0.0,0.262974757,0.0,0.0,0.0,0.6688027334956134,0.0,0.0,0.0,0.09956099973397486,0.0,0.24371669725363712,350.8121208958472,0.0,0.0,0.0,0.0,0.2675041291315094
4450.0,0.9381321253702729,0.0,0.245826971,0.0,0.0,0.0,0.6251921364899174,0.0,0.0,0.0,0.09956088671929725,0.0,0.31293998888035546,350.5684001967394,0.0,0.0,0.0,0.0,0.26750413218303604
4451.0,0.9831219016421301,5.94e-06,0.200492394,0.0,0.0,6.286281737460511e-06,0.5098963211601314,0.0,0.0,0.0,0.09956077370474789,0.0,0.47321929420026126,350.255456208785,0.0,-8.470329472543003e-22,0.0,0.0,0.26750413523456273
4452.0,1.045884887959509,0.105839077,0.126049372,0.0,0.0,0.11200913415063583,0.3205713183680418,0.0,0.0,0.09956054767603408,0.09956066069032685,0.0,0.5137438877647974,349.7822329190806,0.0,-1.3877787807814457e-17,0.0,0.0,0.26750654310184363
4453.0,1.1193482032645354,0.420449722,0.115121472,0.0,0.0,0.4449605065536951,0.29277926153816625,0.0,0.0,0.0,0.0,0.0,0.381608435172674,349.26848504121,0.0,-5.551115123125783e-17,0.0,0.0,0.2675041413376162
4454.0,1.1990728277470444,0.633782362,0.142981875,0.0,0.0,0.670729711744981,0.36363440328353686,0.0,0.0,0.0,0.0,0.0,0.16470871271852663,348.886872621792,0.0,-1.1102230246251565e-16,0.0,0.0,0.26750414438914294
4455.0,1.274414107535194,0.730610454,0.158410605,0.0,0.0,0.7732025512084062,0.4028730622182641,0.0,0.0,0.0,0.0,0.0,0.09833849410852379,348.7221599291814,0.0,0.0,5.551115123125783e-17,0.0,0.26750414744066975
4456.0,1.3391385710094041,0.763074608,0.168760635,0.0,0.0,0.8075592546448213,0.4291954683485285,0.0,0.0,0.0,0.0,0.0,0.10238384801605424,348.6238174570597,0.0,0.0,0.0,0.0,0.2675041504921966
4457.0,1.3889956372130048,0.772994296,0.178276658,0.0,0.0,0.8180572266171624,0.4533968109679159,0.0,0.0,0.0,0.0,0.0,0.11754159962792662,348.52142963215226,0.0,0.0,0.0,0.0,0.26750415354372353
4458.0,1.4255677642452298,0.75967479,0.184729951,0.0,0.0,0.8039612388528871,0.4698089565581791,0.0,0.0,0.0,0.0,0.0,0.15179756883416354,348.403884056801,0.0,0.0,5.551115123125783e-17,0.0,0.26750415659525045
4459.0,1.4467392977054798,0.741500123,0.188741212,0.0,0.0,0.7847270507642462,0.480010476856815,0.0,0.0,0.0,0.0,0.0,0.18200177008441845,348.2520825135843,0.0,0.0,0.0,0.0,0.2675041596467774
4460.0,1.4611527286472157,0.723609777,0.193473684,0.0,0.0,0.7657937586200291,0.4920461955923265,0.0,0.0,0.0,0.0,0.0,0.20331277443486007,348.07007677084914,0.0,-1.1102230246251565e-16,0.0,0.0,0.2675041626983044
4461.0,1.4667245229289563,0.696870623,0.200897899,0.0,0.0,0.7374958031544829,0.5109276096972518,0.0,0.0,0.0,0.0,0.0,0.2183011100772215,347.86676002583965,0.0,0.0,0.0,0.0,0.26750416574983144
4462.0,1.454002758967457,0.65975579,0.214627364,0.0,0.0,0.6982173019967729,0.5458446634334488,0.0,0.0,0.0,0.0,0.0,0.20994079353723497,347.6484549475071,0.0,1.1102230246251565e-16,0.0,0.0,0.26750416880135847
4463.0,1.4223600210346043,0.589731848,0.234594154,0.0,0.0,0.6241112030439795,0.5966246085638208,0.0,0.0,0.0,0.0,0.0,0.20162420942680404,347.4385101882049,0.0,-1.1102230246251565e-16,-1.1102230246251565e-16,0.0,0.26750417185288555
4464.0,1.3851390647681874,0.46439416,0.266773007,0.0,0.0,0.49146675538574314,0.6784625199005105,0.0,0.0,0.0,0.0,0.0,0.21520978948193387,347.236882015408,0.0,0.0,0.0,0.0,0.2675041749044127
4465.0,1.343307780642974,0.269107969,0.329887311,0.0,0.0,0.28479604561107563,0.8389760973990273,0.0,0.0,0.0,0.0,0.0,0.21953563763287118,347.0216682648561,0.0,0.0,0.0,0.0,0.26750417795593984
4466.0,1.2770907957950617,0.043256802,0.39595942,0.0,0.0,0.04577852599891335,1.0070120245394414,0.0,0.0,0.0,0.0,0.0,0.224300245256707,346.8021286686082,0.0,0.0,0.0,0.0,0.2675041810074671
4467.0,1.1989357813081392,2.05e-06,0.405911001,0.0,0.0,2.169508007036035e-06,1.0323210870948372,0.0,0.0,0.0,0.0,0.0,0.16661252470529495,346.5778244672409,0.0,-4.235164736271502e-22,0.0,0.0,0.2675041840589943
4468.0,1.1234424656268291,0.0,0.390567267,0.0,0.0,0.0,0.9932985917105004,0.0,0.0,0.0,0.0,0.0,0.13014387391632867,346.4112079889837,0.0,0.0,1.1102230246251565e-16,0.0,0.2675041871105216
4469.0,1.0526536972310627,0.0,0.369620232,0.0,0.0,0.0,0.9400256676228539,0.0,0.0,0.0,0.0,0.0,0.11262802960820884,346.2810601634162,0.0,0.0,1.1102230246251565e-16,0.0,0.2675041901620489
4470.0,0.9963854273074267,0.0,0.35075429,0.0,0.0,0.0,0.8920454214444358,0.0,0.0,0.0,0.0,0.0,0.10434000586299094,346.16842818364137,0.0,0.0,1.1102230246251565e-16,0.0,0.2675041932135762
4471.0,0.957823985560468,0.0,0.336555598,0.0,0.0,0.0,0.8559350200888323,0.0,0.0,0.0,0.0,0.0,0.10188896547163571,346.06408422889666,0.0,0.0,1.1102230246251565e-16,0.0,0.2675041962651036
4472.0,0.9375325472000626,0.0,0.327886057,0.0,0.0,0.0,0.8338864676532376,0.0,0.0,0.0,0.0,0.0,0.1036460795468251,345.96219131573355,0.0,0.0,0.0,0.0,0.267504199316631
4473.0,0.937404066163589,0.0,0.31169069,0.0,0.0,0.0,0.7926980819574779,0.0,0.0,0.0,0.0,0.0,0.14470598420611108,345.85854128965764,0.0,0.0,0.0,0.0,0.2675042023681585
4474.0,0.9554706412423923,0.0,0.293485432,0.0,0.0,0.0,0.746398100722424,0.0,0.0,0.0,0.0,0.0,0.2090725405199684,345.7138313601048,0.0,0.0,0.0,0.0,0.26750420541968595
4475.0,0.9880534320921105,3.43e-06,0.240127325,0.0,0.0,3.6299572995773662e-06,0.6106966812293301,0.0,0.0,0.0,0.0,0.0,0.37735312090548084,345.50475487588886,0.0,-4.235164736271502e-22,0.0,0.0,0.2675042084712135
4476.0,1.0365528820103063,0.102792679,0.171828172,0.0,0.0,0.10878514153911457,0.4369968906375087,0.0,0.0,0.0,0.0,0.0,0.490770849833683,345.1273978136724,0.0,0.0,0.0,0.0,0.26750421152274095
4477.0,1.0962216166992782,0.402043265,0.179170073,0.0,0.0,0.4254810158987368,0.4556689621088179,0.0,0.0,0.0,0.0,0.0,0.2150716386917235,344.6366230268324,0.0,-5.551115123125783e-17,5.551115123125783e-17,0.0,0.2675042145742686
4478.0,1.1614578629687748,0.604004912,0.194287292,0.0,0.0,0.6392163379868758,0.4941153799528386,0.0,0.0,0.0,0.0,0.0,0.028126145029060388,344.4215474567329,0.0,0.0,5.551115123125783e-17,0.0,0.2675042176257962
4479.0,1.2257947419829562,0.698046302,0.180247664,0.0,0.0,0.7387400202297044,0.4584095133868642,0.0,0.0,0.0,0.0,0.0,0.028645208366387672,344.3934173827495,0.0,0.0,5.551115123125783e-17,0.0,0.2675042206773239
4480.0,1.2790244353939901,0.736460813,0.173448155,0.0,0.0,0.7793939661813503,0.44111686424629276,0.0,0.0,0.0,0.0,0.0,0.05851360496634722,344.36476824574964,0.0,-1.1102230246251565e-16,5.551115123125783e-17,0.0,0.2675042237288515
4481.0,1.323493863468129,0.755153491,0.174828288,0.0,0.0,0.7991763635442508,0.44462684647241,0.0,0.0,0.0,0.0,0.0,0.07969065345146802,344.30625071247664,0.0,0.0,5.551115123125783e-17,0.0,0.2675042267803793
4482.0,1.3573379098258969,0.755223051,0.178460836,0.0,0.0,0.7992499786549676,0.4538652161915007,0.0,0.0,0.0,0.0,0.0,0.10422271497942857,344.226556131386,0.0,0.0,5.551115123125783e-17,0.0,0.267504229831907
4483.0,1.3736785563147376,0.744335962,0.183473732,0.0,0.0,0.7877282095043266,0.46661411492906746,0.0,0.0,0.0,0.0,0.0,0.11933623188134339,344.1223294896766,0.0,0.0,5.551115123125783e-17,0.0,0.26750423288343483
4484.0,1.3754430292156423,0.731650855,0.189332334,0.0,0.0,0.7743036040376884,0.4815138303114943,0.0,0.0,0.0,0.0,0.0,0.1196255948664597,344.0029893322541,0.0,-1.1102230246251565e-16,0.0,0.0,0.26750423593496264
4485.0,1.3684151165205336,0.706740817,0.196896635,0.0,0.0,0.7479413957954582,0.5007515139716929,0.0,0.0,0.0,0.0,0.0,0.11972220675338267,343.883359813208,0.0,-1.1102230246251565e-16,0.0,0.0,0.2675042389864905
4486.0,1.344828139574579,0.667307569,0.20674281,0.0,0.0,0.70620932395183,0.5257925058509103,0.0,0.0,0.0,0.0,0.0,0.11282630977183859,343.76363368363957,0.0,-1.1102230246251565e-16,1.1102230246251565e-16,0.0,0.2675042420380184
4487.0,1.3073545039364305,0.588830277,0.223121421,0.0,0.0,0.6231570735301203,0.5674469214025191,0.0,0.0,0.0,0.0,0.0,0.11675050900379118,343.6508034524184,0.0,-1.1102230246251565e-16,0.0,0.0,0.26750424508954634
4488.0,1.2625253289601654,0.454919371,0.264073657,0.0,0.0,0.4814396185074618,0.6715974782544738,0.0,0.0,0.0,0.0,0.0,0.10948823219822999,343.53404902325246,0.0,-5.551115123125783e-17,0.0,0.0,0.2675042481410743
4489.0,1.2205869773045575,0.270524412,0.360854993,0.0,0.0,0.2862950624062025,0.9177337340934987,0.0,0.0,0.0,0.0,0.0,0.016558180804856153,343.4245568722239,0.0,0.0,0.0,0.0,0.2675042511926023
4490.0,1.168033950685618,0.038352332,0.457918486,0.0,0.0,0.040588142128050904,1.1645875773353134,0.0,0.0,0.0,0.0,0.037141768777746206,0.0,343.40799477383774,0.0,0.0,2.220446049250313e-16,0.0,0.13107708457962386
4491.0,1.0973029987562646,3.89e-07,0.482442431,0.0,0.0,4.116773730424476e-07,1.2269573714524578,0.0,0.0,0.0,0.0,0.12965478437356637,0.0,343.4261903231465,0.0,-5.293955920339377e-23,2.220446049250313e-16,0.0,0.13107708607487262
4492.0,1.0246255591243354,0.0,0.480174009,0.0,0.0,0.0,1.221188274632562,0.0,0.0,0.0,0.0,0.19656271550822657,0.0,343.48971724988957,0.0,0.0,0.0,0.0,0.13107708757012138
4493.0,0.9616655685510302,0.0,0.464182057,0.0,0.0,0.0,1.180517218088794,0.0,0.0021648907023671332,0.0,0.0,0.21668675883539654,0.0,343.586029062164,0.0,0.0,0.0,0.0,0.13107694177108117
4494.0,0.9112688819942402,0.0,0.4409817,0.0,0.0,0.0,1.1215135998073857,0.0,0.08834932760845357,0.0,0.0019484016321304203,0.12189539020469205,0.0,343.69220165457006,0.0,0.0,0.0,0.0,0.13107709056061898
4495.0,0.8732877462620208,0.0,0.420158405,0.0,0.0,0.0,1.0685553737964173,0.0,0.19526762753439647,0.0,0.08146279426804949,0.0,0.0,343.7519264751359,0.0,0.0,0.0,0.0,0.1310772393503257
4496.0,0.8511311915221395,0.0,0.39803859,0.0,0.0,0.0,1.0122998118360833,0.0,0.1611686203139439,0.0,0.2572035665781447,0.0,0.0,343.7519225538202,0.0,0.0,0.0,0.0,0.13107738814020128
4497.0,0.8351010408714435,0.0,0.363576242,0.0,0.0,0.0,0.924654469720311,0.0,0.08955342884886733,0.0,0.4022550329012097,0.0,0.0,343.7519186325045,0.0,0.0,0.0,0.0,0.1310775369302458
4498.0,0.831749827170089,0.0,0.334179585,0.0,0.0,0.0,0.8498922956564599,0.0,0.018142468486370696,0.0,0.48285266225343476,0.0,0.0,343.7519147111889,0.0,0.0,0.0,0.0,0.13107768572045916
4499.0,0.8434822871507414,6.48e-06,0.260830236,0.0,0.0,6.857761895411466e-06,0.6633487442108595,0.0,0.0,0.1801266851779864,0.49918033579062593,0.0,0.0,343.75191078987325,0.0,0.0,0.0,0.0,0.1456420383453794
4500.0,0.8829752164121342,0.121742906,0.172341123,0.0,0.0,0.1288401021301636,0.4383014380201661,0.0,0.0,0.2932786472456189,0.31905308397806487,0.0,0.022555029016185613,343.75190686855774,0.0,-2.7755575615628914e-17,0.0,0.0,0.2675042847594126
4501.0,0.9328601201736374,0.42254658,0.180836271,0.0,0.0,0.44717960422228903,0.4599064706425549,0.0,0.0,0.02577404530879352,0.025774074565718785,0.0,0.0,343.729347918226,0.0,0.0,0.0,0.0,0.14564236899123637
4502.0,0.9903425358919493,0.616079399,0.202933641,0.0,0.0,0.6519947263904625,0.5161049500238438,0.0,0.0,0.0,0.0,0.17775714052235697,0.0,343.72934399716786,0.0,-1.1102230246251565e-16,0.0,0.0,0.13107710252261004
4503.0,1.0499941397760582,0.713547043,0.208790766,0.0,0.0,0.7551444015538468,0.5310009090699263,0.0,0.019464412012318463,0.0,0.0,0.21668675883539654,0.0,343.81644107496567,0.0,0.0,1.1102230246251565e-16,0.0,0.13107563108224926
4504.0,1.1040589599241708,0.752045727,0.209786165,0.0,0.0,0.7958874275042614,0.5335324279872299,0.0,0.008674136731923906,0.0,0.017517970811086615,0.21668675883539654,0.0,343.9226136647434,0.0,0.0,0.0,0.0,0.13107577987029925
4505.0,1.1474234510846364,0.750216092,0.216091577,0.0,0.0,0.7939511310250159,0.5495684796201858,0.0,0.0,0.0,0.025324673984643928,0.1960961595605652,0.0,344.0287862533099,0.0,-1.1102230246251565e-16,0.0,0.0,0.13107710700835698
4506.0,1.1824816432370802,0.734040862,0.224223798,0.0,0.0,0.7768329402929917,0.5702505089382713,0.0,0.0,0.0,0.02532464523784675,0.16460180599418303,0.0,344.12486944702056,0.0,0.0,1.1102230246251565e-16,0.0,0.131077108503606
4507.0,1.2086104033546052,0.70944998,0.233182001,0.0,0.0,0.7508084937568561,0.593033192424537,0.0,0.0,0.0,0.0253246164910822,0.13523128282678779,0.0,344.2055204063877,0.0,-1.1102230246251565e-16,0.0,0.0,0.13107710999885502
4508.0,1.2304371901008708,0.68425584,0.241170064,0.0,0.0,0.724145621337155,0.6133485961943945,0.0,0.0,0.0,0.025324587744350282,0.10705702743067869,0.0,344.27177980848273,0.0,0.0,0.0,0.0,0.13107711149410406
4509.0,1.2448270661859198,0.65424097,0.247898238,0.0,0.0,0.6923809868029377,0.6304598247167356,0.0,0.0,0.0,0.025324558997650994,0.07801374533375363,0.0,344.3242338246779,0.0,0.0,0.0,0.0,0.13107711298935312
4510.0,1.237700651362848,0.612354356,0.257475539,0.0,0.0,0.6480525260904364,0.6548170107880597,0.0,0.0,0.0,0.025324530250984342,0.06516888551564823,0.0,344.3624566320471,0.0,0.0,1.1102230246251565e-16,0.0,0.1310771144846022
4511.0,1.2159166916287403,0.537594857,0.275915851,0.0,0.0,0.568934803318484,0.7017147861213476,0.0,0.0,0.0,0.025324501504350314,0.05473289781109134,0.0,344.3943854576695,0.0,-1.1102230246251565e-16,0.0,0.0,0.13107711597985128
4512.0,1.1814066852319174,0.416206848,0.326042311,0.0,0.0,0.4404702874727951,0.8291974154463307,0.0,0.0,0.0,0.025324472757748923,0.08826101768720834,0.0,344.4212006489524,0.0,0.0,0.0,0.0,0.1310771174751004
4513.0,1.146699674579168,0.237783653,0.430754789,0.0,0.0,0.251645628841843,1.0955043124140094,0.0,0.09666384796334469,0.0,0.025324444011180166,0.10378641871333964,0.0,344.46444461866867,0.0,0.0,0.0,0.0,0.13107711897034954
4514.0,1.1021488751819293,0.036776572,0.512303069,0.0,0.0,0.03892052069528646,1.302899551402159,0.0,0.23967119691551644,0.0,0.11232187843165425,0.0,0.0,344.51529603439457,0.0,0.0,2.220446049250313e-16,0.0,0.1310772677600885
4515.0,1.0388783887704793,1.55e-06,0.523444922,0.0,0.0,1.6403597126370018e-06,1.3312357378392714,0.0,0.2923589894285048,0.0,0.3280258281556852,0.0,0.0,344.51529210437076,0.0,2.117582368135751e-22,2.220446049250313e-16,0.0,0.13107741654999636
4516.0,0.9744087460186086,0.0,0.502268147,0.0,0.0,0.0,1.277378534325926,0.0,0.2932786472456189,0.0,0.5911485462893812,0.009691141061698473,0.0,344.515288174347,0.0,0.0,0.0,0.0,0.13107712345609704
4517.0,0.9143909711805499,0.0,0.46992238,0.0,0.0,0.0,1.195116123920458,0.0,0.28072515273990806,0.0,0.855098657779989,0.0,0.0,344.5200329034435,0.0,0.0,0.0,0.0,0.1310777141303187
4518.0,0.870328399721911,0.0,0.437312974,0.0,0.0,0.0,1.1121832214652303,0.0,0.24185482174331924,0.0,1.107750324597767,0.0,0.0,344.5200289733657,0.0,0.0,0.0,0.0,0.13107786292073326
4519.0,0.8368483829674852,0.0,0.406355822,0.0,0.0,0.0,1.0334523648802416,0.0,0.19660398191275644,0.0,1.325418406726128,0.0,0.0,344.5200250432879,0.0,0.0,0.0,0.0,0.1310780117113167
4520.0,0.8142571340542013,0.0,0.382520531,0.0,0.0,0.0,0.9728339695775192,0.0,0.1585768355233179,0.0,1.502360485925413,0.0,0.0,344.52002111321013,0.0,0.0,0.0,0.0,0.13107816050206902
4521.0,0.801877986189965,0.0,0.353300491,0.0,0.0,0.0,0.8985209714487629,0.0,0.09664298525879787,0.0,1.6450779325219407,0.0,0.0,344.52001718313244,0.0,0.0,0.0,0.0,0.13107830929299025
4522.0,0.7941991029100564,0.0,0.325372489,0.0,0.0,0.0,0.8274939105561048,0.0,0.03329480764604835,0.0,1.732054751877545,0.0,0.0,344.5200132530548,0.0,0.0,0.0,0.0,0.1310784580840804
4523.0,0.8014796949768966,7.8e-06,0.255735681,0.0,0.0,8.254713392624912e-06,0.6503921686489558,0.0,0.0,0.1510792716145481,1.7620181126516783,0.0,0.0,344.52000932297716,0.0,0.0,1.1102230246251565e-16,0.0,0.2675001465656166
4524.0,0.8356128236667302,0.097365635,0.154283084,0.0,0.0,0.10304171938665757,0.3923758671305981,0.0,0.0,0.2932786472456189,1.61093684091751,0.0,0.04691658990385565,344.52000539289963,0.0,0.0,5.551115123125783e-17,0.0,0.2675043579961043
4525.0,0.8903136249453876,0.372261963,0.15441526,0.0,0.0,0.39396356558217177,0.3927120198135057,0.0,0.0,0.10363803954971011,1.3176563650491548,0.0,0.0,344.47308487291826,0.0,0.0,5.551115123125783e-17,0.0,0.2675007538615334
4526.0,0.9520401975685457,0.562803594,0.176071748,0.0,0.0,0.5956131236934916,0.4477892391540485,0.0,0.09136216527899434,0.0,1.214016829788175,0.0,0.0,344.473080943376,0.0,0.0,5.551115123125783e-17,0.0,0.2407509517590079
4527.0,1.0165141230216324,0.667014221,0.168379581,0.0,0.0,0.7058988747640991,0.42822636409032233,0.0,0.11761111583278917,0.0,1.296241400472346,0.0,0.0,344.47307701383374,0.0,0.0,0.0,0.0,0.240751225042946
4528.0,1.0770286912007223,0.720586556,0.152844814,0.0,0.0,0.7625942941485464,0.388718029707424,0.0,0.07428363265524807,0.0,1.4020899333193553,0.0,0.0,344.47307308429157,0.0,0.0,0.0,0.0,0.24075149832719428
4529.0,1.1312712434492904,0.72828428,0.152303374,0.0,0.0,0.7707407691992554,0.3873410285223867,0.0,0.026810554272351645,0.0,1.4689436111547325,0.0,0.0,344.47306915474945,0.0,0.0,5.551115123125783e-17,0.0,0.2407517716117528
4530.0,1.1798220857820756,0.717331667,0.162875731,0.0,0.0,0.7591496562229301,0.41422886118646063,0.0,0.0,0.006443568372685058,1.4930714425578877,0.0,0.0,344.47306522520734,0.0,-1.1102230246251565e-16,0.0,0.0,0.2675022721073572
4531.0,1.2192550572264473,0.699925104,0.175234025,0.0,0.0,0.7407283499773314,0.44565872503663395,0.0,0.0,0.03286798221248186,1.4866261793550162,0.0,0.0,344.4730612956653,0.0,0.0,5.551115123125783e-17,0.0,0.26750257575755604
4532.0,1.256844325797422,0.681293508,0.184221738,0.0,0.0,0.7210105954866677,0.46851645895317895,0.0,0.0,0.06731727135757543,1.4537565096285594,0.0,0.0,344.47305736612327,0.0,0.0,0.0,0.0,0.2675028794080995
4533.0,1.2843178540967046,0.655976282,0.191892235,0.0,0.0,0.6942174615730381,0.4880242224335722,0.0,0.0,0.10207617009009427,1.386437588068357,0.0,0.0,344.4730534365813,0.0,0.0,5.551115123125783e-17,0.0,0.26750318305898774
4534.0,1.2923586256293473,0.614253963,0.19677184,0.0,0.0,0.6500628736985934,0.5004341327976262,0.0,0.0,0.1418616191331279,1.2843598441913635,0.0,0.0,344.4730495070394,0.0,-1.1102230246251565e-16,0.0,0.0,0.2675034867102206
4535.0,1.2761614496312357,0.544286178,0.203852891,0.0,0.0,0.5760162055073369,0.518442805260519,0.0,0.0,0.18170243886337967,1.1424967671428456,0.0,0.0,344.4730455774975,0.0,-1.1102230246251565e-16,1.1102230246251565e-16,0.0,0.26750379036179817
4536.0,1.2435379731199676,0.417327707,0.240630643,0.0,0.0,0.4416564887290187,0.6119767297710901,0.0,0.0,0.18990475461985873,0.9607930313971107,0.0,0.0,344.4730416479557,0.0,-5.551115123125783e-17,0.0,0.0,0.2675040940137204
4537.0,1.2089765743085552,0.238493208,0.341743898,0.0,0.0,0.2523965484779076,0.8691300098353016,0.0,0.0,0.023055459157906556,0.7708871861522582,0.0,0.06439455683743936,344.4730377184139,0.0,0.0,1.1102230246251565e-16,0.0,0.2675043976659873
4538.0,1.1553742858917475,0.034543761,0.455856934,0.0,0.0,0.036557544430555665,1.159344596493455,0.0,0.040527855032263194,0.0,0.74783085193718,0.0,0.0,344.4086392320347,0.0,-6.938893903907228e-18,2.220446049250313e-16,0.0,0.24075423118673903
4539.0,1.0829409602291182,1.81e-06,0.497440474,0.0,0.0,1.915516825724499e-06,1.2651006984771305,0.0,0.1821616537648377,0.0,0.7843050725809819,0.0,0.0,344.40863530322764,0.0,0.0,-2.220446049250313e-16,0.0,0.24075450447439972
4540.0,1.013284966304928,0.0,0.488228955,0.0,0.0,0.0,1.241673776603991,0.0,0.22838881029906302,0.0,0.9482496706811188,0.0,0.0,344.4086313744205,0.0,0.0,2.220446049250313e-16,0.0,0.2407547777623706
4541.0,0.9509887944200698,0.0,0.461166308,0.0,0.0,0.0,1.1728475040913526,0.0,0.2218587096712828,0.0,1.153798523563627,0.0,0.0,344.4086274456135,0.0,0.0,0.0,0.0,0.24075505105065167
4542.0,0.9016285215575005,0.0,0.426656037,0.0,0.0,0.0,1.0850802832303998,0.0,0.18345176167289926,0.0,1.3534700525564634,0.0,0.0,344.4086235168065,0.0,0.0,0.0,0.0,0.24075532433924302
4543.0,0.8683947601229826,0.0,0.385875492,0.0,0.0,0.0,0.9813663744104711,0.0,0.11297161428748863,0.0,1.5185751016976121,0.0,0.0,344.40861958799957,0.0,0.0,1.1102230246251565e-16,0.0,0.2407555976281445
4544.0,0.8555102535152831,0.0,0.350825873,0.0,0.0,0.0,0.8922274727812941,0.0,0.036717219266010924,0.0,1.6202478307761965,0.0,0.0,344.40861565919266,0.0,0.0,-1.1102230246251565e-16,0.0,0.24075587091735626
4545.0,0.8632341051579575,0.0,0.311247235,0.0,0.0,0.0,0.7915702782109674,0.0,0.0,0.0,1.6532914889236863,0.0,0.07166382694699011,344.4086117303858,0.0,0.0,1.1102230246251565e-16,0.0,0.26750442207822595
4546.0,0.8876262299324803,0.0,0.271156091,0.0,0.0,0.0,0.6896096679910052,0.0,0.0,0.0,1.6532896122229184,0.0,0.19801656194147513,344.336943974632,0.0,0.0,0.0,0.0,0.2675044251297559
4547.0,0.9302069867704565,9.76e-06,0.20363822,0.0,0.0,1.0328974706669121e-05,0.5178968496211257,0.0,0.0,0.0,1.653287735524281,0.0,0.41229980817462414,344.1389234847013,0.0,0.0,1.1102230246251565e-16,0.0,0.26750442818128595
4548.0,0.9891862065636865,0.099670523,0.099196373,0.0,0.0,0.10548097449461916,0.2522782268993615,0.0,0.0,0.1176831174049085,1.6532858588277737,0.0,0.5137438877647974,343.7266197507963,0.0,0.0,0.0,0.0,0.26750773786367277
4549.0,1.056512411026488,0.347949916,0.077871086,0.0,0.0,0.3682342091753736,0.19804332465671598,0.0,0.0,0.0,1.5356008647284882,0.0,0.4902348771943985,343.2128719420044,0.0,-5.551115123125783e-17,0.0,0.0,0.2675044342843461
4550.0,1.130288363520267,0.52491103,0.101271724,0.0,0.0,0.5555115524714791,0.25755630163777776,0.0,0.0,0.0,1.5355991216218787,0.0,0.31722050941100993,342.7226331496435,0.0,0.0,0.0,0.0,0.2675044373358762
4551.0,1.2006959715078283,0.621944032,0.113437453,0.0,0.0,0.6582012474889152,0.28849643027593014,0.0,0.0,0.0,1.5355973785172479,0.0,0.25399829374298316,342.4054087306584,0.0,-1.1102230246251565e-16,0.0,0.0,0.2675044403874064
4552.0,1.2638444009346281,0.682689835,0.111735555,0.0,0.0,0.7224883235876144,0.284168128778419,0.0,0.0,0.0,1.5355956354145954,0.0,0.2571879485685947,342.1514065309599,0.0,0.0,0.0,0.0,0.2675044434389366
4553.0,1.3203011097117587,0.699230486,0.109411793,0.0,0.0,0.7399932381174137,0.27825829014857195,0.0,0.0,0.0,1.5355938923139218,0.0,0.3020495814457731,341.8942146793333,0.0,0.0,5.551115123125783e-17,0.0,0.26750444649046684
4554.0,1.3684836397399862,0.691449748,0.110248148,0.0,0.0,0.7317589096336823,0.28038532514065195,0.0,0.0,0.0,1.535592149215227,0.0,0.3563394049656521,341.5921611977635,0.0,-1.1102230246251565e-16,0.0,0.0,0.2675044495419971
4555.0,1.403237760106109,0.670209108,0.113430037,0.0,0.0,0.7092800127777944,0.28847756975437977,0.0,0.0,0.0,1.5355904061185104,0.0,0.40548017757393495,341.23581789611944,0.0,0.0,0.0,0.0,0.26750445259352734
4556.0,1.4323579870228624,0.647663434,0.11761536,0.0,0.0,0.6854200028914413,0.29912176806031093,0.0,0.0,0.0,1.535588663023773,0.0,0.44781621607111033,340.830333825932,0.0,-1.1102230246251565e-16,0.0,0.0,0.2675044556450577
4557.0,1.44608832712068,0.611067852,0.124304086,0.0,0.0,0.6466910232957613,0.3161326716292918,0.0,0.0,0.0,1.535586919931014,0.0,0.48326463219562676,340.38251372187295,0.0,0.0,0.0,0.0,0.26750445869658807
4558.0,1.443638622025249,0.562562264,0.135196969,0.0,0.0,0.5953577249777169,0.34383567251484026,0.0,0.0,0.0,1.5355851768402333,0.0,0.5044452245326918,339.8992452067978,0.0,0.0,5.551115123125783e-17,0.0,0.2675044617481185
4559.0,1.414475568096338,0.488357066,0.153672907,0.0,0.0,0.5168266170632319,0.3908240526136019,0.0,0.0,0.0,1.5355834337514316,0.0,0.5068248984195041,339.39479610489843,0.0,0.0,0.0,0.0,0.2675044647996489
4560.0,1.36614100217495,0.3724988,0.189668956,0.0,0.0,0.39421420937137297,0.48236993420649577,0.0,0.0,0.0,1.5355816906646085,0.0,0.4895568585970812,338.88796733486674,0.0,0.0,5.551115123125783e-17,0.0,0.2675044678511794
4561.0,1.3203632088793877,0.203322291,0.270090947,0.0,0.0,0.21517528699190766,0.6869007721757068,0.0,0.0,0.0,1.535579947579764,0.0,0.4182871497117733,338.39840661043905,0.0,0.0,0.0,0.0,0.2675044709027099
4562.0,1.2553646525273672,0.034474595,0.359514624,0.0,0.0,0.036484346288694854,0.9143248804783481,0.0,0.0,0.0,1.535578204496898,0.0,0.30455542576032424,337.9801156004813,0.0,0.0,0.0,0.0,0.26750447395424043
4563.0,1.1729247954740483,1.35e-06,0.390386692,0.0,0.0,1.4287003948773888e-06,0.992839349709562,0.0,0.0,0.0,1.5355764614160108,0.0,0.1800840170640915,337.67555631924654,0.0,0.0,0.0,0.0,0.267504477005771
4564.0,1.0898254024334981,0.0,0.398780474,0.0,0.0,0.0,1.0141865862656785,0.0,0.0,0.0,1.535574718337102,0.0,0.07563881616781956,337.4954684501824,0.0,0.0,2.220446049250313e-16,0.0,0.26750448005730165
4565.0,1.015426316912822,0.0,0.394282341,0.0,0.0,0.0,1.0027468432259052,0.0,0.0,0.0,1.5355729752601721,0.0,0.012679473686916623,337.4198257840687,0.0,0.0,0.0,0.0,0.2675044831088323
4566.0,0.9601195134121306,0.0,0.377137381,0.0,0.0,0.0,0.9591434333607032,0.0,0.0,0.0,1.5355712321852206,0.0,0.0009760800514275048,337.40714246129886,0.0,0.0,0.0,0.0,0.26750448616036293
4567.0,0.9220334515001244,0.0,0.352704292,0.0,0.0,0.0,0.8970047060647536,0.0,0.0,0.0,1.535569489112248,0.0,0.025028745435370887,337.40616253230917,0.0,0.0,0.0,0.0,0.2675044892118937
4568.0,0.902146728404611,0.0,0.3271433,0.0,0.0,0.0,0.8319974729923432,0.0,0.0,0.0,1.5355677460412536,0.0,0.0701492554122678,337.38112993794675,0.0,0.0,0.0,0.0,0.26750449226342443
4569.0,0.9070996723606702,0.0,0.295504035,0.0,0.0,0.0,0.7515318527967435,0.0,0.0,0.0,1.5355660029722382,0.0,0.15556781956392676,337.310976833893,0.0,0.0,1.1102230246251565e-16,0.0,0.2675044953149552
4570.0,0.9354575784610131,0.0,0.270368365,0.0,0.0,0.0,0.6876063072576192,0.0,0.0,0.0,1.535564259905201,0.0,0.24785127120339395,337.1554051664878,0.0,0.0,0.0,0.0,0.26750449836648604
4571.0,0.9765500966265028,1e-05,0.220396894,0.0,0.0,1.0582965887980659e-05,0.5605178490996493,0.0,0.0,0.0,1.5355625168401428,0.0,0.4160216645609655,336.90755004921783,0.0,0.0,1.1102230246251565e-16,0.0,0.26750450141801685
4572.0,1.0346427972680645,0.12675778,0.122563399,0.0,0.0,0.13414732617761568,0.31170572116058093,0.0,0.0,0.07504586216507061,1.5355607737770631,0.0,0.5137438877647974,336.4915245414177,0.0,0.0,0.0,0.0,0.26751502571248403
4573.0,1.1073587812109358,0.375020024,0.082603047,0.0,0.0,0.3968824121301688,0.21007774380666744,0.0,0.0,0.0,1.4605131685508914,0.0,0.5003986252740995,335.9777768151594,0.0,0.0,0.0,0.0,0.2675045075210787
4574.0,1.1849698926434533,0.532409071,0.091917787,0.0,0.0,0.5634467036844473,0.23376717941968686,0.0,0.0,0.0,1.4605115106785784,0.0,0.38775600953931927,335.4773743572524,0.0,-1.1102230246251565e-16,2.7755575615628914e-17,0.0,0.26750451057260966
4575.0,1.260835803330537,0.633057227,0.107712349,0.0,0.0,0.6699623038480628,0.27393622971361276,0.0,0.0,0.0,1.4605098528081473,0.0,0.31693726976886133,335.0896145207885,0.0,0.0,0.0,0.0,0.2675045136241407
4576.0,1.3266395075111257,0.692290834,0.11761936,0.0,0.0,0.7326490280783681,0.29913194094140605,0.0,0.0,0.0,1.4605081949395982,0.0,0.29485853849135163,334.7726734285184,0.0,0.0,0.0,0.0,0.2675045166756717
4577.0,1.3843531890950902,0.707848522,0.127979275,0.0,0.0,0.7491136762183527,0.32547948680407685,0.0,0.0,0.0,1.4605065370729309,0.0,0.30976002607266057,334.4778110711413,0.0,0.0,0.0,0.0,0.26750451972720274
4578.0,1.4291823640713552,0.702408682,0.140105187,0.0,0.0,0.7433567121027453,0.3563183520405879,0.0,0.0,0.0,1.4605048792081452,0.0,0.32950729992802197,334.1680472295464,0.0,-1.1102230246251565e-16,5.551115123125783e-17,0.0,0.2675045227787339
4579.0,1.4606345218001053,0.685555316,0.149613669,0.0,0.0,0.72552085235518,0.3805005162358907,0.0,0.0,0.0,1.460503221345242,0.0,0.35461315320903447,333.83853611762976,0.0,0.0,0.0,0.0,0.267504525830265
4580.0,1.482863882460655,0.664859457,0.157551384,0.0,0.0,0.7036184953732344,0.40068787395140376,0.0,0.0,0.0,1.4605015634842202,0.0,0.37855751313601693,333.483919156191,0.0,-1.1102230246251565e-16,0.0,0.0,0.26750452888179616
4581.0,1.4904549703656398,0.630227566,0.165220386,0.0,0.0,0.6669676832643079,0.42019183531748777,0.0,0.0,0.0,1.4604999056250805,0.0,0.4032954517838443,333.1053578388705,0.0,-1.1102230246251565e-16,0.0,0.0,0.26750453193332735
4582.0,1.478692531476477,0.58536917,0.178259823,0.0,0.0,0.619494195798555,0.45335399585460673,0.0,0.0,0.0,1.4604982477678226,0.0,0.40584433982331525,332.7020585872206,0.0,0.0,5.551115123125783e-17,0.0,0.2675045349848586
4583.0,1.4468806268456007,0.507643781,0.20206148,0.0,0.0,0.5372376817568524,0.5138868524866408,0.0,0.0,0.0,1.4604965899124465,0.0,0.3957560926021075,332.2962104521318,0.0,-1.1102230246251565e-16,0.0,0.0,0.2675045380363899
4584.0,1.402655312740762,0.388292364,0.255178656,0.0,0.0,0.41092848427753687,0.6489755313759518,0.0,0.0,0.0,1.4604949320589524,0.0,0.34275129708727325,331.9004505688939,0.0,0.0,1.1102230246251565e-16,0.0,0.2675045410879212
4585.0,1.3546655042672449,0.208831451,0.37539842,0.0,0.0,0.22100561222705045,0.9547208724901848,0.0,0.0,0.0,1.4604932742073404,0.0,0.17893901955000963,331.55769548568543,0.0,-2.7755575615628914e-17,1.1102230246251565e-16,0.0,0.2675045441394525
4586.0,1.2858617678849964,0.037689084,0.465176897,0.0,0.0,0.03988622903212376,1.1830473153459644,0.0,0.0,0.0,1.4604916163576098,0.0,0.06292822350690813,331.3787526839242,0.0,0.0,0.0,0.0,0.26750454719098393
4587.0,1.2014261720651203,1.04e-06,0.488025231,0.0,0.0,1.1006284523499885e-06,1.2411556615969348,0.0,0.03973059016026675,0.0,1.4604899585097615,0.0,0.0,331.31582068024727,0.0,0.0,0.0,0.0,0.24076762264693363
4588.0,1.119176895215904,0.0,0.475529441,0.0,0.0,0.0,1.2093761151319973,0.0,0.09019921991609318,0.0,1.496245831808035,0.0,0.0,331.3158169007952,0.0,0.0,0.0,0.0,0.2407678959497954
4589.0,1.0466086644649775,0.0,0.449683319,0.0,0.0,0.0,1.143643733662923,0.0,0.09703506919794562,0.0,1.5774234312989879,0.0,0.0,331.3158131213431,0.0,0.0,0.0,0.0,0.24076816925296735
4590.0,0.9886872718720471,0.0,0.418364347,0.0,0.0,0.0,1.0639926891184743,0.0,0.0753054172464272,0.0,1.6647532029964793,0.0,0.0,331.3158093418911,0.0,0.0,0.0,0.0,0.24076844255644952
4591.0,0.9473956081000232,0.0,0.385403737,0.0,0.0,0.0,0.9801665975302126,0.0,0.03277098943018948,0.0,1.7325261888069605,0.0,0.0,331.31580556243915,0.0,0.0,1.1102230246251565e-16,0.0,0.24076871586024198
4592.0,0.9263439902738154,0.0,0.354460501,0.0,0.0,0.0,0.901471132398554,0.0,0.0,0.0,1.7620181126516783,0.0,0.024872857875261365,331.3158017829872,0.0,0.0,1.1102230246251565e-16,0.0,0.26750456550017293
4593.0,0.9275431466142361,0.0,0.324658858,0.0,0.0,0.0,0.8256789897289045,0.0,0.0,0.0,1.7620161125320581,0.0,0.1018641568853315,331.2909251456601,0.0,0.0,1.1102230246251565e-16,0.0,0.2675045685517045
4594.0,0.9540445017375347,0.0,0.303916455,0.0,0.0,0.0,0.7729264898923228,0.0,0.0,0.0,1.7620141124147082,0.0,0.18111801184521195,331.18905720960663,0.0,0.0,0.0,0.0,0.26750457160323615
4595.0,0.992698021560633,7.84e-06,0.248190049,0.0,0.0,8.297045256176836e-06,0.6312019643680484,0.0,0.0,0.0,1.7620121122996288,0.0,0.36148776014732836,331.0079354197553,0.0,-1.6940658945086007e-21,1.1102230246251565e-16,0.0,0.2675045746547679
4596.0,1.0492960594778846,0.096057673,0.144638359,0.0,0.0,0.10165750766378005,0.36784720697553436,0.0,0.0,0.0660474570737729,1.76201011218682,0.0,0.5137438877647974,330.64644388366804,0.0,1.3877787807814457e-17,0.0,0.0,0.2972106089699309
4597.0,1.1148385188843102,0.35261895,0.150845197,0.0,0.0,0.37317543193055575,0.38363256321322237,0.0,0.0,0.0,1.6959606550025084,0.0,0.35803052374053224,330.132696224087,0.0,-5.551115123125783e-17,0.0,0.0,0.26750458075783135
4598.0,1.1886294608323444,0.530713527,0.177864806,0.0,0.0,0.5616523152530902,0.45234938061171764,0.0,0.0,0.0,1.69595872986669,0.0,0.17462776496753665,329.77466193439074,0.0,-1.1102230246251565e-16,5.551115123125783e-17,0.0,0.26750458380936315
4599.0,1.260790834967771,0.631486365,0.187204926,0.0,0.0,0.6682998659519902,0.47610336315528573,0.0,0.0,0.0,1.6959568047330569,0.0,0.11638760586049499,329.60003040755174,0.0,1.1102230246251565e-16,0.0,0.0,0.267504586860895
4600.0,1.3251705409941101,0.682231574,0.190769307,0.0,0.0,0.7220033475345352,0.4851683691779734,0.0,0.0,0.0,1.695954879601609,0.0,0.11799882428160148,329.4836390418119,0.0,0.0,5.551115123125783e-17,0.0,0.26750458991242687
4601.0,1.3808006884365938,0.688992009,0.192100701,0.0,0.0,0.7291578928338263,0.48855439739116674,0.0,0.0,0.0,1.6959529544723466,0.0,0.1630883982116007,329.36563645897854,0.0,0.0,5.551115123125783e-17,0.0,0.26750459296395873
4602.0,1.4245806016149907,0.674939216,0.194988556,0.0,0.0,0.7142858699388408,0.49589884877491297,0.0,0.0,0.0,1.6959510293452695,0.0,0.21439588290123687,329.2025443035614,0.0,0.0,0.0,0.0,0.2675045960154907
4603.0,1.4574289199400876,0.648193016,0.199381943,0.0,0.0,0.6859804577155302,0.5070721996638885,0.0,0.0,0.0,1.6959491042203774,0.0,0.264376262560669,328.9881446653151,0.0,-1.1102230246251565e-16,1.1102230246251565e-16,0.0,0.2675045990670226
4604.0,1.4783006643152323,0.616000836,0.205227753,0.0,0.0,0.6519115834355568,0.5219393821725733,0.0,0.0,0.0,1.695947179097671,0.0,0.3044496987071024,328.723764649855,0.0,0.0,-1.1102230246251565e-16,0.0,0.2675046021185547
4605.0,1.4852964567512228,0.571804624,0.208226117,0.0,0.0,0.6051388830381607,0.5295648822855549,0.0,0.0,0.0,1.6959452539771493,0.0,0.3505926914275074,328.41931120126446,0.0,-1.1102230246251565e-16,0.0,0.0,0.2675046051700867
4606.0,1.4734269503316653,0.511145647,0.214359298,0.0,0.0,0.5409436945990803,0.5451629125475369,0.0,0.0,0.0,1.6959433288588133,0.0,0.3873203431850481,328.0687147634265,0.0,-1.1102230246251565e-16,0.0,0.0,0.26750460822161876
4607.0,1.4403473661409156,0.422607132,0.232923686,0.0,0.0,0.4472436861973339,0.5923762404795146,0.0,0.0,0.0,1.6959414037426623,0.0,0.40072743946406697,327.6813906778304,0.0,0.0,0.0,0.0,0.2675046112731509
4608.0,1.3946123998575113,0.301998194,0.282395209,0.0,0.0,0.3196036585333765,0.718193220748047,0.0,0.0,0.0,1.6959394786286968,0.0,0.35681552057608773,327.2806595003736,0.0,-5.551115123125783e-17,0.0,0.0,0.26750461432468303
4609.0,1.3452285721382553,0.152590301,0.390388828,0.0,0.0,0.16148579503197008,0.9928447820280669,0.0,0.0,0.0,1.6959375535169166,0.0,0.1908979950782184,326.92384024637613,0.0,2.7755575615628914e-17,0.0,0.0,0.2675046173762152
4610.0,1.2778038655474906,0.030600694,0.468384799,0.0,0.0,0.03238461007505344,1.1912057167486743,0.0,0.0,0.0,1.6959356284073213,0.0,0.05421353872376278,326.7329385219469,0.0,0.0,0.0,0.0,0.2675046204277474
4611.0,1.1956381013719821,7.23e-07,0.470543788,0.0,0.0,7.651484337010015e-07,1.1966965013443491,0.0,0.0010591651208007248,0.0,1.6959337032999113,0.0,0.0,326.67872125604976,0.0,0.0,2.220446049250313e-16,0.0,0.2674941026454585
4612.0,1.1180055764333858,0.0,0.439587207,0.0,0.0,0.0,1.117967096938137,0.0,0.0,0.0,1.6968850268034075,0.0,3.8479495248783825e-05,326.6787175294949,0.0,0.0,0.0,0.0,0.267504626530812
4613.0,1.040869844835821,0.0,0.406199301,0.0,0.0,0.0,1.033054297499769,0.0,0.0,0.0,1.6968831006183072,0.0,0.007815547336051991,326.67867532344485,0.0,0.0,0.0,0.0,0.2675046295823443
4614.0,0.982879929023438,0.0,0.37380272,0.0,0.0,0.0,0.9506626558993089,0.0,0.0,0.0,1.696881174435393,0.0,0.032217273124129114,326.6708560495545,0.0,0.0,0.0,0.0,0.26750463263387664
4615.0,0.9422542252904693,0.0,0.345890555,0.0,0.0,0.0,0.8796758719861267,0.0,0.0,0.0,1.6968792482546655,0.0,0.06257835330434261,326.63863504996516,0.0,0.0,0.0,0.0,0.26750463568540905
4616.0,0.9203717634283984,0.0,0.321848268,0.0,0.0,0.0,0.8185310402596122,0.0,0.0,0.0,1.6968773220761244,0.0,0.10184072316878622,326.5760529705633,0.0,0.0,0.0,0.0,0.2675046387369414
4617.0,0.9234124812916082,0.0,0.294260942,0.0,0.0,0.0,0.7483703934769456,0.0,0.0,0.0,1.6968753958997698,0.0,0.17504208781466266,326.4742085220108,0.0,0.0,1.1102230246251565e-16,0.0,0.2675046417884739
4618.0,0.9474170216061022,0.0,0.270577814,0.0,0.0,0.0,0.6881389822007428,0.0,0.0,0.0,1.6968734697256018,0.0,0.2592780394053594,326.29916270997427,0.0,0.0,0.0,0.0,0.26750464484000636
4619.0,0.9872804045226606,4.88e-06,0.203495794,0.0,0.0,5.164487353334561e-06,0.5175346289304119,0.0,0.0,0.0,1.6968715435536201,0.0,0.4697406111048954,326.0398809483438,0.0,0.0,0.0,0.0,0.2675046478915389
4620.0,1.0395079458492003,0.100140589,0.107186539,0.0,0.0,0.1059784437389291,0.2725989790614548,0.0,0.0,0.14718663528401893,1.6968696173838247,0.0,0.5137438877647974,325.5701366179716,0.0,0.0,0.0,0.0,0.29721870602910594
4621.0,1.1001788326226667,0.338961933,0.107575802,0.0,0.0,0.35872225742629854,0.27358896061488847,0.0,0.0,0.0,1.549681055932197,0.0,0.46786761458147974,325.056389016298,0.0,-5.551115123125783e-17,5.551115123125783e-17,0.0,0.26750465399460405
4622.0,1.171149615820104,0.506517324,0.138590414,0.0,0.0,0.5360455561563247,0.3524659506368085,0.0,0.0,0.0,1.54967929684274,0.0,0.2826381090269708,324.5885176936682,0.0,0.0,0.0,0.0,0.2675046570461367
4623.0,1.2433088486049229,0.595673742,0.137729747,0.0,0.0,0.6303994891951792,0.35027708487343245,0.0,0.0,0.0,1.5496775377552798,0.0,0.2626322745363113,324.30587588193026,0.0,-1.1102230246251565e-16,-5.551115123125783e-17,0.0,0.2675046600976694
4624.0,1.3084101897861222,0.645835518,0.137189644,0.0,0.0,0.6834855256240319,0.34890348397390125,0.0,0.0,0.0,1.5496757786698163,0.0,0.2760211801881892,324.04323990790704,0.0,0.0,0.0,0.0,0.26750466314920207
4625.0,1.3672181015307208,0.650165346,0.14228763,0.0,0.0,0.6880677678265141,0.36186878532456423,0.0,0.0,0.0,1.5496740195863499,0.0,0.31728154837964234,323.767215031228,0.0,0.0,0.0,0.0,0.2675046662007348
4626.0,1.4108138585568388,0.631156752,0.149557626,0.0,0.0,0.6679510376384667,0.380357986542087,0.0,0.0,0.0,1.5496722605048798,0.0,0.36250483437628506,323.44992978950626,0.0,0.0,5.551115123125783e-17,0.0,0.26750466925226757
4627.0,1.4433259848364965,0.599956035,0.154258121,0.0,0.0,0.634931425269313,0.3923123807229037,0.0,0.0,0.0,1.549670501425407,0.0,0.41608217884427984,323.0874212654073,0.0,0.0,0.0,0.0,0.2675046723038004
4628.0,1.463069237441281,0.565808974,0.155476002,0.0,0.0,0.5987937070955335,0.3954097203731591,0.0,0.0,0.0,1.5496687423479307,0.0,0.4688658099725885,322.6713354009755,0.0,0.0,0.0,0.0,0.26750467535533323
4629.0,1.466632444852817,0.519534872,0.155602511,0.0,0.0,0.5498219827992398,0.3957314606267751,0.0,0.0,0.007335113662004668,1.5496669832724512,0.0,0.5137438877647974,322.2024659101619,0.0,0.0,0.0,0.0,0.2972217424831678
4630.0,1.4502404059493867,0.463225452,0.157070772,0.0,0.0,0.4902299156960422,0.3994655717691803,0.0,0.0,0.04680103071936693,1.5423301105369636,0.0,0.5137438877647974,321.6887183469047,0.0,-5.551115123125783e-17,0.0,0.0,0.29722207986886723
4631.0,1.4143278149043932,0.386826353,0.165537619,0.0,0.0,0.40937700983709646,0.4209986287146008,0.0,0.0,0.0702082885878984,1.4955273290724185,0.0,0.5137438877647974,321.174970789508,0.0,0.0,5.551115123125783e-17,0.0,0.29722241725494974
4632.0,1.3695971420560913,0.28057604,0.194227824,0.0,0.0,0.29693266603046964,0.4939641397295973,0.0,0.0,0.06495644853122698,1.425317342866583,0.0,0.5137438877647974,320.6612232379718,0.0,5.551115123125783e-17,0.0,0.0,0.2972227546414153
4633.0,1.3256716170363574,0.146581824,0.273580323,0.0,0.0,0.15512704431899843,0.6957750239617593,0.0,0.0,0.0,1.3603592764148806,0.0,0.4747695487555997,320.1474756922962,0.0,2.7755575615628914e-17,1.1102230246251565e-16,0.0,0.267504690612998
4634.0,1.2626987783594048,0.022449936,0.333141171,0.0,0.0,0.023758690687534893,0.8472513801190795,0.0,0.0,0.0,1.3603577322302551,0.0,0.39168870755279034,319.67270249149027,0.0,0.0,0.0,0.0,0.267504693664531
4635.0,1.1856337113319004,0.0,0.348413039,0.0,0.0,0.0,0.8860911044352204,0.0,0.0,0.0,1.3603561880473827,0.0,0.2995426068966799,319.28101013730304,0.0,0.0,1.1102230246251565e-16,0.0,0.2675046967160641
4636.0,1.1063159434648913,0.0,0.339187702,0.0,0.0,0.0,0.8626290403443382,0.0,0.0,0.0,1.360354643866263,0.0,0.24368690312055324,318.98146388824017,0.0,0.0,0.0,0.0,0.2675046997675972
4637.0,1.034370845740862,0.0,0.319108256,0.0,0.0,0.0,0.8115625861908029,0.0,0.0,0.0,1.360353099686896,0.0,0.22280825955005915,318.7377733463705,0.0,0.0,0.0,0.0,0.26750470281913036
4638.0,0.9775415419579578,0.0,0.298529008,0.0,0.0,0.0,0.7592250254579903,0.0,0.0,0.0,1.360351555509282,0.0,0.21831651649996756,318.5149614508511,0.0,0.0,0.0,0.0,0.26750470587066355
4639.0,0.9374062075141968,0.0,0.280680528,0.0,0.0,0.0,0.7138324092657761,0.0,0.0,0.0,1.3603500113334206,0.0,0.22357379824842064,318.29664130092357,0.0,0.0,1.1102230246251565e-16,0.0,0.2675047089221968
4640.0,0.9164252542580494,0.0,0.266686067,0.0,0.0,0.0,0.6782414123299079,0.0,0.0,0.0,1.3603484671593122,0.0,0.23818384192814163,318.07306387173804,0.0,0.0,0.0,0.0,0.26750471197373005
4641.0,0.9190205711948172,0.0,0.244180997,0.0,0.0,0.0,0.6210060620429975,0.0,0.0,0.0,1.3603469229869567,0.0,0.2980145091518197,317.83487640142323,0.0,0.0,0.0,0.0,0.2675047150252633
4642.0,0.9448345527729818,0.0,0.219714086,0.0,0.0,0.0,0.558781317950948,0.0,0.0,0.0,1.3603453788163542,0.0,0.38605323482203385,317.5368582666018,0.0,0.0,0.0,0.0,0.26750471807679665
4643.0,0.9829313214380275,3.54e-06,0.170841724,0.0,0.0,3.746369924345153e-06,0.43448813608487574,0.0,0.0,0.03469555121843014,1.3603438346475043,0.0,0.5137438877647974,317.1508014095098,0.0,0.0,5.551115123125783e-17,0.0,0.29722646591781215
4644.0,1.035709189870796,0.114382582,0.096147756,0.0,0.0,0.12105069634851505,0.24452492233796136,0.0,0.0,0.15638968341952228,1.325646739261977,0.0,0.5137438877647974,316.637053903879,0.0,-1.3877787807814457e-17,2.7755575615628914e-17,0.0,0.29722680330887336
4645.0,1.0992923134709984,0.369297427,0.084631108,0.0,0.0,0.39082620724600275,0.2152355496583365,0.0,0.0,0.0,1.1692555510610718,0.0,0.4932305565666592,316.12330640410863,0.0,-5.551115123125783e-17,0.0,0.0,0.26750472723139684
4646.0,1.1732031710530746,0.54300792,0.089570376,0.0,0.0,0.574663429426333,0.22779719617358513,0.0,0.003473593481102432,0.0,1.169254223804018,0.0,0.37421613893425903,315.630072241397,0.0,0.0,0.0,0.0,0.2675047302829303
4647.0,1.2445658214117568,0.642031313,0.077867819,0.0,0.0,0.6794595484494433,0.1980350159560815,0.0,0.14667263075856538,0.0,1.172379130681463,0.0,0.5137438877647974,315.2558525019443,0.0,0.0,2.7755575615628914e-17,0.0,0.26750503393591946
4648.0,1.3084080484355145,0.68649681,0.065093731,0.0,0.0,0.7265172322437539,0.16554769637539068,0.0,0.0974007679484275,0.0,1.3043831675614495,0.0,0.5137438877647974,314.7421050179298,0.0,0.0,0.0,0.0,0.2675053375892533
4649.0,1.3662652005102078,0.693300434,0.058643339,0.0,0.0,0.7337174843144186,0.14914292866714166,0.0,0.030339100236149767,0.0,1.392042378070569,0.0,0.5137438877647974,314.2283575397759,0.0,-1.1102230246251565e-16,0.0,0.0,0.26750564124293186
4650.0,1.4125355044455856,0.673717306,0.057493607,0.0,0.0,0.7129927267540227,0.14621890693532433,0.0,0.0,0.039579982991441394,1.4193459881340393,0.0,0.5137438877647974,313.71461006748257,0.0,0.0,2.7755575615628914e-17,0.0,0.2972288276632834
4651.0,1.443961965967041,0.639933229,0.059379156,0.0,0.0,0.6772391533092316,0.151014273379336,0.0,0.0,0.10196465151367613,1.3797643940003865,0.0,0.5137438877647974,313.20086260104966,0.0,-1.1102230246251565e-16,0.0,0.0,0.29722916505702557
4652.0,1.464688098500849,0.59638864,0.063215594,0.0,0.0,0.6311560633099177,0.1607711802800483,0.0,0.0,0.15901696714608574,1.277798176274754,0.0,0.5137438877647974,312.6871151404774,0.0,0.0,0.0,0.0,0.2972295024511507
4653.0,1.4684611582719587,0.545727088,0.067678561,0.0,0.0,0.5775411156451019,0.17212148843567374,0.0,0.0,0.20505466642638573,1.1187797586616242,0.0,0.5137438877647974,312.1733676857656,0.0,0.0,0.0,0.0,0.2972298398456588
4654.0,1.4543218202080332,0.486650043,0.073872243,0.0,0.0,0.515020080445332,0.18787338606743992,0.0,0.0,0.23768446593046394,0.913723822274771,0.0,0.5137438877647974,311.6596202369143,0.0,0.0,0.0,0.0,0.29723017724054984
4655.0,1.4186961701444973,0.402674442,0.084845705,0.0,0.0,0.42614898836476467,0.21578131709942955,0.0,0.0,0.2630219769155058,0.6760383191489847,0.0,0.5137438877647974,311.14587279392356,0.0,-5.551115123125783e-17,0.0,0.0,0.2972305146358239
4656.0,1.371986889334501,0.291484899,0.114801141,0.0,0.0,0.3084774742978488,0.29196458924464497,0.0,0.0,0.2578009380272099,0.41301557484210166,0.0,0.5137438877647974,310.6321253567933,0.0,0.0,5.551115123125783e-17,0.0,0.29723085203148103
4657.0,1.3247015852109814,0.149912979,0.195457435,0.0,0.0,0.15865239429225608,0.4970913113536642,0.0,0.0,0.15521399180026382,0.15521416798852233,0.0,0.5137438877647974,310.1183779255236,0.0,0.0,0.0,0.0,0.2972311894275211
4658.0,1.2624054133261233,0.023830342,0.297779636,0.0,0.0,0.02521956964849128,0.757319207394985,0.0,0.0,0.0,0.0,0.0,0.4798666362826471,309.60463050011435,0.0,-3.469446951953614e-18,-1.1102230246251565e-16,0.0,0.26750476690133457
4659.0,1.1875159585162394,1.29e-07,0.336003582,0.0,0.0,1.3652025995495047e-07,0.8545311218061795,0.0,0.0,0.0,0.0,0.0,0.3329847001897997,309.12476033204786,0.0,2.6469779601696886e-23,1.1102230246251565e-16,0.0,0.26750476995286854
4660.0,1.109602916648009,0.0,0.339014456,0.0,0.0,0.0,0.8621884376047864,0.0,0.0,0.0,0.0,0.0,0.2474144790432227,308.7917721055483,0.0,0.0,0.0,0.0,0.26750477300440245
4661.0,1.039047555468503,0.0,0.33055637,0.0,0.0,0.0,0.8406776618121843,0.0,0.0,0.0,0.0,0.0,0.1983698936563187,308.54435410399384,0.0,0.0,1.1102230246251565e-16,0.0,0.2675047760559365
4662.0,0.981969855015083,0.0,0.317565983,0.0,0.0,0.0,0.8076402462294945,0.0,0.0,0.0,0.0,0.0,0.1743296087855885,308.3459806906486,0.0,0.0,0.0,0.0,0.2675047791074705
4663.0,0.9405968199199591,0.0,0.303398643,0.0,0.0,0.0,0.7716095799159147,0.0,0.0,0.0,0.0,0.0,0.16898724000404436,308.1716475644371,0.0,0.0,0.0,0.0,0.2675047821590046
4664.0,0.9129905278829872,0.0,0.288852639,0.0,0.0,0.0,0.734615887640583,0.0,0.0,0.0,0.0,0.0,0.17837464024240415,308.00265680899577,0.0,0.0,0.0,0.0,0.26750478521053866
4665.0,0.9006863272900271,0.0,0.268498706,0.0,0.0,0.0,0.6828513525837578,0.0,0.0,0.0,0.0,0.0,0.2178349747062693,307.8242786552438,0.0,0.0,0.0,0.0,0.2675047882620728
4666.0,0.8974571705733226,0.0,0.249805468,0.0,0.0,0.0,0.6353103307195032,0.0,0.0,0.0,0.0,0.0,0.2621468398538195,307.60644016906286,0.0,0.0,0.0,0.0,0.26750479131360694
4667.0,0.9147271632259893,2.09e-06,0.214340194,0.0,0.0,2.2118398705879575e-06,0.5451143268674266,0.0,0.025709925333938788,0.0,0.0,0.0,0.395320549852631,307.3442898202194,0.0,0.0,0.0,0.0,0.26750479436514113
4668.0,0.9579139222859996,0.100740324,0.123629868,0.0,0.0,0.10661314124361192,0.31441798674274224,0.0,0.0,0.02313890653484812,0.023138932800544913,0.0,0.5137438877647974,306.9489657643674,0.0,0.0,0.0,0.0,0.29722788668689226
4669.0,1.0235099154576226,0.320177521,0.104558457,0.0,0.0,0.33884277828412107,0.26591518763789007,0.0,0.0,0.0,0.0,0.0,0.4187519495356114,306.435218375113,0.0,0.0,0.0,0.0,0.2675048004682097
4670.0,1.1010717758261586,0.50821876,0.116887957,0.0,0.0,0.5378461800711829,0.29727182200350016,0.0,0.0,0.0,0.0,0.0,0.2659537737514754,306.0164629299483,0.0,0.0,5.551115123125783e-17,0.0,0.267504803519744
4671.0,1.1753873486731268,0.621436676,0.108868838,0.0,0.0,0.6576643143648089,0.27687743598482,0.0,0.0,0.0,0.0,0.0,0.24084559832349786,305.75050566534463,0.0,-1.1102230246251565e-16,5.551115123125783e-17,0.0,0.2675048065712783
4672.0,1.2382381303654293,0.670455001,0.102406921,0.0,0.0,0.7095402405009038,0.26044335766291565,0.0,0.0,0.0,0.0,0.0,0.2682545322016098,305.50965657920284,0.0,0.0,0.0,0.0,0.26750480962281264
4673.0,1.2884956291327063,0.681681398,0.099638585,0.0,0.0,0.7214210981504967,0.2534028694230717,0.0,0.0,0.0,0.0,0.0,0.3136716615591379,305.24139856193034,0.0,0.0,5.551115123125783e-17,0.0,0.26750481267434706
4674.0,1.3281555837415147,0.665957739,0.101804316,0.0,0.0,0.7047808034673727,0.2589108004098325,0.0,0.0,0.0,0.0,0.0,0.3644639798643095,304.9277234183604,0.0,-1.1102230246251565e-16,5.551115123125783e-17,0.0,0.2675048157258815
4675.0,1.3573636060331917,0.640827572,0.10736929,0.0,0.0,0.6781856334553469,0.273063755109709,0.0,0.0,0.0,0.0,0.0,0.4061142174681358,304.5632559600636,0.0,0.0,0.0,0.0,0.267504818777416
4676.0,1.3790640530935914,0.610255382,0.115025797,0.0,0.0,0.6458311890662605,0.2925359389384721,0.0,0.0,0.0,0.0,0.0,0.44069692508885877,304.1571382683206,0.0,0.0,0.0,0.0,0.2675048218289505
4677.0,1.3869998984464473,0.56534224,0.125974336,0.0,0.0,0.5982997640954574,0.3203804852915782,0.0,0.0,0.0,0.0,0.0,0.4683196490594117,303.71643787358954,0.0,0.0,0.0,0.0,0.26750482488048505
4678.0,1.379034074185081,0.50529553,0.140406569,0.0,0.0,0.5347525357339108,0.3570848328531413,0.0,0.0,0.0,0.0,0.0,0.4871967055980289,303.24811475991527,0.0,0.0,5.551115123125783e-17,0.0,0.26750482793201963
4679.0,1.349909564567112,0.42003085,0.161247431,0.0,0.0,0.44451721574495207,0.41008773561465944,0.0,0.0,0.0,0.0,0.0,0.49530461320750063,302.7609145950447,0.0,0.0,0.0,0.0,0.26750483098355426
4680.0,1.3145965516923286,0.299959883,0.197375148,0.0,0.0,0.31744652095516696,0.5019684779345618,0.0,0.0,0.0,0.0,0.0,0.4951815528025999,302.2656065281223,0.0,-5.551115123125783e-17,0.0,0.0,0.2675048340350889
4681.0,1.2779473360382194,0.136789737,0.278201522,0.0,0.0,0.14476411204968456,0.707527750947746,0.0,0.0,0.0,0.0,0.0,0.425655473040789,301.77042152725505,0.0,0.0,0.0,0.0,0.2675048370866236
4682.0,1.2261694783393378,0.022952251,0.355227441,0.0,0.0,0.024290288938536995,0.9034216297553294,0.0,0.0,0.0,0.0,0.0,0.2984575596454713,301.34476261179833,0.0,0.0,0.0,0.0,0.2675048401381583
4683.0,1.1582115754472073,0.0,0.370037676,0.0,0.0,0.0,0.941087319666823,0.0,0.0,0.0,0.0,0.0,0.21712425578038422,301.0463016145926,0.0,0.0,1.1102230246251565e-16,0.0,0.26750484318969303
4684.0,1.0872129546918672,0.0,0.353353019,0.0,0.0,0.0,0.898654561723304,0.0,0.0,0.0,0.0,0.0,0.18855839296856308,300.82917392465663,0.0,0.0,1.1102230246251565e-16,0.0,0.26750484624122783
4685.0,1.023462805744249,0.0,0.326747786,0.0,0.0,0.0,0.830991593768978,0.0,0.0,0.0,0.0,0.0,0.19247121197527106,300.6406121000094,0.0,0.0,0.0,0.0,0.26750484929276264
4686.0,0.9705286187171043,0.0,0.299221007,0.0,0.0,0.0,0.7609849313442281,0.0,0.0,0.0,0.0,0.0,0.2095436873728762,300.4481374585064,0.0,0.0,0.0,0.0,0.2675048523442975
4687.0,0.9301277567979644,0.0,0.277462632,0.0,0.0,0.0,0.7056485909196503,0.0,0.0,0.0,0.0,0.0,0.2244791658783142,300.2385903438014,0.0,0.0,0.0,0.0,0.2675048553958324
4688.0,0.9035000619888001,0.0,0.255486751,0.0,0.0,0.0,0.6497590848262031,0.0,0.0,0.0,0.0,0.0,0.25374097716259697,300.0141077529814,0.0,0.0,0.0,0.0,0.2675048584473673
4689.0,0.8891358821110458,0.0,0.225213945,0.0,0.0,0.0,0.572768670862697,0.0,0.0,0.0,0.0,0.0,0.31636721124834877,299.7603633534378,0.0,0.0,0.0,0.0,0.2675048614989023
4690.0,0.8824527268638079,0.0,0.196795495,0.0,0.0,0.0,0.5004942926732024,0.0,0.0010557300620373203,0.0,0.0,0.0,0.38301416425264284,299.4439927227031,0.0,0.0,1.1102230246251565e-16,0.0,0.2675048645504373
4691.0,0.8899988464060271,5.91e-06,0.162358629,0.0,0.0,6.2545328397965695e-06,0.41291375689644677,0.0,0.036665052788056825,0.0,0.0009501570558335884,0.0,0.5137438877647974,299.06097514257306,0.0,-8.470329472543003e-22,0.0,0.0,0.2675051682035789
4692.0,0.9319736010219692,0.101211642,0.108983526,0.0,0.0,0.10711193547525105,0.27716911283157963,0.0,0.0,0.03394866495034115,0.03394870348653294,0.0,0.5137438877647974,298.54722784330005,0.0,0.0,5.551115123125783e-17,0.0,0.2972283020634057
4693.0,0.9989379172320366,0.3411446,0.114165776,0.0,0.0,0.3610321664668807,0.2903487160953927,0.0,0.0,0.0,0.0,0.0,0.34755703466976323,298.0334805498876,0.0,-5.551115123125783e-17,5.551115123125783e-17,0.0,0.2675048737050425
4694.0,1.0723262852657867,0.516362258,0.116858908,0.0,0.0,0.5464644162254668,0.29719794399776706,0.0,0.0,0.0,0.0,0.0,0.22866392504255278,297.68592011543075,0.0,-1.1102230246251565e-16,0.0,0.0,0.26750487675657764
4695.0,1.1437210558835873,0.614360858,0.10201188,0.0,0.0,0.6501760003124529,0.25943868138274007,0.0,0.0,0.0,0.0,0.0,0.2341063741883945,297.4572527945658,0.0,-1.1102230246251565e-16,0.0,0.0,0.26750487980811277
4696.0,1.2062763311920006,0.675714958,0.089086895,0.0,0.0,0.7151068350512284,0.22656759749239616,0.0,0.0,0.0,0.0,0.0,0.26460189864837624,297.2231430271636,0.0,-1.1102230246251565e-16,0.0,0.0,0.267504882859648
4697.0,1.2610392316382868,0.689150574,0.082958204,0.0,0.0,0.729325701632429,0.21098098628944345,0.0,0.02704638605636325,0.0,0.0,0.0,0.34777892977277763,296.9585377379719,0.0,0.0,0.0,0.0,0.26750488591118327
4698.0,1.3039518978204867,0.679169684,0.084428334,0.0,0.0,0.7187629597922602,0.21471985071054034,0.0,0.1432748004471112,0.0,0.024341747450726925,0.0,0.5137438877647974,296.61075542067425,0.0,0.0,2.7755575615628914e-17,0.0,0.2675051895643491
4699.0,1.337845195242236,0.661461955,0.090591237,0.0,0.0,0.7000229305961997,0.23039347056549975,0.0,0.10631509368426079,0.0,0.15328904022207923,0.0,0.5137438877647974,296.09700814935195,0.0,0.0,2.7755575615628914e-17,0.0,0.2675054932178596
4700.0,1.3669846943144603,0.638709498,0.100254983,0.0,0.0,0.675944082966325,0.25497050531339116,0.0,0.07767378173005308,0.0,0.2489724505349257,0.0,0.5137438877647974,295.58326088389015,0.0,0.0,0.0,0.0,0.26750579687171483
4701.0,1.3867686325807949,0.602558575,0.110260839,0.0,0.0,0.6376856844735235,0.28041760114914654,0.0,0.045078540806672444,0.0,0.31887857147587567,0.0,0.5137438877647974,295.0695136242888,0.0,0.0,0.0,0.0,0.2675061005259147
4702.0,1.3888393186186285,0.547403465,0.119391463,0.0,0.0,0.5793152197057414,0.3036387892182381,0.0,0.007858578070148479,0.0,0.35944889623324805,0.0,0.5137438877647974,294.55576637054804,0.0,0.0,0.0,0.0,0.2675064041804593
4703.0,1.3691838613887677,0.462546176,0.127699969,0.0,0.0,0.4895110402223898,0.3247691501222875,0.0,0.0,0.04115978327929294,0.3665212084751561,0.0,0.5137438877647974,294.0420191226678,0.0,-5.551115123125783e-17,5.551115123125783e-17,0.0,0.29722967537260947
4704.0,1.3380957332633596,0.338809699,0.148897674,0.0,0.0,0.3585611487033995,0.3786795832359633,0.0,0.0,0.0871111135591995,0.3253610091466438,0.0,0.5137438877647974,293.52827188064805,0.0,-5.551115123125783e-17,5.551115123125783e-17,0.0,0.29723001276731387
4705.0,1.3049711807098443,0.178906788,0.208669544,0.0,0.0,0.18933644345321876,0.5306926148218978,0.0,0.0,0.07119823466993035,0.23824952626040197,0.0,0.5137438877647974,293.0145246444888,0.0,-2.7755575615628914e-17,0.0,0.0,0.29723035016240124
4706.0,1.2505337655559579,0.025133287,0.262926543,0.0,0.0,0.026598471897382774,0.6686801146733332,0.0,0.0,0.04151129122044443,0.16705102114628692,0.0,0.5137438877647974,292.5007774141901,0.0,0.0,0.0,0.0,0.29723068755787163
4707.0,1.1799398600655098,0.0,0.284065991,0.0,0.0,0.0,0.7224423874035192,0.0,0.05624641510280676,0.0,0.12553954030121683,0.0,0.5137438877647974,291.987030189752,0.0,0.0,0.0,0.0,0.2675079224583525
4708.0,1.1053244981334363,0.0,0.284270029,0.0,0.0,0.0,0.7229613009817412,0.0,0.1313806906131023,0.0,0.17616117139004456,0.0,0.5137438877647974,291.4732829711743,0.0,0.0,1.1102230246251565e-16,0.0,0.2675082261149652
4709.0,1.0384565427007242,0.0,0.274488852,0.0,0.0,0.0,0.6980856133338793,0.0,0.1733729583979524,0.0,0.29440359297600616,0.0,0.5137438877647974,290.9595357584572,0.0,0.0,0.0,0.0,0.26750852977192263
4710.0,0.9860769654810241,0.0,0.261472959,0.0,0.0,0.0,0.6649833303748863,0.0,0.1926502526586596,0.0,0.4504389213478128,0.0,0.5137438877647974,290.4457885516006,0.0,0.0,0.0,0.0,0.26750883342922466
4711.0,0.9508174863714381,0.0,0.246209244,0.0,0.0,0.0,0.6261643409336374,0.0,0.1890907423269966,0.0,0.6238236374338737,0.0,0.5137438877647974,289.9320413506045,0.0,0.0,0.0,0.0,0.26750913708687146
4712.0,0.9351813442325947,0.0,0.22861304,0.0,0.0,0.0,0.5814133181792122,0.0,0.15997586171141473,0.0,0.794004597407245,0.0,0.5137438877647974,289.4182941554689,0.0,0.0,0.0,0.0,0.26750944074486294
4713.0,0.9432949216859059,0.0,0.199811267,0.0,0.0,0.0,0.5081640651647102,0.0,0.07861303124360168,0.0,0.9379819716490797,0.0,0.5137438877647974,288.9045469661939,0.0,0.0,0.0,0.0,0.2675097444031991
4714.0,0.9726549798707432,0.0,0.175008316,0.0,0.0,0.0,0.4450846973318587,0.0,0.0,0.013826394774087253,1.0087326350368457,0.0,0.5137438877647974,288.3907997827793,0.0,0.0,0.0,0.0,0.2972333867354221
4715.0,1.019070895647458,1.08e-06,0.131702725,0.0,0.0,1.1429603159019112e-06,0.33494904033249495,0.0,0.0,0.17037682458984973,0.9949050952200824,0.0,0.5137438877647974,287.8770526052253,0.0,-2.117582368135751e-22,0.0,0.0,0.2972337241343394
4716.0,1.075133595912736,0.082043196,0.071281685,0.0,0.0,0.08682603446089111,0.18128502644142858,0.0,0.0,0.2932786472456189,0.824527141283612,0.0,0.5137438877647974,287.3633054335318,0.0,0.0,2.7755575615628914e-17,0.0,120.18192797477484
4717.0,1.1446439779955897,0.350539463,0.061080227,0.0,0.0,0.3709747179320058,0.15534047163368067,0.0,0.0,0.10458490066510577,0.5312475580924992,0.0,0.5137438877647974,286.8495582676988,0.0,-5.551115123125783e-17,0.0,0.0,0.297234398933323
4718.0,1.221891059824765,0.567598021,0.062494566,0.0,0.0,0.6006870494328329,0.15893744725248293,0.0,0.051477324625348334,0.0,0.42666205439235283,0.0,0.5137438877647974,286.3358111077264,0.0,0.0,2.7755575615628914e-17,0.0,0.26751126270005027
4719.0,1.298155261724917,0.669044484,0.060801509,0.0,0.0,0.7080474951713622,0.15463163036541236,0.0,0.07826775157665487,0.0,0.4729911622382685,0.0,0.5137438877647974,285.8220639536144,0.0,-1.1102230246251565e-16,0.0,0.0,0.26751156636045464
4720.0,1.3671560023630918,0.719683503,0.062614459,0.0,0.0,0.7616385962391424,0.15924236156076763,0.0,0.06746884320161568,0.0,0.5434316017508,0.0,0.5137438877647974,285.30831680536306,0.0,0.0,0.0,0.0,0.26751187002120363
4721.0,1.4248247155842906,0.733628671,0.070045249,0.0,0.0,0.7763967199637585,0.1781404973389932,0.0,0.043456389483258466,0.0,0.60415294376674,0.0,0.5137438877647974,284.79456966297215,0.0,0.0,0.0,0.0,0.26751217368229735
4722.0,1.4648979508604225,0.721090138,0.080384846,0.0,0.0,0.7631272332613266,0.20443637005214124,0.0,0.016409540217842498,0.0,0.6432630085095415,0.0,0.5137438877647974,284.28082252644174,0.0,-1.1102230246251565e-16,0.0,0.0,0.26751247734373573
4723.0,1.4900374069971005,0.690367101,0.090811024,0.0,0.0,0.7306131480067097,0.23095243731981374,0.0,0.0,0.014727933905779741,0.6580308645184609,0.0,0.5137438877647974,283.7670753957719,0.0,0.0,2.7755575615628914e-17,0.0,0.29723642333946537
4724.0,1.5080740031673934,0.651248967,0.100074184,0.0,0.0,0.6892145602343641,0.2545106936311114,0.0,0.0,0.0506048615371204,0.643302183662106,0.0,0.5137438877647974,283.2533282709626,0.0,0.0,5.551115123125783e-17,0.0,0.2972367607418296
4725.0,1.513767854433784,0.593740629,0.108600628,0.0,0.0,0.6283536823015179,0.27619531887518867,0.0,0.0,0.09547496549227996,0.5926965918933778,0.0,0.5137438877647974,282.7395811520137,0.0,0.0,0.0,0.0,0.29723709814457683
4726.0,1.50449794765221,0.546531443,0.114643379,0.0,0.0,0.5783923617977845,0.29156336572781244,0.0,0.0,0.12079833236181564,0.49722095361341545,0.0,0.5137438877647974,282.2258340389254,0.0,0.0,0.0,0.0,0.29723743554770704
4727.0,1.4744269610655518,0.472863449,0.121307643,0.0,0.0,0.5004297750439881,0.30851205704245604,0.0,0.0,0.15174124121431024,0.3764220568411788,0.0,0.5137438877647974,281.7120869316976,0.0,0.0,0.0,0.0,0.2972377729512203
4728.0,1.4347306034964091,0.355840611,0.149895009,0.0,0.0,0.3765849047771194,0.38121602582771685,0.0,0.0,0.1631857851267755,0.22468038833889917,0.0,0.5137438877647974,281.1983398303304,0.0,0.0,0.0,0.0,0.29723811035511644
4729.0,1.3885952046493286,0.190591067,0.240504202,0.0,0.0,0.20170187606148363,0.6116551624564527,0.0,0.0,0.06149427836659498,0.06149434817067443,0.0,0.5137438877647974,280.68459273482364,0.0,-2.7755575615628914e-17,0.0,0.0,0.2972384477593957
4730.0,1.3188728288562934,0.028233278,0.326418183,0.0,0.0,0.02987918179798748,0.8301533407370781,0.0,0.0,0.0,0.0,0.0,0.4588403063212278,280.1708456451774,0.0,-3.469446951953614e-18,1.1102230246251565e-16,0.0,0.2675049866118658
4731.0,1.2340111042654462,0.0,0.359298715,0.0,0.0,0.0,0.9137757763322558,0.0,0.0,0.0,0.0,0.0,0.32023532793319043,279.7120021428353,0.0,0.0,1.1102230246251565e-16,0.0,0.26750498966340225
4732.0,1.1486590103853913,0.0,0.359994962,0.0,0.0,0.0,0.9155464858182165,0.0,0.0,0.0,0.0,0.0,0.2331125245671748,279.39176362411536,0.0,0.0,1.1102230246251565e-16,0.0,0.2675049927149387
4733.0,1.0775576048008721,0.0,0.345518679,0.0,0.0,0.0,0.8787301094035934,0.0,0.0,0.0,0.0,0.0,0.19882749539727884,279.1586479124146,0.0,0.0,0.0,0.0,0.2675049957664752
4734.0,1.0198760434760261,0.0,0.327339101,0.0,0.0,0.0,0.8324954380651701,0.0,0.0,0.0,0.0,0.0,0.18738060541085594,278.95981723254295,0.0,0.0,1.1102230246251565e-16,0.0,0.2675049988180117
4735.0,0.9794109410386495,0.0,0.308348663,0.0,0.0,0.0,0.7841985711355471,0.0,0.0,0.0,0.0,0.0,0.1952123699031023,278.77243344492587,0.0,0.0,0.0,0.0,0.26750500186954823
4736.0,0.9597533424581807,0.0,0.291605876,0.0,0.0,0.0,0.7416179757975131,0.0,0.1486424672337821,0.0,0.0,0.0,0.3667778338944498,278.5772178949541,0.0,0.0,0.0,0.0,0.26750500492108487
4737.0,0.9653679637520793,0.0,0.261478209,0.0,0.0,0.0,0.6649966822813237,0.0,0.2133726062940417,0.0,0.1337782205104039,0.0,0.5137438877647974,278.2104368832179,0.0,0.0,0.0,0.0,0.2675053085743858
4738.0,0.9928864604141276,0.0,0.227022593,0.0,0.0,0.0,0.5773684611244344,0.0,0.0982258884751041,0.0,0.32581341431937,0.0,0.5137438877647974,277.69668982179536,0.0,0.0,1.1102230246251565e-16,0.0,0.2675056122280314
4739.0,1.03210529679771,0.0,0.171707825,0.0,0.0,0.0,0.4366908217072197,0.0,0.0,0.08167058732569292,0.4142163441063825,0.0,0.5137438877647974,277.18294276623334,0.0,0.0,5.551115123125783e-17,0.0,0.29722879542446856
4740.0,1.0833478168446182,0.092205297,0.088035777,0.0,0.0,0.09758055128421254,0.2238943728846577,0.0,0.0,0.24812900491095072,0.33254528659129085,0.0,0.5137438877647974,276.6691957165318,0.0,-1.3877787807814457e-17,0.0,0.0,0.2972291328181741
4741.0,1.1445947269316081,0.344263111,0.071603139,0.0,0.0,0.3643324760203099,0.1821025547713173,0.0,0.0,0.08441580837518362,0.08441590419820894,0.0,0.5137438877647974,276.15544867269085,0.0,0.0,2.7755575615628914e-17,0.0,0.29722947021226265
4742.0,1.2125333576682673,0.547360673,0.071631481,0.0,0.0,0.5792699330781135,0.18217463472031686,0.0,0.0,0.0,0.0,0.0,0.4510887898698369,275.6417016347104,0.0,1.1102230246251565e-16,0.0,0.0,0.2675050232303052
4743.0,1.2804869778591819,0.649707672,0.060929999,0.0,0.0,0.6875834129935325,0.15495840873839078,0.0,0.05874399277207976,0.0,0.0,0.0,0.49668914889933824,275.19060970048537,0.0,1.1102230246251565e-16,-2.7755575615628914e-17,0.0,0.26750502628184203
4744.0,1.338326999129012,0.707489123,0.053391939,0.0,0.0,0.7487333254826353,0.1357874617213965,0.0,0.05993767583981684,0.0,0.05286959349487179,0.0,0.5137438877647974,274.69391741237666,0.0,-1.1102230246251565e-16,0.0,0.0,0.2675053299351672
4745.0,1.3895952153832152,0.724009031,0.053101956,0.0,0.0,0.7662162877662931,0.13504997107674402,0.0,0.025414931224619384,0.0,0.10681344173684527,0.0,0.5137438877647974,274.1801703910685,0.0,-1.1102230246251565e-16,0.0,0.0,0.26750563358883706
4746.0,1.421798987175336,0.715776298,0.057356119,0.0,0.0,0.7575036145159079,0.14586924466632242,0.0,0.0,0.00468224022830838,0.1296867585918606,0.0,0.5137438877647974,273.6664233756208,0.0,-1.1102230246251565e-16,0.0,0.0,0.297228819158724
4747.0,1.439591469376329,0.701552729,0.064354424,0.0,0.0,0.7424508599626738,0.16366747582444083,0.0,0.0,0.019729245824417044,0.12500437115222196,0.0,0.5137438877647974,273.15267636603363,0.0,1.1102230246251565e-16,0.0,0.0,0.29722915655245646
4748.0,1.449711492349237,0.683403731,0.07234341,0.0,0.0,0.7232438372891709,0.18398522698661107,0.0,0.0,0.028738540308657464,0.10527498343159308,0.0,0.5137438877647974,272.63892936230695,0.0,0.0,0.0,0.0,0.29722949394657194
4749.0,1.4533774845899519,0.658626649,0.082440829,0.0,0.0,0.6970223359282011,0.20966518770029485,0.0,0.0,0.03294607319665867,0.07653632362214367,0.0,0.5137438877647974,272.12518236444083,0.0,-1.1102230246251565e-16,0.0,0.0,0.2972298313410704
4750.0,1.4404008999061129,0.624067735,0.096932357,0.0,0.0,0.6604487551294353,0.24652033550799193,0.0,0.0,0.019687921503888196,0.043590163546807975,0.0,0.5137438877647974,271.61143537243527,0.0,-1.1102230246251565e-16,0.0,0.0,0.29723016873595176
4751.0,1.4123834685524252,0.546394543,0.116580517,0.0,0.0,0.5782474809947781,0.29648993436252824,0.0,0.0,0.023902165430321587,0.02390219256241743,0.0,0.5137438877647974,271.09768838629014,0.0,0.0,5.551115123125783e-17,0.0,0.29723050613121627
4752.0,1.3738498643633692,0.425128958,0.16183469,0.0,0.0,0.4499125260506762,0.41158126460942107,0.0,0.0,0.0,0.0,0.0,0.5123560737032719,270.5839414060056,0.0,-5.551115123125783e-17,0.0,0.0,0.2675050537456752
4753.0,1.3311941602541166,0.223036401,0.265105173,0.0,0.0,0.2360386623560975,0.6742208506584055,0.0,0.0,0.0,0.0,0.0,0.42093464723961366,270.07158224564307,0.0,0.0,1.1102230246251565e-16,0.0,0.26750505679721237
4754.0,1.267131374117746,0.029126542,0.356507933,0.0,0.0,0.03082452004208359,0.9066782029701466,0.0,0.0,0.0,0.0,0.0,0.32962865110551565,269.6506445175889,0.0,0.0,1.1102230246251565e-16,0.0,0.2675050598487496
4755.0,1.1872675618457238,0.0,0.381089108,0.0,0.0,0.0,0.9691935455835597,0.0,0.0,0.0,0.0,0.0,0.21807401626216422,269.32101279047055,0.0,0.0,0.0,0.0,0.26750506290028686
4756.0,1.1079712074847936,0.0,0.3764677,0.0,0.0,0.0,0.9574402870645358,0.0,0.0,0.0,0.0,0.0,0.15053092042025792,269.10293570195586,0.0,0.0,0.0,0.0,0.26750506595182416
4757.0,1.0375464686923692,0.0,0.357634777,0.0,0.0,0.0,0.9095440154763377,0.0,0.0,0.0,0.0,0.0,0.12800245321603165,268.9524017117708,0.0,0.0,0.0,0.0,0.2675050690033615
4758.0,0.9810919012658464,0.0,0.335381452,0.0,0.0,0.0,0.8529489081772509,0.0,0.0,0.0,0.0,0.0,0.12814299308859556,268.8243961905071,0.0,0.0,0.0,0.0,0.2675050720548989
4759.0,0.9415946893032379,0.0,0.313608547,0.0,0.0,0.0,0.7975756147620949,0.0,0.0,0.0,0.0,0.0,0.1440190745411429,268.6962501308311,0.0,0.0,1.1102230246251565e-16,0.0,0.2675050751064363
4760.0,0.9220013312410059,0.0,0.291957252,0.0,0.0,0.0,0.7425116023644339,0.0,0.0,0.0,0.0,0.0,0.17948972887657197,268.55222799116433,0.0,0.0,0.0,0.0,0.2675050781579737
4761.0,0.9253568276435762,0.0,0.262465905,0.0,0.0,0.0,0.6675086107728583,0.0,0.0,0.0,0.0,0.0,0.25784821687071796,268.3727351988051,0.0,0.0,0.0,0.0,0.26750508120951116
4762.0,0.9512200602857223,0.0,0.236287619,0.0,0.0,0.0,0.6009314630847631,0.0,0.10721606939775138,0.0,0.0,0.0,0.45750466659871064,268.1148839204992,0.0,0.0,0.0,0.0,0.2675050842610487
4763.0,0.9877814805649079,0.0,0.194680903,0.0,0.0,0.0,0.4951164194280227,0.0,0.02107882662791221,0.0,0.09649446245797626,0.0,0.5137438877647974,267.65737619540675,0.0,0.0,0.0,0.0,0.2675053879144397
4764.0,1.0325806766326624,0.095884191,0.118706867,0.0,0.0,0.10147391225496219,0.3018977107916872,0.0,0.0,0.11546516582121562,0.11546529688933808,0.0,0.5137438877647974,267.1436292543672,0.0,0.0,0.0,0.0,0.29722854618686145
4765.0,1.0861508447903516,0.381580581,0.085508252,0.0,0.0,0.40382542722388404,0.21746632006216382,0.0,0.0,0.0,0.0,0.0,0.4648590975043037,266.6298823191882,0.0,-5.551115123125783e-17,0.0,0.0,0.2675050934156614
4766.0,1.1470165944691364,0.579073433,0.099279532,0.0,0.0,0.6128314388074854,0.25248971855410907,0.0,0.0,0.0,0.0,0.0,0.2816954371075421,266.16502018013017,0.0,0.0,0.0,0.0,0.26750509646719905
4767.0,1.207400540261145,0.671634553,0.101828034,0.0,0.0,0.7107885563588138,0.2589711205082861,0.0,0.0,0.0,0.0,0.0,0.23764086339404522,265.88332170677177,0.0,-1.1102230246251565e-16,5.551115123125783e-17,0.0,0.26750509951873674
4768.0,1.2612083983363105,0.724609562,0.097091531,0.0,0.0,0.7668518276750607,0.24692515005185112,0.0,0.0,0.0,0.0,0.0,0.24743142060939882,265.6456778103403,0.0,-1.1102230246251565e-16,0.0,0.0,0.26750510257027443
4769.0,1.3124808972917292,0.738747933,0.094884238,0.0,0.0,0.781814417475522,0.2413115177440713,0.0,0.0,0.0,0.0,0.0,0.28935496207213585,265.3982433594044,0.0,0.0,2.7755575615628914e-17,0.0,0.2675051056218122
4770.0,1.3536162424693767,0.739037772,0.095804453,0.0,0.0,0.7821211531005227,0.24365182718831077,0.0,0.0,0.0,0.0,0.0,0.32784326218054327,265.10888536982833,0.0,0.0,0.0,0.0,0.26750510867335
4771.0,1.3848949507988875,0.730880027,0.098161652,0.0,0.0,0.7734878393947383,0.24964670347445228,0.0,0.0,0.0,0.0,0.0,0.36176040792969694,264.7810390834447,0.0,-1.1102230246251565e-16,0.0,0.0,0.2675051117248878
4772.0,1.4094819384787285,0.723570405,0.101475084,0.0,0.0,0.7657520913667349,0.2580734909126543,0.0,0.0,0.0,0.0,0.0,0.38565635619933925,264.41927565505176,0.0,0.0,0.0,0.0,0.26750511477642563
4773.0,1.4228975000371857,0.704978777,0.106362484,0.0,0.0,0.7460766348741323,0.27050322567874235,0.0,0.0,0.0,0.0,0.0,0.4063176394843111,264.033616282516,0.0,0.0,5.551115123125783e-17,0.0,0.26750511782796355
4774.0,1.4168353364662374,0.660237562,0.112128128,0.0,0.0,0.6987271596609514,0.2851665283909589,0.0,0.0,0.0,0.0,0.0,0.432941648414327,263.62729563109457,0.0,-1.1102230246251565e-16,0.0,0.0,0.26750512087950146
4775.0,1.3898992871695361,0.570519783,0.119390866,0.0,0.0,0.6037791401907127,0.3036372709157346,0.0,0.0,0.0,0.0,0.0,0.4824828760630888,263.1943509753782,0.0,0.0,5.551115123125783e-17,0.0,0.2675051239310394
4776.0,1.347581916456331,0.426254636,0.15119171,0.0,0.0,0.4511038272381613,0.38451382209995183,0.0,0.0,0.0,0.0,0.0,0.511964267118218,262.7118650969519,0.0,-5.551115123125783e-17,5.551115123125783e-17,0.0,0.2675051269825774
4777.0,1.3052152946791442,0.199327454,0.273964761,0.0,0.0,0.21094756462200337,0.696752734477372,0.0,0.0,0.0,0.0,0.0,0.397514995579769,262.19989783297433,0.0,-2.7755575615628914e-17,0.0,0.0,0.26750513003411547
4778.0,1.2420754306547759,0.0225706,0.377713641,0.0,0.0,0.023886388987125626,0.9606089894756734,0.0,0.0,0.0,0.0,0.0,0.2575800521919768,261.80237984637546,0.0,-3.469446951953614e-18,0.0,0.0,0.2675051330856535
4779.0,1.1621109749041827,0.0,0.418463773,0.0,0.0,0.0,1.0642455513374154,0.0,0.0,0.0,0.0,0.0,0.09786542356676724,261.544796807699,0.0,0.0,0.0,0.0,0.26750513613719157
4780.0,1.0853671104678624,0.0,0.423313884,0.0,0.0,0.0,1.0765804519627145,0.0,0.0,0.0,0.0,0.0,0.008786658505148108,261.4469284005861,0.0,0.0,0.0,0.0,0.2675051391887297
4781.0,1.0157410954521824,0.0,0.410356885,0.0,0.0,0.0,1.0436279494185257,0.0,0.027886853966343234,0.0,0.0,0.0,0.0,261.4381387596512,0.0,0.0,0.0,0.0,0.24075300477228348
4782.0,0.9614193132311224,0.0,0.395985831,0.0,0.0,0.0,1.0070791935300922,0.0,0.04565988029896988,0.0,0.025098168569708913,0.0,0.0,261.4381357773218,0.0,0.0,2.220446049250313e-16,0.0,0.240753278058552
4783.0,0.9237079876754977,0.0,0.382501042,0.0,0.0,0.0,0.9727844047576035,0.0,0.04907641708210581,0.0,0.06619203234909772,0.0,0.0,261.43813279499244,0.0,0.0,0.0,0.0,0.24075355134513074
4784.0,0.9043287646740551,0.0,0.370490215,0.0,0.0,0.0,0.9422382260263007,0.0,0.03790946135224565,0.0,0.11036073258643125,0.0,0.0,261.4381298126631,0.0,0.0,0.0,0.0,0.2407538246320197
4785.0,0.9082217400792068,0.0,0.346767591,0.0,0.0,0.0,0.8819063677221645,0.0,0.0,0.026315372357042316,0.144479122529674,0.0,0.0,261.4381268303338,0.0,0.0,0.0,0.0,0.2675045532435765
4786.0,0.9343033904833581,0.0,0.321497977,0.0,0.0,0.0,0.8176401730866885,0.0,0.0,0.11666321739666961,0.1181635861700453,0.0,0.0,261.43812384800447,0.0,0.0,0.0,0.0,0.2675048568963647
4787.0,0.9717213510057013,3.9e-07,0.277578585,0.0,0.0,4.1273566963124573e-07,0.7059434849400563,0.0,0.0,0.0015002329393827686,0.001500234642344118,0.0,0.26427722039059265,261.43812086567516,0.0,-5.293955920339377e-23,0.0,0.0,0.26750516054949763
4788.0,1.0179424038770977,0.097383684,0.185594394,0.0,0.0,0.10306082058178877,0.4720074255213091,0.0,0.0,0.0,0.0,0.0,0.44287415777399974,261.1738406629554,0.0,0.0,5.551115123125783e-17,0.0,0.26750516360103604
4789.0,1.0741143130233783,0.358296693,0.146959695,0.0,0.0,0.3791841679795278,0.3737508757529972,0.0,0.0,0.0,0.0,0.0,0.3211792692908533,260.73096352586685,0.0,0.0,0.0,0.0,0.26750516665257446
4790.0,1.1364875735301208,0.549114357,0.171869212,0.0,0.0,0.5811258508731433,0.43710126439754465,0.0,0.0,0.0,0.0,0.0,0.11826045825943285,260.40978128231365,0.0,0.0,5.551115123125783e-17,0.0,0.2675051697041129
4791.0,1.2018437354336595,0.64955509,0.180743969,0.0,0.0,0.6874219359834206,0.45967172632484415,0.0,0.0,0.0,0.0,0.0,0.054750073125394594,260.2915178534557,0.0,0.0,5.551115123125783e-17,0.0,0.26750517275565144
4792.0,1.2616580819639682,0.704717613,0.176506508,0.0,0.0,0.7458002459038156,0.4488949296002785,0.0,0.0,0.0,0.0,0.0,0.06696290645987424,260.2367648110808,0.0,-1.1102230246251565e-16,5.551115123125783e-17,0.0,0.26750517580719
4793.0,1.3185837465242276,0.723899501,0.178317859,0.0,0.0,0.766100372540922,0.453501594186416,0.0,0.0,0.0,0.0,0.0,0.09898177979688953,260.169798935996,0.0,0.0,0.0,0.0,0.2675051788587286
4794.0,1.3669461500035183,0.726760097,0.18633784,0.0,0.0,0.7691277315296514,0.47389817246097216,0.0,0.0,0.0,0.0,0.0,0.12392024601289472,260.0708141883382,0.0,0.0,0.0,0.0,0.26750518191026723
4795.0,1.405974406182998,0.717609973,0.195428819,0.0,0.0,0.7594441865133721,0.49701853456230954,0.0,0.0,0.0,0.0,0.0,0.1495116851073164,259.9468909755935,0.0,-1.1102230246251565e-16,5.551115123125783e-17,0.0,0.26750518496180586
4796.0,1.4316641894259046,0.704823255,0.201035558,0.0,0.0,0.7459120464720493,0.5112777068569206,0.0,0.0,0.0,0.0,0.0,0.1744744360969347,259.797376325168,0.0,-1.1102230246251565e-16,0.0,0.0,0.26750518801334455
4797.0,1.4413880625363522,0.679517279,0.204358136,0.0,0.0,0.7191308183950436,0.5197277545877467,0.0,0.0,0.0,0.0,0.0,0.20252948955356206,259.62289892545846,0.0,0.0,0.0,0.0,0.2675051910648833
4798.0,1.4308825964540233,0.644419653,0.20615952,0.0,0.0,0.6819871205243333,0.5243090708974154,0.0,0.0,0.0,0.0,0.0,0.2245864050322745,259.4203664742826,0.0,0.0,0.0,0.0,0.26750519411642204
4799.0,1.4020129075583936,0.563761248,0.217182768,0.0,0.0,0.5966266056549404,0.5523436186939555,0.0,0.0,0.0,0.0,0.0,0.2530426832094975,259.1957771099385,0.0,0.0,1.1102230246251565e-16,0.0,0.26750519716796084
4800.0,1.3625221196476087,0.418203809,0.271897364,0.0,0.0,0.4425836644870579,0.6914948885130133,0.0,0.0,0.0,0.0,0.0,0.2284435666475375,258.94273146997904,0.0,-5.551115123125783e-17,0.0,0.0,0.26750520021949964
4801.0,1.3203396540227008,0.197700945,0.416489219,0.0,0.0,0.20922623569565402,1.0592238255729358,0.0,0.0,0.0,0.0,0.0,0.05188959275411117,258.7142849494682,0.0,0.0,0.0,0.0,0.2675052032710385
4802.0,1.257756541156385,0.021525753,0.524198289,0.0,0.0,0.02278063097120973,1.3331517160672708,0.0,0.0981758058820954,0.0,0.0,0.0,0.0,258.6623924054567,0.0,3.469446951953614e-18,0.0,0.0,0.24075143921257114
4803.0,1.1818991958717329,0.0,0.546050606,0.0,0.0,0.0,1.3887269716908082,0.0,0.20682777581907533,0.0,0.08835822529388586,0.0,0.0,258.66238945479137,0.0,0.0,2.220446049250313e-16,0.0,0.24075171249706256
4804.0,1.1051125044232548,0.0,0.519739797,0.0,0.0,0.0,1.3218127888223703,0.0,0.21670028439911546,0.0,0.27450312323298137,0.0,0.0,258.662386504126,0.0,0.0,0.0,0.0,0.2407519857818642
4805.0,1.0356556561055985,0.0,0.483961632,0.0,0.0,0.0,1.2308210342356096,0.0,0.19516537813001097,0.0,0.46953306759545504,0.0,0.0,258.6623835534607,0.0,0.0,0.0,0.0,0.240752259066976
4806.0,0.9817814161615883,0.0,0.450963252,0.0,0.0,0.0,1.1468988852176072,0.0,0.16511746905601882,0.0,0.6451813749313939,0.0,0.0,258.6623806027954,0.0,0.0,0.0,0.0,0.24075253235239807
4807.0,0.9430465250153901,0.0,0.422356181,0.0,0.0,0.0,1.0741448022768514,0.0,0.13109827726146125,0.0,0.7937863647170766,0.0,0.0,258.66237765213015,0.0,0.0,0.0,0.0,0.2407528056381303
4808.0,0.9234488842519424,0.0,0.398192616,0.0,0.0,0.0,1.012691533881973,0.0,0.08924264963003059,0.0,0.9117739132016757,0.0,0.0,258.66237470146496,0.0,0.0,0.0,0.0,0.2407530789241728
4809.0,0.9279050348669703,0.0,0.36845891,0.0,0.0,0.0,0.9370721699680633,0.0,0.009167135101093063,0.0,0.9920912628867812,0.0,0.0,258.66237175079976,0.0,0.0,1.1102230246251565e-16,0.0,0.24075335221052552
4810.0,0.9524855984949878,0.0,0.341220833,0.0,0.0,0.0,0.8677997403227953,0.0,0.0,0.0846858581721925,1.0003405583252096,0.0,0.0,258.66236880013463,0.0,0.0,0.0,0.0,0.26750402833020936
4811.0,0.9878007527203789,0.0,0.293480101,0.0,0.0,0.0,0.7463845428151444,0.0,0.0,0.24141620990523452,0.9156535646364391,0.0,0.0,258.6623658494695,0.0,0.0,0.0,0.0,0.2675043319824017
4812.0,1.0348612150300698,0.073796128,0.202665298,0.0,0.0,0.07809819052890543,0.515422494665916,0.0,0.0,0.2932786472456189,0.6742363153453738,0.0,0.1480618825896295,258.6623628988044,0.0,0.0,0.0,0.0,0.2675052368379683
4813.0,1.0904078497988454,0.300184446,0.180207013,0.0,0.0,0.3176841752120372,0.45830612893951467,0.0,0.0,0.2932786472456189,0.3809569027538862,0.0,0.02113889840167472,258.5142980655497,0.0,0.0,0.0,0.0,0.2675052398895076
4814.0,1.1542179565634847,0.504025939,0.204723692,0.0,0.0,0.533408931909442,0.5206574440181497,0.0,0.0,0.08767772354693101,0.08767782307265833,0.0,0.012473857088961792,258.4931562181721,0.0,0.0,1.1102230246251565e-16,0.0,0.2675052429410469
4815.0,1.2149338116997168,0.622645689,0.218211014,0.0,0.0,0.6589438086985213,0.5549586747675921,0.0,0.0,0.0,0.0,0.0,0.001031328233603393,258.4806794123483,0.0,0.0,0.0,0.0,0.26750524599258624
4816.0,1.2678058995592325,0.684510709,0.220304913,0.0,0.0,0.7244153483304454,0.5602839211556465,0.0,0.016893369926859497,0.0,0.0,0.0,0.0,258.47964513552216,0.0,0.0,0.0,0.0,0.24075418305696178
4817.0,1.315643672139589,0.705902992,0.220663574,0.0,0.0,0.7470547284559482,0.5611960750822619,0.0,0.0,0.007392868601378999,0.015204032934173549,0.0,0.0,258.4796421869415,0.0,0.0,0.0,0.0,0.26750495149396425
4818.0,1.3533378668903506,0.707000312,0.220933325,0.0,0.0,0.7482160184687683,0.5618821112943352,0.0,0.0,0.007811138207573267,0.007811147074240646,0.0,0.03542859891967391,258.4796392383608,0.0,-1.1102230246251565e-16,0.0,0.0,0.2675052551472045
4819.0,1.3791796860264178,0.697778983,0.221733134,0.0,0.0,0.7384571174438835,0.5639162017582894,0.0,0.0,0.0,0.0,0.0,0.07680636682424483,258.4442076908605,0.0,0.0,0.0,0.0,0.26750525819874393
4820.0,1.3962141301122162,0.68235265,0.224372255,0.0,0.0,0.7221314818523206,0.5706280677904564,0.0,0.0,0.0,0.0,0.0,0.10345458046943914,258.36739837585975,0.0,-1.1102230246251565e-16,0.0,0.0,0.2675052612502835
4821.0,1.4014904180100674,0.653182696,0.227814506,0.0,0.0,0.691261019038724,0.5793824703211069,0.0,0.0,0.0,0.0,0.0,0.1308469286502364,258.26394084809004,0.0,1.1102230246251565e-16,1.1102230246251565e-16,0.0,0.2675052643018231
4822.0,1.3869485060318578,0.606831248,0.235700046,0.0,0.0,0.6422074397344731,0.5994371355188355,0.0,0.0,0.0,0.0,0.0,0.14530393077854944,258.1330909733197,0.0,-1.1102230246251565e-16,-1.1102230246251565e-16,0.0,0.26750526735336266
4823.0,1.3532158099057006,0.529310212,0.25845791,0.0,0.0,0.5601671917755809,0.6573153966316365,0.0,0.0,0.0,0.0,0.0,0.1357332214984832,257.98778409791373,0.0,0.0,0.0,0.0,0.2675052704049023
4824.0,1.314568714134426,0.390347083,0.319803841,0.0,0.0,0.4131029863861755,0.8133316120649424,0.0,0.0,0.0,0.0,0.0,0.08813411568330819,257.8520479334454,0.0,-5.551115123125783e-17,0.0,0.0,0.267505273456442
4825.0,1.2762599517591988,0.168438655,0.456916527,0.0,0.0,0.17825805400823425,1.162039374893014,0.0,0.0,0.0,0.0,0.06403747714204946,0.0,257.7639108763407,0.0,0.0,0.0,0.0,0.13107758548891102
4826.0,1.2199038864606393,0.018831836,0.545634712,0.0,0.0,0.019929667799604613,1.3876692616382633,0.0,0.0,0.0,0.0,0.1876950429772287,0.0,257.79528629972424,0.0,0.0,2.220446049250313e-16,0.0,0.1310775869841655
4827.0,1.1492264682964832,0.0,0.529525731,0.0,0.0,0.0,1.346700574569075,0.0,0.08795854003128176,0.0,0.0,0.10951556624130998,0.0,257.8872539300091,0.0,0.0,0.0,0.0,0.13107758847941997
4828.0,1.08148484181575,0.0,0.495722046,0.0,0.0,0.0,1.2607303575484936,0.0,0.17924551573274342,0.0,0.07916268602815359,0.0,0.0,257.94091361564426,0.0,0.0,0.0,0.0,0.13107773726969188
4829.0,1.0176426147919926,0.0,0.464712094,0.0,0.0,0.0,1.1818652189330494,0.0,0.16422260414105674,0.0,0.24048356032768287,0.0,0.0,257.9409106732091,0.0,0.0,0.0,0.0,0.13107788606013268
4830.0,0.9656848836420476,0.0,0.430170801,0.0,0.0,0.0,1.094019102292763,0.0,0.1283342186507155,0.0,0.38828363107453007,0.0,0.0,257.9409077307739,0.0,0.0,2.220446049250313e-16,0.0,0.13107803485074238
4831.0,0.9260827454996523,0.0,0.402285024,0.0,0.0,0.0,1.0230994288761655,0.0,0.09701668337651322,0.0,0.5037839871077759,0.0,0.0,257.9409047883388,0.0,0.0,2.220446049250313e-16,0.0,0.13107818364152096
4832.0,0.9018555047219373,0.0,0.386062923,0.0,0.0,0.0,0.9818430527296067,0.0,0.0799875480076693,0.0,0.5910984302863206,0.0,0.0,257.94090184590374,0.0,0.0,0.0,0.0,0.13107833243246847
4833.0,0.8900480974700087,0.0,0.361854526,0.0,0.0,0.0,0.920275766683414,0.0,0.03022766921340537,0.0,0.6630865525196618,0.0,0.0,257.9408989034687,0.0,0.0,0.0,0.0,0.13107848122358484
4834.0,0.8873735505607488,0.0,0.333264577,0.0,0.0,0.0,0.847565228760186,0.0,0.0,0.039808321800562915,0.6902907021222882,0.0,0.0,257.9408959610337,0.0,0.0,0.0,0.0,0.1456429222387446
4835.0,0.8966306092386754,0.0,0.278832109,0.0,0.0,0.0,0.7091314725905301,0.0,0.0,0.18749913664814533,0.6504815967520406,0.0,0.0,257.9408930185987,0.0,0.0,0.0,0.0,0.14564308756258257
4836.0,0.9298793601274487,0.067414975,0.201317055,0.0,0.0,0.0713450380764069,0.5119936157343297,0.0,0.0,0.2932786472456189,0.4629817217227204,0.0,0.0532620590710931,257.9408900761637,0.0,-1.3877787807814457e-17,1.1102230246251565e-16,0.0,0.2675053100749206
4837.0,0.9803038842421413,0.299937133,0.193919138,0.0,0.0,0.3174224447077718,0.4931790832361643,0.0,0.0,0.16970235629820532,0.1697025489326597,0.0,0.0,257.8876250746577,0.0,0.0,0.0,0.0,0.14564341821082152
4838.0,1.0388419858101452,0.496690441,0.207200501,0.0,0.0,0.5256457993989069,0.5269565148812385,0.0,0.0,0.0,0.0,0.013760328470000298,0.0,257.8876221328304,0.0,0.0,0.0,0.0,0.13107760492722043
4839.0,1.0940845487925996,0.612939486,0.201487684,0.0,0.0,0.6486717671734398,0.5124275628664251,0.0,0.045499808892454724,0.0,0.0,0.021514972354810605,0.0,257.89436175195345,0.0,0.0,0.0,0.0,0.13107760642247512
4840.0,1.1436097056519767,0.665487452,0.196374418,0.0,0.0,0.7042831003395166,0.4994234011099787,0.0,0.060096795797518476,0.0,0.04094982800320925,0.0,0.0,257.90490114650316,0.0,0.0,5.551115123125783e-17,0.0,0.1310777552127674
4841.0,1.1855159370484663,0.685938223,0.200968238,0.0,0.0,0.7259260815271069,0.5111064972680894,0.0,0.05151664174673009,0.0,0.09503689773759763,0.0,0.0,257.9048982044788,0.0,0.0,1.1102230246251565e-16,0.0,0.13107790400322858
4842.0,1.2202186649999998,0.675532982,0.211681336,0.0,0.0,0.7149142504711852,0.5383522652967159,0.0,0.033047850767901295,0.0,0.141401767430421,0.0,0.0,257.90489526245443,0.0,0.0,0.0,0.0,0.13107805279385862
4843.0,1.248625822164324,0.654600683,0.223365543,0.0,0.0,0.692761669843784,0.5680677774221956,0.0,0.012203625101655582,0.0,0.1711446726121439,0.0,0.0,257.9048923204302,0.0,0.0,0.0,0.0,0.1310782015846576
4844.0,1.2698637374934187,0.636235009,0.236618681,0.0,0.0,0.6733253396986066,0.6017734266750422,0.0,0.005235028880230199,0.0,0.18212774093218168,0.0,0.0,257.90488937840587,0.0,0.0,1.1102230246251565e-16,0.0,0.13107835037562546
4845.0,1.27926854936329,0.609209925,0.248299685,0.0,0.0,0.6447247854894256,0.631480792865985,0.0,0.0,0.0030629710078794747,0.1868390601857263,0.0,0.0,257.9048864363816,0.0,0.0,0.0,0.0,0.145642776851958
4846.0,1.2743862699772914,0.563162123,0.256738395,0.0,0.0,0.5959925537111768,0.6529422912225621,0.0,0.0,0.02545142504355256,0.18377587709122442,0.0,0.0,257.9048834943574,0.0,0.0,1.1102230246251565e-16,0.0,0.14564294217563098
4847.0,1.2567286928645958,0.482555304,0.265502835,0.0,0.0,0.5106866321296136,0.6752321927189187,0.0,0.0,0.07080986801606338,0.1583242434381605,0.0,0.0,257.9048805523332,0.0,0.0,0.0,0.0,0.14564310749949158
4848.0,1.2283450905569582,0.355939725,0.300462058,0.0,0.0,0.37668979678522163,0.764141197408227,0.0,0.0,0.08751409636350971,0.08751419570349868,0.0,0.0,257.9048776103091,0.0,-5.551115123125783e-17,0.0,0.0,0.14564327282353987
4849.0,1.1990749690976523,0.152409119,0.411653952,0.0,0.0,0.1612940507394185,1.0469266765093808,0.0,0.0,0.0,0.0,0.009145758151146884,0.0,257.904874668285,0.0,0.0,0.0,0.0,0.131077621375023
4850.0,1.1506847280604593,0.018399945,0.485999824,0.0,0.0,0.019472599027572028,1.2360046054518723,0.0,0.0,0.0,0.0,0.10479247641898519,0.0,257.909353147755,0.0,0.0,2.220446049250313e-16,0.0,0.13107762287027785
4851.0,1.0881530076087327,0.0,0.496764648,0.0,0.0,0.0,1.2633819240923805,0.0,0.05741957342475946,0.0,0.0,0.11780934305888821,0.0,257.9606985191251,0.0,0.0,0.0,0.0,0.13107762436553275
4852.0,1.0262015931717456,0.0,0.487182936,0.0,0.0,0.0,1.2390135198764285,0.0,0.21281192670468296,0.0,0.051677616082283516,0.0,0.0,258.0184221545631,0.0,0.0,0.0,0.0,0.13107777315584537
4853.0,0.9708412559058569,0.0,0.475664639,0.0,0.0,0.0,1.2097199534265723,0.0,0.23887869752071525,0.0,0.24320829145568582,0.0,0.0,258.0184192112437,0.0,0.0,0.0,0.0,0.13107792194632692
4854.0,0.9258621863870392,0.0,0.462689138,0.0,0.0,0.0,1.1767203962208779,0.0,0.25085820983383866,0.0,0.4581988431513017,0.0,0.0,258.01841626792447,0.0,0.0,0.0,0.0,0.13107807073697736
4855.0,0.8929753237510001,0.0,0.44944922,0.0,0.0,0.0,1.1430483683400505,0.0,0.25007304458905044,0.0,0.6839707118865037,0.0,0.0,258.01841332460515,0.0,0.0,0.0,0.0,0.1310782195277967
4856.0,0.8681527875042905,0.0,0.428098703,0.0,0.0,0.0,1.0887493006498976,0.0,0.22059651314560702,0.0,0.9090356756209749,0.0,0.0,258.0184103812859,0.0,0.0,0.0,0.0,0.13107836831878492
4857.0,0.8545958968057122,0.0,0.394394788,0.0,0.0,0.0,1.0030328207160313,0.0,0.14843692391031912,0.0,1.1075715055783548,0.0,0.0,258.01840743796663,0.0,0.0,2.220446049250313e-16,0.0,0.13107851710994206
4858.0,0.8503538812514739,0.0,0.370997101,0.0,0.0,0.0,0.9435273487779976,0.0,0.09317346752652367,0.0,1.2411634798599989,0.0,0.0,258.0184044946475,0.0,0.0,0.0,0.0,0.13107866590126807
4859.0,0.8513753054914395,0.0,0.319280834,0.0,0.0,0.0,0.812001490059212,0.0,0.0,0.0393738154322275,1.3250181917519692,0.0,0.0,258.01840155132834,0.0,0.0,0.0,0.0,0.1456431274364033
4860.0,0.8846005015235259,0.088572983,0.236366076,0.0,0.0,0.09373648576856906,0.6011309965177832,0.0,0.0,0.18973301923717356,1.2856428722518418,0.0,0.0,258.0183986080092,0.0,0.0,0.0,0.0,0.14564329276047425
4861.0,0.9378366189863836,0.363787493,0.227648665,0.0,0.0,0.3849950628893003,0.5789607001276825,0.0,0.026119144030599183,0.0,1.0959083936428746,0.0,0.0,258.0183956646901,0.0,-5.551115123125783e-17,0.0,0.0,0.13107911227625954
4862.0,1.001137084306344,0.553818137,0.247777341,0.0,0.0,0.5861038452016,0.630152357015296,0.0,0.21511911791055185,0.0,1.119414379271919,0.0,0.0,258.0183927213711,0.0,-1.1102230246251565e-16,0.0,0.0,0.13107926106826115
4863.0,1.0630456717311731,0.666371435,0.232585943,0.0,0.0,0.705218616532972,0.5915172856345863,0.0,0.23369023043638515,0.0,1.3130203147105712,0.0,0.0,258.01838977805204,0.0,-1.1102230246251565e-16,0.0,0.0,0.13107940986043165
4864.0,1.1228921385206003,0.717228037,0.208239865,0.0,0.0,0.759039984947433,0.5295998464778788,0.0,0.16574769290471153,0.0,1.5233400316545682,0.0,0.0,258.01838683473306,0.0,0.0,1.1102230246251565e-16,0.0,0.13107955865277107
4865.0,1.1732395740134087,0.728777699,0.19127589,0.0,0.0,0.7712629528438036,0.48645672133392737,0.0,0.08448010016432224,0.0,1.6725112260798385,0.0,0.0,258.0183838914141,0.0,-1.1102230246251565e-16,0.0,0.0,0.1310797074452794
4866.0,1.2139295182646144,0.72170449,0.182889557,0.0,0.0,0.7637773998872478,0.4651284292256302,0.0,0.014976310848263754,0.0,1.7485414177100602,0.0,0.0,258.01838094809517,0.0,0.0,0.0,0.0,0.1310798562379566
4867.0,1.243388078577415,0.708184157,0.180882669,0.0,0.0,0.749468877593934,0.4600244709768179,0.0,0.0,0.0,1.7620181126516783,0.0,0.033894730006663217,258.0183780047763,0.0,-1.1102230246251565e-16,0.0,0.0,0.2675054046726804
4868.0,1.2702149189931136,0.697626091,0.183686685,0.0,0.0,0.738295312361829,0.4671557013160304,0.0,0.0,0.0,1.7620161125320581,0.0,0.06476390531525415,257.98448033145075,0.0,0.0,0.0,0.0,0.2675054077242216
4869.0,1.2902965049939452,0.679562304,0.187132744,0.0,0.0,0.7191784681989541,0.4759197884294835,0.0,0.0,0.0,1.7620141124147082,0.0,0.09519824836550768,257.9197134832034,0.0,0.0,0.0,0.0,0.26750541077576284
4870.0,1.2923350707726606,0.643619869,0.190063198,0.0,0.0,0.6811407118453581,0.4833725784536726,0.0,0.0,0.0,1.7620121122996288,0.0,0.12782178047363005,257.8245122926445,0.0,-1.1102230246251565e-16,0.0,0.0,0.2675054138273041
4871.0,1.278364899406759,0.547734448,0.196310669,0.0,0.0,0.5796654978855915,0.49926127336074533,0.0,0.0,0.0,1.76201011218682,0.0,0.19943812816042192,257.69668757106353,0.0,1.1102230246251565e-16,0.0,0.0,0.2675054168788454
4872.0,1.2554224689937803,0.411327248,0.226814133,0.0,0.0,0.435306223438096,0.5768383014261617,0.0,0.0,0.0,1.7620081120762812,0.0,0.24327794412952264,257.4972465032539,0.0,0.0,0.0,0.0,0.2675054199303867
4873.0,1.2289917784405422,0.169475843,0.322754228,0.0,0.0,0.17935570653057653,0.8208350960988489,0.0,0.0,0.0,1.762006111968013,0.0,0.22880097581111689,257.2539656217503,0.0,0.0,0.0,0.0,0.2675054229819281
4874.0,1.1772160620922683,0.015731742,0.401409996,0.0,0.0,0.01664884889445126,1.0208740399264375,0.0,0.0,0.0,1.762004111862015,0.0,0.13969317327137948,257.0251617113403,0.0,0.0,0.0,0.0,0.2675054260334695
4875.0,1.1118192145271795,0.0,0.417593996,0.0,0.0,0.0,1.0620335168373451,0.0,0.0,0.0,1.7620021117582876,0.0,0.049785697689834305,256.88546560608006,0.0,0.0,0.0,0.0,0.2675054290850109
4876.0,1.045807799337625,0.0,0.404852125,0.0,0.0,0.0,1.0296281321842147,0.0,0.0,0.0,1.7620001116568302,0.0,0.01617966715341013,256.835676977995,0.0,0.0,2.220446049250313e-16,0.0,0.2675054321365524
4877.0,0.9881540755706815,0.0,0.383160488,0.0,0.0,0.0,0.9744615211942688,0.0,0.0,0.0,1.7619981115576437,0.0,0.013692554376412763,256.81949438101424,0.0,0.0,0.0,0.0,0.2675054351880939
4878.0,0.941005817886067,0.0,0.360585266,0.0,0.0,0.0,0.9170477589187119,0.0,0.0,0.0,1.7619961114607272,0.0,0.02395805896735504,256.8057988969951,0.0,0.0,1.1102230246251565e-16,0.0,0.26750543823963546
4879.0,0.9107335443422666,0.0,0.342150336,0.0,0.0,0.0,0.8701636711969376,0.0,0.0,0.0,1.7619941113660813,0.0,0.040569873145329,256.78183790854126,0.0,0.0,0.0,0.0,0.26750544129117704
4880.0,0.8992173607730116,0.0,0.332975048,0.0,0.0,0.0,0.8468288927375378,0.0,0.0,0.0,1.7619921112737058,0.0,0.052388468035473805,256.7412651061828,0.0,0.0,0.0,0.0,0.26750544434271867
4881.0,0.9080697041860463,0.0,0.308736564,0.0,0.0,0.0,0.7851850888229678,0.0,0.0,0.0,1.7619901111836003,0.0,0.12288461536307847,256.68887370939706,0.0,0.0,0.0,0.0,0.26750544739426024
4882.0,0.9378580324924625,0.0,0.284752232,0.0,0.0,0.0,0.7241876494274204,0.0,0.0,0.0,1.7619881110957656,0.0,0.21367038306504216,256.56598616588127,0.0,0.0,0.0,0.0,0.267505450445802
4883.0,0.9740597058695218,0.0,0.234428947,0.0,0.0,0.0,0.5962044507720498,0.0,0.0,0.0,1.7619861110102009,0.0,0.377855255097472,256.3523128560654,0.0,0.0,1.1102230246251565e-16,0.0,0.26750545349734367
4884.0,1.0201672671586999,0.07289655,0.148461221,0.0,0.0,0.07714617020014765,0.3775695871178098,0.0,0.0,0.05170762207594504,1.7619841109269068,0.0,0.5137438877647974,255.97445467665457,0.0,0.0,0.0,0.0,0.2971771870901616
4885.0,1.0745340177425255,0.372983114,0.137681011,0.0,0.0,0.3947267572254801,0.35015313849016927,0.0,0.0,0.0,1.710274488769938,0.0,0.32965412202687616,255.46070786888674,0.0,-5.551115123125783e-17,0.0,0.0,0.2675054596004272
4886.0,1.1392070888021464,0.600224238,0.169181266,0.0,0.0,0.6352152635893183,0.43026522563551023,0.0,0.0,0.0,1.7102725473860576,0.0,0.07372659957731785,255.1310508327174,0.0,0.0,0.0,0.0,0.26750546265196906
4887.0,1.2039251282245327,0.707168561,0.1716724,0.0,0.0,0.7483940758115369,0.4366007281290209,0.0,0.0,0.0,1.7102706060043809,0.0,0.018930324283974863,255.05732132275813,0.0,0.0,0.0,0.0,0.2675054657035109
4888.0,1.261518894174455,0.748216198,0.155811505,0.0,0.0,0.7918346500268583,0.3962629784046741,0.0,0.0,0.0,1.7102686646249077,0.0,0.07342126574292271,255.03838808893326,0.0,0.0,0.0,0.0,0.26750546875505277
4889.0,1.3165580288491598,0.759374599,0.142080211,0.0,0.0,0.8036435477415991,0.36134127311859643,0.0,0.0,0.0,1.7102667232476385,0.0,0.15157320798896434,254.9649639138654,0.0,0.0,0.0,0.0,0.26750547180659473
4890.0,1.3619867819956353,0.748296042,0.135340578,0.0,0.0,0.7919191486596943,0.344200901835138,0.0,0.0,0.0,1.710264781872573,0.0,0.2258667315008031,254.8133877973891,0.0,-1.1102230246251565e-16,0.0,0.0,0.2675054748581367
4891.0,1.3943404483303088,0.733013079,0.135557577,0.0,0.0,0.7757452410500671,0.34475277809132876,0.0,0.0,0.0,1.7102628404997111,0.0,0.27384242918891294,254.58751815913007,0.0,0.0,0.0,0.0,0.26750547790967866
4892.0,1.4146447347943616,0.716575774,0.14096697,0.0,0.0,0.7583496972395338,0.3585100560377897,0.0,0.0,0.0,1.7102608991290529,0.0,0.2977849815170381,254.3136728257595,0.0,-1.1102230246251565e-16,0.0,0.0,0.2675054809612207
4893.0,1.4252230067973588,0.689211475,0.14711377,0.0,0.0,0.7293901529529834,0.37414272241668034,0.0,0.0,0.0,1.7102589577605987,0.0,0.32169013142769515,254.01588494318466,0.0,0.0,0.0,0.0,0.26750548401276275
4894.0,1.4168674567253556,0.650927785,0.154335269,0.0,0.0,0.6888746544193809,0.3925085850805855,0.0,0.0,0.0,1.7102570163943478,0.0,0.3354842172253894,253.69419191409617,0.0,-1.1102230246251565e-16,0.0,0.0,0.2675054870643049
4895.0,1.3937794144710405,0.572643436,0.167304468,0.0,0.0,0.6060265949164035,0.4254921149121145,0.0,0.0,0.0,1.7102550750303007,0.0,0.3622607046425225,253.35870480287963,0.0,0.0,-5.551115123125783e-17,0.0,0.267505490115847
4896.0,1.3643486917161425,0.437419795,0.198148277,0.0,0.0,0.46291987692124925,0.5039347152816116,0.0,0.0,0.0,1.7102531336684574,0.0,0.3974940995132818,252.99644120807304,0.0,-5.551115123125783e-17,0.0,0.0,0.26750549316738914
4897.0,1.3260956044567205,0.192930791,0.282089898,0.0,0.0,0.20417799798941258,0.7174167476230381,0.0,0.0,0.0,1.710251192308818,0.0,0.40450085884426984,252.59894422252813,0.0,-2.7755575615628914e-17,0.0,0.0,0.2675054962189314
4898.0,1.2662512790179012,0.014392242,0.344686247,0.0,0.0,0.015231260613756252,0.8766130514646474,0.0,0.0,0.0,1.710249250951382,0.0,0.37440696693949743,252.19444048218665,0.0,-1.734723475976807e-18,1.1102230246251565e-16,0.0,0.2675054992704736
4899.0,1.1868200195686738,0.0,0.362016318,0.0,0.0,0.0,0.9206872393779499,0.0,0.0,0.0,1.71024730959615,0.0,0.2661327801907239,251.82003063836427,0.0,0.0,1.1102230246251565e-16,0.0,0.2675055023220159
4900.0,1.10723244152507,0.0,0.350622711,0.0,0.0,0.0,0.8917107870640316,0.0,0.0,0.0,1.7102453682431213,0.0,0.2155216544610385,251.55389498556175,0.0,0.0,0.0,0.0,0.2675055053735582
4901.0,1.040925519951626,0.0,0.323305186,0.0,0.0,0.0,0.822236303654452,0.0,0.0,0.0,1.7102434268922964,0.0,0.2186892162971741,251.3383704615248,0.0,0.0,0.0,0.0,0.26750550842510057
4902.0,0.9876637062814737,0.0,0.294000407,0.0,0.0,0.0,0.7477077955829156,0.0,0.0,0.0,1.7102414855436754,0.0,0.23995591069855826,251.11967837811028,0.0,0.0,0.0,0.0,0.2675055114766429
4903.0,0.9503806508474277,0.0,0.271554722,0.0,0.0,0.0,0.6906234744319637,0.0,0.0,0.0,1.7102395441972578,0.0,0.2597571764154639,250.8797196027891,0.0,0.0,1.1102230246251565e-16,0.0,0.26750551452818533
4904.0,0.9332905316458242,0.0,0.258662222,0.0,0.0,0.0,0.6578350070522136,0.0,0.0,0.0,1.710237602853044,0.0,0.27545552459361056,250.6199595644883,0.0,0.0,0.0,0.0,0.2675055175797278
4905.0,0.9378708805961099,0.0,0.237989694,0.0,0.0,0.0,0.6052602147322625,0.0,0.0,0.0,1.710235661511034,0.0,0.3326106658638473,250.34450118097257,0.0,0.0,1.1102230246251565e-16,0.0,0.26750552063127025
4906.0,0.9664771833669685,0.0,0.220349029,0.0,0.0,0.0,0.5603961178612447,0.0,0.0,0.0,1.7102337201712272,0.0,0.4060810655057238,250.01188765932886,0.0,0.0,0.0,0.0,0.2675055236828128
4907.0,1.0010278754253414,0.0,0.188053058,0.0,0.0,0.0,0.47826034965253,0.0,0.0,0.009023638008014053,1.7102317788336245,0.0,0.5137438877647974,249.60580374183752,0.0,0.0,5.551115123125783e-17,0.0,0.29718494589487693
4908.0,1.0440283369824648,0.065203328,0.111996561,0.0,0.0,0.06900445960068141,0.28483192452919803,0.0,0.0,0.1764480650877879,1.7012061994902115,0.0,0.5137438877647974,249.09205700671947,0.0,0.0,5.551115123125783e-17,0.0,0.29718528323880744
4909.0,1.098367250008388,0.3361006,0.090849313,0.0,0.0,0.3556941184729832,0.23104981468087663,0.0,0.0,0.0,1.5247562033122304,0.0,0.5116233168545282,248.57831027746192,0.0,0.0,0.0,0.0,0.26750553283744055
4910.0,1.1618133271696853,0.564839808,0.106239448,0.0,0.0,0.5977680420237544,0.27019031802913723,0.0,0.0,0.0,1.5247544725157212,0.0,0.29385496711679365,248.06668412497518,0.0,0.0,0.0,0.0,0.2675055358889832
4911.0,1.2238011445670067,0.687943989,0.104131748,0.0,0.0,0.7280487768428341,0.26482997265808433,0.0,0.0,0.0,1.524752741721177,0.0,0.23092239506608844,247.7728263280625,0.0,0.0,0.0,0.0,0.26750553894052587
4912.0,1.2795190873844138,0.741883952,0.098862337,0.0,0.0,0.7851332556856281,0.25142869977198806,0.0,0.0,0.0,1.524751010928597,0.0,0.24295713192679777,247.54190110655264,0.0,-1.1102230246251565e-16,0.0,0.0,0.2675055419920686
4913.0,1.3315260695983402,0.753873056,0.097610769,0.0,0.0,0.7978212835515732,0.24824568666036975,0.0,0.0,0.0,1.5247492801379823,0.0,0.2854590993863971,247.29894115081638,0.0,0.0,2.7755575615628914e-17,0.0,0.2675055450436114
4914.0,1.3758927128433,0.743678572,0.100462409,0.0,0.0,0.7870324959098167,0.2554980353219009,0.0,0.0,0.0,1.5247475493493319,0.0,0.3333621816115824,247.01347923039202,0.0,0.0,0.0,0.0,0.26750554809515414
4915.0,1.4120879621685358,0.727274554,0.106584298,0.0,0.0,0.7696721796178347,0.27106734754055134,0.0,0.0,0.0,1.5247458185626463,0.0,0.3713484350101499,246.68011423099887,0.0,-1.1102230246251565e-16,0.0,0.0,0.267505551146697
4916.0,1.4385315008254214,0.709907084,0.113927352,0.0,0.0,0.751292245360782,0.2897423513448362,0.0,0.0,0.0,1.524744087777925,0.0,0.39749690411980315,246.30876298201,0.0,0.0,0.0,0.0,0.26750555419823985
4917.0,1.4515573365732417,0.677324897,0.121694637,0.0,0.0,0.7168106280031014,0.3094962680290884,0.0,0.0,0.0,1.5247423569951688,0.0,0.425250440541052,245.9112632681476,0.0,-1.1102230246251565e-16,5.551115123125783e-17,0.0,0.26750555724978275
4918.0,1.4449919556094382,0.630612269,0.129534789,0.0,0.0,0.6673748131369083,0.32943550154503043,0.0,0.0,0.0,1.5247406262143772,0.0,0.44818164092749946,245.4860100223984,0.0,0.0,5.551115123125783e-17,0.0,0.2675055603013257
4919.0,1.420527024914247,0.544281652,0.140117695,0.0,0.0,0.576011415656976,0.3563501626397724,0.0,0.0,0.0,1.52473889543555,0.0,0.4881654466174987,245.0378255811138,0.0,-1.1102230246251565e-16,0.0,0.0,0.2675055633528687
4920.0,1.3872247402602762,0.407944424,0.18126808,0.0,0.0,0.4317261923383918,0.46100465604575697,0.0,0.0,0.0,1.5247371646586878,0.0,0.4944938918761273,244.54965733925178,0.0,0.0,5.551115123125783e-17,0.0,0.26750556640441164
4921.0,1.3472649965663626,0.21888702,0.290987423,0.0,0.0,0.231647386598174,0.740045113589531,0.0,0.0,0.0,1.52473543388379,0.0,0.37557249637865747,244.05516065769987,0.0,0.0,1.1102230246251565e-16,0.0,0.2675055694559547
4922.0,1.281703265004466,0.018376201,0.377816682,0.0,0.0,0.019447470833367606,0.9608710454359044,0.0,0.0,0.0,1.524733703110857,0.0,0.3013847487351941,243.67958537728637,0.0,0.0,0.0,0.0,0.2675055725074978
4923.0,1.1965995677949266,0.0,0.392097235,0.0,0.0,0.0,0.9971896373463399,0.0,0.0,0.0,1.5247319723398884,0.0,0.19940993044858654,243.37819784880068,0.0,0.0,1.1102230246251565e-16,0.0,0.2675055755590409
4924.0,1.1186758191736568,0.0,0.37942516,0.0,0.0,0.0,0.9649617592954386,0.0,0.0,0.0,1.5247302415708848,0.0,0.15371405987821818,243.17878514203963,0.0,0.0,0.0,0.0,0.26750557861058405
4925.0,1.0491590130389794,0.0,0.351149492,0.0,0.0,0.0,0.8930505071830754,0.0,0.0,0.0,1.5247285108038457,0.0,0.15610850585590394,243.02506830812376,0.0,0.0,0.0,0.0,0.26750558166212723
4926.0,0.993141281136467,0.0,0.324036566,0.0,0.0,0.0,0.8240963640982915,0.0,0.0,0.0,1.5247267800387712,0.0,0.16904491703817548,242.86895702998365,0.0,0.0,1.1102230246251565e-16,0.0,0.2675055847136704
4927.0,0.9546976136729425,0.0,0.30517486,0.0,0.0,0.0,0.776126891000953,0.0,0.0,0.0,1.5247250492756614,0.0,0.17857072267198948,242.69990934244217,0.0,0.0,1.1102230246251565e-16,0.0,0.26750558776521366
4928.0,0.9339243714257609,0.0,0.291268864,0.0,0.0,0.0,0.7407608800466049,0.0,0.0,0.0,1.5247233185145161,0.0,0.193163491379156,242.52133585119518,0.0,0.0,0.0,0.0,0.26750559081675696
4929.0,0.9375775155628283,0.0,0.267404388,0.0,0.0,0.0,0.6800682608601919,0.0,0.0,0.0,1.5247215877553357,0.0,0.2575092547026364,242.32816959327815,0.0,0.0,1.1102230246251565e-16,0.0,0.2675055938683003
4930.0,0.9631174042631825,0.0,0.245886635,0.0,0.0,0.0,0.6253438751843324,0.0,0.0,0.0,1.5247198569981197,0.0,0.33777352907885005,242.07065757424115,0.0,0.0,0.0,0.0,0.2675055969198436
4931.0,0.9973597418340187,0.0,0.203635169,0.0,0.0,0.0,0.5178890902560704,0.0,0.0,0.0,1.5247181262428684,0.0,0.4794706515779482,241.73288128376547,0.0,0.0,0.0,0.0,0.267505599971387
4932.0,1.0420561530725942,0.076599891,0.110957095,0.0,0.0,0.08106540334760366,0.2821883335240898,0.0,0.0,0.16505852843610344,1.5247163954895817,0.0,0.5137438877647974,241.25340787464384,0.0,0.0,0.0,0.0,0.29719337960802084
4933.0,1.1016991915542715,0.356947212,0.089280948,0.0,0.0,0.37775601684058,0.2270611170161846,0.0,0.0,0.0,1.3596561363021562,0.0,0.4968820576975068,240.7396612348049,0.0,0.0,2.7755575615628914e-17,0.0,0.2675056060744739
4934.0,1.169899067065094,0.590248331,0.110662234,0.0,0.0,0.6246577952410516,0.2814384370509418,0.0,0.0,0.0,1.3596545929156862,0.0,0.2638028347731006,240.24277643089377,0.0,0.0,-5.551115123125783e-17,0.0,0.2675056091260174
4935.0,1.2367434676411193,0.704699299,0.118936655,0.0,0.0,0.7457808642600882,0.3024821122919593,0.0,0.0,0.0,1.3596530495309682,0.0,0.1884804910890719,239.97897085557526,0.0,0.0,0.0,0.0,0.2675056121775609
4936.0,1.2972687425732488,0.755061851,0.12190203,0.0,0.0,0.7990793812448534,0.3100237141113292,0.0,0.0,0.0,1.3596515061480021,0.0,0.18816564721706616,239.79048762695007,0.0,0.0,0.0,0.0,0.2675056152291045
4937.0,1.3510744592978063,0.757568536,0.1309563,0.0,0.0,0.8017321974295447,0.3330507171396363,0.0,0.0,0.0,1.3596499627667882,0.0,0.21629154472862544,239.60231924434697,0.0,-1.1102230246251565e-16,0.0,0.0,0.2675056182806481
4938.0,1.3963040668377478,0.744463251,0.145115771,0.0,0.0,0.7878629190188182,0.36906137085288176,0.0,0.0,0.0,1.3596484193873257,0.0,0.23937977696604779,239.38602496637884,0.0,0.0,0.0,0.0,0.2675056213321917
4939.0,1.429327975912692,0.720482577,0.159243059,0.0,0.0,0.7624842535275398,0.404990176108056,0.0,0.0,0.0,1.3596468760096154,0.0,0.26185354627709617,239.14664245864066,0.0,-1.1102230246251565e-16,0.0,0.0,0.2675056243837354
4940.0,1.4528999634043913,0.694954826,0.170273431,0.0,0.0,0.7354683217245533,0.43304284180582664,0.0,0.0,0.0,1.3596453326336573,0.0,0.2843887998740113,238.88478618432214,0.0,0.0,5.551115123125783e-17,0.0,0.26750562743527906
4941.0,1.4642919486383885,0.662136751,0.184069296,0.0,0.0,0.7007370649011343,0.46812876536820286,0.0,0.0,0.0,1.3596437892594506,0.0,0.29542611836905125,238.6003946593938,0.0,0.0,5.551115123125783e-17,0.0,0.2675056304868228
4942.0,1.456413919751946,0.614989744,0.199441425,0.0,0.0,0.6508415482209957,0.5072234754922137,0.0,0.0,0.0,1.3596422458869963,0.0,0.2983488960387363,238.30496581921463,0.0,0.0,1.1102230246251565e-16,0.0,0.2675056335383666
4943.0,1.427970359627287,0.535630021,0.211444416,0.0,0.0,0.5668554240821364,0.5377497255494511,0.0,0.0,0.0,1.3596407025162938,0.0,0.32336520999569957,238.00661420473583,0.0,-1.1102230246251565e-16,0.0,0.0,0.2675056365899104
4944.0,1.3902997197332123,0.402303091,0.235895682,0.0,0.0,0.42575598886821786,0.5999346809603172,0.0,0.0,0.0,1.3596391591473431,0.0,0.3646090499046773,237.68324627970344,0.0,-5.551115123125783e-17,1.1102230246251565e-16,0.0,0.26750563964145424
4945.0,1.3434705232891742,0.184335653,0.315367655,0.0,0.0,0.19508179276376394,0.8020494138914692,0.0,0.0,0.0,1.3596376157801442,0.0,0.34633931663394085,237.3186345184509,0.0,-2.7755575615628914e-17,1.1102230246251565e-16,0.0,0.2675056426929981
4946.0,1.27570962465297,0.017388888,0.389709686,0.0,0.0,0.018402600853391623,0.9911175743248891,0.0,0.0,0.0,1.3596360724146974,0.0,0.2661894494746892,236.97229249462836,0.0,0.0,1.1102230246251565e-16,0.0,0.267505645744542
4947.0,1.1927622675055802,0.0,0.39804601,0.0,0.0,0.0,1.0123186825305148,0.0,0.0,0.0,1.3596345290510028,0.0,0.1804435849750656,236.70610034191594,0.0,0.0,0.0,0.0,0.26750564879608596
4948.0,1.112050480392832,0.0,0.371084516,0.0,0.0,0.0,0.9437496643782303,0.0,0.0,0.0,1.3596329856890597,0.0,0.16830081601460178,236.52565405673968,0.0,0.0,0.0,0.0,0.2675056518476299
4949.0,1.039651416339929,0.0,0.334421826,0.0,0.0,0.0,0.8505083678788012,0.0,0.0,0.0,1.3596314423288687,0.0,0.1891430484611278,236.35735054258234,0.0,0.0,1.1102230246251565e-16,0.0,0.26750565489917394
4950.0,0.9834002772211563,0.0,0.304173603,0.0,0.0,0.0,0.7735804738992857,0.0,0.0,0.0,1.3596298989704294,0.0,0.2098198033218705,236.16820479789837,0.0,0.0,0.0,0.0,0.267505657950718
4951.0,0.9452820950500317,0.0,0.286142692,0.0,0.0,0.0,0.7277238954893049,0.0,0.0,0.0,1.3596283556137423,0.0,0.2175581995607268,235.95838230051132,0.0,0.0,0.0,0.0,0.2675056610022621
4952.0,0.9246330511381079,0.0,0.274121496,0.0,0.0,0.0,0.6971513461069834,0.0,0.0,0.0,1.3596268122588069,0.0,0.2274817050311245,235.74082140927894,0.0,0.0,1.1102230246251565e-16,0.0,0.2675056640538062
4953.0,0.9300892124870224,0.0,0.246468815,0.0,0.0,0.0,0.6268244871633236,0.0,0.0,0.0,1.3596252689056236,0.0,0.30326472532369875,235.51333701505794,0.0,0.0,0.0,0.0,0.2675056671053504
4954.0,0.9573357576218682,0.0,0.222053046,0.0,0.0,0.0,0.564729808442516,0.0,0.0,0.0,1.359623725554192,0.0,0.3926059491793522,235.2100696031394,0.0,0.0,0.0,0.0,0.2675056701568946
4955.0,0.9909870824249255,0.0,0.179943751,0.0,0.0,0.0,0.457636595683798,0.0,0.0,0.019606598976330224,1.3596221822045125,0.0,0.5137438877647974,234.8174609708247,0.0,0.0,0.0,0.0,0.2972011388354961
4956.0,1.0359618692425274,0.051234789,0.120326126,0.0,0.0,0.05422160242648867,0.30601584310899316,0.0,0.0,0.1619805359422483,1.3400140398802547,0.0,0.5137438877647974,234.3037144044032,0.0,-6.938893903907228e-18,0.0,0.0,0.29720147619780773
4957.0,1.0934635571163103,0.300866059,0.122679165,0.0,0.0,0.31840552392481763,0.3120001395987957,0.0,0.0,0.0,1.1780319828478691,0.0,0.46305789359269695,233.7899678438422,0.0,0.0,5.551115123125783e-17,0.0,0.26750567931152736
4958.0,1.1611495084812382,0.513968131,0.139011091,0.0,0.0,0.5439307197882175,0.35353582491192287,0.0,0.0,0.0,1.1780306456284246,0.0,0.26368296378109796,233.3269072833138,0.0,0.0,0.0,0.0,0.26750568236307165
4959.0,1.231769110178981,0.634996007,0.141263032,0.0,0.0,0.6720141081084928,0.3592630069184865,0.0,0.0,0.0,1.1780293084104978,0.0,0.2004919951520017,233.06322165787935,0.0,-1.1102230246251565e-16,0.0,0.0,0.267505685414616
4960.0,1.294474280029947,0.69321344,0.139076105,0.0,0.0,0.7336254188609727,0.3537011698348026,0.0,0.0,0.0,1.1780279711940889,0.0,0.2071476913341718,232.86272700408193,0.0,-1.1102230246251565e-16,0.0,0.0,0.2675056884661604
4961.0,1.3500616004602723,0.71274098,0.139460972,0.0,0.0,0.7542913478305905,0.35467997139191265,0.0,0.0,0.0,1.178026633979198,0.0,0.24109028123776938,232.6555766563895,0.0,-1.1102230246251565e-16,5.551115123125783e-17,0.0,0.26750569151770487
4962.0,1.393181977651438,0.710537586,0.143492686,0.0,0.0,0.7519595034766124,0.36493350817480835,0.0,0.0,0.0,1.178025296765825,0.0,0.2762889660000173,232.4144837211565,0.0,-1.1102230246251565e-16,0.0,0.0,0.26750569456924933
4963.0,1.4249810341786668,0.697797701,0.148424404,0.0,0.0,0.7384769266394328,0.3774759533769899,0.0,0.0,0.0,1.1780239595539699,0.0,0.3090281541622441,232.1381921039115,0.0,-1.1102230246251565e-16,5.551115123125783e-17,0.0,0.26750569762079385
4964.0,1.4453902468225064,0.679139323,0.152473248,0.0,0.0,0.7187308288495279,0.3877730555231754,0.0,0.0,0.0,1.1780226223436325,0.0,0.3388863624498031,231.82916130165603,0.0,-1.1102230246251565e-16,0.0,0.0,0.26750570067233836
4965.0,1.4521033809782549,0.646473815,0.156680074,0.0,0.0,0.6841610331617719,0.39847194069465375,0.0,0.0,0.0,1.1780212851348133,0.0,0.3694704071218292,231.49027229463826,0.0,-1.1102230246251565e-16,0.0,0.0,0.2675057037238829
4966.0,1.4387691907428977,0.605717776,0.158876124,0.0,0.0,0.6410290561151509,0.4040569795768954,0.0,0.0,0.0,1.178019947927512,0.0,0.3936831550508514,231.12079924681427,0.0,0.0,0.0,0.0,0.2675057067754275
4967.0,1.4057559884209927,0.528291906,0.159415954,0.0,0.0,0.5590895220094285,0.40542988617729175,0.0,0.0,0.0,1.1780186107217285,0.0,0.44123658023427254,230.72711345527603,0.0,-1.1102230246251565e-16,0.0,0.0,0.2675057098269722
4968.0,1.366400105598505,0.401554938,0.176813337,0.0,0.0,0.42496422110041876,0.4496752633336631,0.0,0.0,0.0,1.178017273517463,0.0,0.4917606211644232,230.28587424304527,0.0,0.0,5.551115123125783e-17,0.0,0.2675057128785168
4969.0,1.3254060895609785,0.195209334,0.243796607,0.0,0.0,0.2065893722737423,0.6200284736019579,0.0,0.0,0.0,1.1780159363147151,0.0,0.4987882436852783,229.79411099491776,0.0,0.0,0.0,0.0,0.26750571593006156
4970.0,1.2583604020278112,0.01627158,0.29605501,0.0,0.0,0.01722015760835483,0.7529331035870913,0.0,0.0,0.0,1.1780145991134854,0.0,0.48820714083236516,229.29532012987912,0.0,0.0,0.0,0.0,0.2675057189816063
4971.0,1.1755479499687187,0.0,0.297688102,0.0,0.0,0.0,0.7570864162704445,0.0,0.0,0.0,1.1780132619137735,0.0,0.41846153369827427,228.80711037338332,0.0,0.0,0.0,0.0,0.2675057220331511
4972.0,1.0973736633263251,0.0,0.27727172,0.0,0.0,0.0,0.7051630596507418,0.0,0.0,0.0,1.1780119247155796,0.0,0.39221060367558325,228.38864622959082,0.0,0.0,0.0,0.0,0.26750572508469594
4973.0,1.0274542832773637,0.0,0.254388738,0.0,0.0,0.0,0.6469665959037255,0.0,0.0,0.0,1.1780105875189035,0.0,0.38048768737363814,227.9964330205946,0.0,0.0,0.0,0.0,0.26750572813624074
4974.0,0.9728948111388274,0.0,0.229861608,0.0,0.0,0.0,0.584588701630009,0.0,0.0,0.0,1.1780092503237451,0.0,0.3883061095088183,227.61594273237444,0.0,0.0,1.1102230246251565e-16,0.0,0.2675057311877856
4975.0,0.9342712702242397,0.0,0.205731993,0.0,0.0,0.0,0.5232217755634256,0.0,0.0,0.0,1.1780079131301049,0.0,0.4110494946608141,227.2276340263595,0.0,0.0,0.0,0.0,0.26750573423933055
4976.0,0.9144316568420999,0.0,0.187779519,0.0,0.0,0.0,0.4775646797220597,0.0,0.0,0.0,1.1780065759379825,0.0,0.4368669771200403,226.81658193962215,0.0,0.0,0.0,0.0,0.2675057372908755
4977.0,0.9169284716509046,0.0,0.170103542,0.0,0.0,0.0,0.43261077665673386,0.0,0.0,0.0,1.1780052387473778,0.0,0.48431769499417077,226.37971237511465,0.0,0.0,5.551115123125783e-17,0.0,0.2675057403424205
4978.0,0.9400850371246725,0.0,0.157747956,0.0,0.0,0.0,0.4011877998470619,0.0,0.0,0.025153349512813245,1.1780039015582913,0.0,0.5137438877647974,225.89539209771652,0.0,0.0,5.551115123125783e-17,0.0,0.29720889826555186
4979.0,0.9746571426891243,0.0,0.123729145,0.0,0.0,0.0,0.3146704700218626,0.0,0.0,0.1462427849024643,1.1528492148579093,0.0,0.5137438877647974,225.38164563307262,0.0,0.0,0.0,0.0,0.2972092356366715
4980.0,1.0238204112957672,0.03721431,0.070845982,0.0,0.0,0.039383777327473744,0.18017693773848042,0.0,0.0,0.2905158084650157,1.0066051213217158,0.0,0.5137438877647974,224.86789917428925,0.0,0.0,2.7755575615628914e-17,0.0,0.29720957300817413
4981.0,1.0851272791997781,0.274869867,0.058543137,0.0,0.0,0.29089384260947804,0.14888809290926805,0.0,0.0,0.1316014559162348,0.7160881702290287,0.0,0.5137438877647974,224.35415272136638,0.0,0.0,0.0,0.0,0.2972099103800596
4982.0,1.152145129175043,0.521772657,0.066671893,0.0,0.0,0.5521902230312032,0.16956130996910493,0.0,0.0,0.0,0.5844859014596292,0.0,0.4303935961747348,223.840406274304,0.0,-1.1102230246251565e-16,0.0,0.0,0.26750575560014594
4983.0,1.2163299722960639,0.658928568,0.075231892,0.0,0.0,0.6973418557759944,0.19133127296946895,0.0,0.0,0.0,0.5844852379921478,0.0,0.3276568435506007,223.4100101246922,0.0,-1.1102230246251565e-16,0.0,0.0,0.2675057586516912
4984.0,1.2738616390783573,0.707403805,0.081887588,0.0,0.0,0.7486430337342721,0.20825817397280677,0.0,0.0,0.0,0.5844845745254197,0.0,0.3169604313712783,223.08235073261426,0.0,0.0,0.0,0.0,0.26750576170323637
4985.0,1.3235516799345421,0.721701536,0.086022062,0.0,0.0,0.7637742736791245,0.21877305207103634,0.0,0.0,0.0,0.5844839110594445,0.0,0.3410043541843814,222.76538775645338,0.0,-1.1102230246251565e-16,0.0,0.0,0.26750576475478166
4986.0,1.3616720034562748,0.712649271,0.08724562,0.0,0.0,0.7541942925087284,0.221884829582786,0.0,0.0,0.0,0.5844832475942227,0.0,0.3855928813647606,222.4243808610951,0.0,-1.1102230246251565e-16,0.0,0.0,0.26750576780632696
4987.0,1.3865544975200055,0.69388508,0.086700673,0.0,0.0,0.734336213181873,0.22049890932424865,0.0,0.0,0.0,0.5844825841297537,0.0,0.4317193750138837,222.03878544244648,0.0,0.0,2.7755575615628914e-17,0.0,0.2675057708578723
4988.0,1.403621061864922,0.674312445,0.086309207,0.0,0.0,0.7136225603275834,0.21950332505655182,0.0,0.0,0.0,0.5844819206660381,0.0,0.4704951764807869,221.6070635345473,0.0,-1.1102230246251565e-16,0.0,0.0,0.26750577390941765
4989.0,1.4053576972079245,0.646438544,0.088359419,0.0,0.0,0.6841237059827884,0.22471746578050544,0.0,0.0,0.0,0.5844812572030754,0.0,0.49651652544463076,221.13656583010612,0.0,0.0,0.0,0.0,0.26750577696096306
4990.0,1.385914233688245,0.610888224,0.093619916,0.0,0.0,0.6465009235961087,0.23809606840108122,0.0,0.0,0.0,0.5844805937408659,0.0,0.5013172416910552,220.64004678206823,0.0,0.0,0.0,0.0,0.2675057800125085
4991.0,1.3500808726157434,0.547715333,0.10518042,0.0,0.0,0.5796452685462966,0.2674969765490331,0.0,0.0,0.0,0.5844799302794097,0.0,0.5029386275204136,220.13872702344787,0.0,0.0,0.0,0.0,0.267505783064054
4992.0,1.3077399470458515,0.424266997,0.138875951,0.0,0.0,0.4490003156646992,0.35319213412412376,0.0,0.0,0.0,0.5844792668187064,0.0,0.5055474972570285,219.63578588471694,0.0,-5.551115123125783e-17,5.551115123125783e-17,0.0,0.2675057861155995
4993.0,1.261724463832813,0.2138819,0.201987727,0.0,0.0,0.22635048517564904,0.5136992823617884,0.0,0.0,0.007930808530578117,0.5844786033587562,0.0,0.5137438877647974,219.13023588198666,0.0,0.0,1.1102230246251565e-16,0.0,0.29721395887255764
4994.0,1.2022955604119252,0.016356804,0.246725295,0.0,0.0,0.01731034987683856,0.6274767722991436,0.0,0.0,0.04376455047114588,0.5765471313689811,0.0,0.5137438877647974,218.6164894945156,0.0,-3.469446951953614e-18,0.0,0.0,0.2972142962494217
4995.0,1.1312219923853088,0.0,0.24735138,0.0,0.0,0.0,0.629069044364255,0.0,0.0,0.0,0.5327819264418899,0.0,0.5021529480210538,218.10274311290507,0.0,0.0,1.1102230246251565e-16,0.0,0.2675057952702362
4996.0,1.0594139411001846,0.0,0.234579277,0.0,0.0,0.0,0.5965867730758077,0.0,0.0,0.0,0.5327813216651418,0.0,0.4628271680243769,217.60058767689875,0.0,0.0,0.0,0.0,0.2675057983217819
4997.0,0.9950834861378272,0.0,0.21846277,0.0,0.0,0.0,0.5555989457308387,0.0,0.0,0.0,0.5327807168890801,0.0,0.43948454040698853,217.13775802661743,0.0,0.0,0.0,0.0,0.2675058013733276
4998.0,0.944425554806874,0.0,0.197829837,0.0,0.0,0.0,0.503124852217628,0.0,0.0,0.0,0.532780112113705,0.0,0.4413007025892459,216.6982710092332,0.0,0.0,0.0,0.0,0.2675058044248733
4999.0,0.9066392819799729,0.0,0.178463119,0.0,0.0,0.0,0.4538710223633857,0.0,0.0,0.0,0.5327795073390164,0.0,0.4527682596165872,216.25696783468007,0.0,0.0,5.551115123125783e-17,0.0,0.26750580747641906
5000.0,0.8822064715439001,0.0,0.165419898,0.0,0.0,0.0,0.42069923828075084,0.0,0.0,0.0,0.5327789025650141,0.0,0.4615072332631492,215.80419710813376,0.0,0.0,0.0,0.0,0.26750581052796485
5001.0,0.8718359105498685,0.0,0.147153898,0.0,0.0,0.0,0.3742447767598267,0.0,0.0,0.0,0.5327782977916985,0.0,0.49759113379004183,215.34268741310578,0.0,0.0,0.0,0.0,0.26750581357951064
5002.0,0.8725361321986499,0.0,0.128917991,0.0,0.0,0.0,0.32786684836660157,0.0,0.0,0.03092539606725101,0.5327776930190693,0.0,0.5137438877647974,214.84509382281556,0.0,0.0,0.0,0.0,0.2972169952781214
5003.0,0.8840330436124338,0.0,0.106679261,0.0,0.0,0.0,0.2713088593674106,0.0,0.0,0.09898029648022588,0.5018516921798757,0.0,0.5137438877647974,214.33134748422685,0.0,0.0,0.0,0.0,0.2972173326584322
5004.0,0.9210141686107667,0.066679937,0.059910618,0.0,0.0,0.07056714986836993,0.15236589831248135,0.0,0.0,0.18433723266511806,0.4028708260327384,0.0,0.5137438877647974,213.81760115149862,0.0,0.0,2.7755575615628914e-17,0.0,0.29721767003912597
5005.0,0.9787257088441234,0.337986011,0.03948834,0.0,0.0,0.3576894425027655,0.1004275468660445,0.0,0.0,0.006864831710516033,0.2185331360568596,0.0,0.5137438877647974,213.30385482463095,0.0,0.0,1.3877787807814457e-17,0.0,0.29721800742020277
5006.0,1.0454116494751644,0.582125265,0.0385532,0.0,0.0,0.61606118220267,0.0980492798592189,0.0,0.0,0.0,0.21166805628282484,0.0,0.3313011874132755,212.7901085036237,0.0,0.0,0.0,0.0,0.26750582883724033
5007.0,1.1105472522660902,0.709229708,0.035560038,0.0,0.0,0.7505753806506482,0.0904370095781014,0.0,0.0,0.0,0.21166781601206408,0.0,0.26953486203734045,212.45880488882855,0.0,0.0,0.0,0.0,0.26750583188878635
5008.0,1.1678647839875944,0.75250052,0.032032124,0.0,0.0,0.7963687333847708,0.08146474716913778,0.0,0.0,0.0,0.2116675757415761,0.0,0.29003130343368605,212.18926760318865,0.0,-1.1102230246251565e-16,-1.3877787807814457e-17,0.0,0.2675058349403324
5009.0,1.2164820081892243,0.760775513,0.030711404,0.0,0.0,0.8051261302489985,0.0781058652891468,0.0,0.0,0.0,0.21166733547136085,0.0,0.33325001265107895,211.8992338792271,0.0,1.1102230246251565e-16,0.0,0.0,0.2675058379918785
5010.0,1.255548808679646,0.757029825,0.03122489,0.0,0.0,0.8011620814158967,0.07941177329465066,0.0,0.0,0.0,0.21166709520141833,0.0,0.3749749539690986,211.5659814493567,0.0,0.0,0.0,0.0,0.2675058410434247
5011.0,1.284287875188194,0.747479871,0.033724436,0.0,0.0,0.7910553976745183,0.08576866935710438,0.0,0.0,0.0,0.21166685493174855,0.0,0.4074638081565714,211.19100408196982,0.0,0.0,1.3877787807814457e-17,0.0,0.2675058440949708
5012.0,1.3032409694186657,0.740746127,0.037678501,0.0,0.0,0.7839290993694787,0.09582472762896099,0.0,0.0,0.0,0.21166661466235154,0.0,0.42348714242022595,210.783537864673,0.0,0.0,0.0,0.0,0.26750584714651704
5013.0,1.3112367725885428,0.728440541,0.04183297,0.0,0.0,0.7709061396825175,0.10639045741656483,0.0,0.0,0.0,0.21166637439322725,0.0,0.4339401754894603,210.36004831776063,0.0,0.0,1.3877787807814457e-17,0.0,0.2675058501980633
5014.0,1.3040953683112155,0.693240798,0.047999576,0.0,0.0,0.7336543717390491,0.12207349481619804,0.0,0.0,0.0,0.21166613412437568,0.0,0.4483675017559685,209.92610574260993,0.0,-1.1102230246251565e-16,0.0,0.0,0.26750585324960957
5015.0,1.2761207639696857,0.616016856,0.060662711,0.0,0.0,0.6519285373469093,0.1542786364778518,0.0,0.0,0.0,0.21166589385579684,0.0,0.46991359014492445,209.4777358461429,0.0,0.0,0.0,0.0,0.26750585630115586
5016.0,1.2406835527596445,0.462350726,0.091142893,0.0,0.0,0.4893041961541092,0.2317964532888539,0.0,0.0,0.005839015551884095,0.21166565358749076,0.0,0.5137438877647974,209.00781986640166,0.0,-5.551115123125783e-17,2.7755575615628914e-17,0.0,0.29722171863732333
5017.0,1.2055611200889638,0.207494339,0.178861143,0.0,0.0,0.21959055115860945,0.45488328506963804,0.0,0.0,0.01734339609591901,0.2058263977675733,0.0,0.5137438877647974,208.49407359440107,0.0,0.0,0.0,0.0,0.2972220560229958
5018.0,1.1506526078013408,0.012813961,0.249370811,0.0,0.0,0.013560971215291453,0.6342049022249613,0.0,0.0,0.0,0.1884827680319354,0.0,0.502886734361088,207.98032732826096,0.0,0.0,1.1102230246251565e-16,0.0,0.267505865455795
5019.0,1.0846176377550993,0.0,0.254427168,0.0,0.0,0.0,0.6470643318588469,0.0,0.0,0.0,0.1884825540794909,0.0,0.43755330589625246,207.47743822138506,0.0,0.0,0.0,0.0,0.2675058685073415
5020.0,1.0171179838930584,0.0,0.239714918,0.0,0.0,0.0,0.60964783938588,0.0,0.0,0.0,0.18848234012728932,0.0,0.4074701445071784,207.0398825487107,0.0,0.0,0.0,0.0,0.267505871558888
5021.0,0.9602351463449569,0.0,0.219982888,0.0,0.0,0.0,0.5594649406469815,0.0,0.0,0.0,0.18848212617533053,0.0,0.4007702056979755,206.63241004241675,0.0,0.0,-1.1102230246251565e-16,0.0,0.26750587461043446
5022.0,0.9122110762617136,0.0,0.200084627,0.0,0.0,0.0,0.5088592798587516,0.0,0.0,0.0,0.18848191222361466,0.0,0.40335179640296204,206.23163747958023,0.0,0.0,1.1102230246251565e-16,0.0,0.26750587766198103
5023.0,0.8768445296217331,0.0,0.185953826,0.0,0.0,0.0,0.47292154027075556,0.0,0.0,0.0,0.18848169827214165,0.0,0.4039229893509775,205.82828333061047,0.0,0.0,0.0,0.0,0.2675058807135276
5024.0,0.8532361391696994,0.0,0.174992045,0.0,0.0,0.0,0.445043316594784,0.0,0.0,0.0,0.18848148432091147,0.0,0.40819282257491546,205.42435799329394,0.0,0.0,0.0,0.0,0.2675058837650742
5025.0,0.8393794593860161,0.0,0.159181665,0.0,0.0,0.0,0.40483403764256737,0.0,0.0,0.0,0.18848127036992418,0.0,0.43454542174344873,205.0161628273612,0.0,0.0,0.0,0.0,0.26750588681662085
5026.0,0.8343515681586805,0.0,0.141777097,0.0,0.0,0.0,0.3605703874485288,0.0,0.0,0.0,0.18848105641917975,0.0,0.47378118071015174,204.58161506691636,0.0,0.0,0.0,0.0,0.2675058898681676
5027.0,0.8399854616080502,0.0,0.122263845,0.0,0.0,0.0,0.31094388935468803,0.0,0.0,0.015297684488564769,0.1884808424686782,0.0,0.5137438877647974,204.10783155246187,0.0,0.0,5.551115123125783e-17,0.0,0.2972254299007841
5028.0,0.8705767963924267,0.070081973,0.076339015,0.0,0.0,0.07416751296213815,0.19414693062864063,0.0,0.0,0.0885184650368505,0.1731829440298547,0.0,0.5137438877647974,203.5940853363574,0.0,0.0,0.0,0.0,0.2972257672906693
5029.0,0.9195366366913197,0.344335892,0.052547536,0.0,0.0,0.3644094999043392,0.13363995889255312,0.0,0.0,0.0,0.08466428240784894,0.0,0.4214871778944274,203.08033912611344,0.0,0.0,2.7755575615628914e-17,0.0,0.26750589902280786
5030.0,0.9808113843362123,0.56394961,0.051385702,0.0,0.0,0.5968259485169995,0.13068515910898248,0.0,0.0,0.0,0.08466418630288206,0.0,0.2533002767102302,202.65884963160033,0.0,0.0,0.0,0.0,0.2675059020743547
5031.0,1.0430840013643836,0.677672617,0.043397929,0.0,0.0,0.7171786188929581,0.11037049287300435,0.0,0.0,0.0,0.08466409019802426,0.0,0.21553488959842115,202.40554704307954,0.0,1.1102230246251565e-16,1.3877787807814457e-17,0.0,0.26750590512590156
5032.0,1.101930457419924,0.729790189,0.039988038,0.0,0.0,0.7723344675569958,0.10169838895041344,0.0,0.0,0.0,0.08466399409327556,0.0,0.22789760091251487,202.19000984456005,0.0,0.0,0.0,0.0,0.2675059081774485
5033.0,1.153359274969719,0.746725222,0.038236591,0.0,0.0,0.7902567552120784,0.09724407343155665,0.0,0.0,0.0,0.08466389798863594,0.0,0.2658584463260839,201.96210993718526,0.0,0.0,1.3877787807814457e-17,0.0,0.2675059112289954
5034.0,1.1967387555844398,0.74151873,0.036911362,0.0,0.0,0.784746742488874,0.09387372417135122,0.0,0.0,0.0,0.08466380188410541,0.0,0.31811828892421445,201.69624918699657,0.0,0.0,0.0,0.0,0.2675059142805424
5035.0,1.232073181965302,0.729989453,0.037045948,0.0,0.0,0.772545347968466,0.0942160060151186,0.0,0.0,0.0,0.08466370577968398,0.0,0.36531182798171746,201.37812859724255,0.0,-1.1102230246251565e-16,0.0,0.0,0.2675059173320894
5036.0,1.2617158984303813,0.717376842,0.040077287,0.0,0.0,0.759197464771329,0.10192536881662832,0.0,0.0,0.0,0.08466360967537165,0.0,0.400593064842424,201.01281447205997,0.0,0.0,1.3877787807814457e-17,0.0,0.26750592038363646
5037.0,1.2818745730530974,0.68708059,0.046900782,0.0,0.0,0.7271350446263625,0.11927901963868669,0.0,0.045595088937338366,0.0,0.0846635135711684,0.0,0.48105559772538664,200.61221911418397,0.0,-1.1102230246251565e-16,1.3877787807814457e-17,0.0,0.26750592343518353
5038.0,1.2843628224594705,0.636442089,0.05726476,0.0,0.0,0.673544491756215,0.14563689860532986,0.0,0.04856245566687174,0.0,0.12569899751067876,0.0,0.5137438877647974,200.13116122799474,0.0,0.0,0.0,0.0,0.2675062270895271
5039.0,1.2649857408086358,0.547475512,0.07266576,0.0,0.0,0.5793914668000746,0.18480503404186507,0.0,0.012954647798101232,0.0,0.16940506492616028,0.0,0.5137438877647974,199.61741505725374,0.0,-1.1102230246251565e-16,2.7755575615628914e-17,0.0,0.2675065307442153
5040.0,1.2371695964120901,0.384110405,0.104724347,0.0,0.0,0.4065027313333435,0.266337082449108,0.0,0.0,0.05058589486484126,0.18106405564768005,0.0,0.5137438877647974,199.10366889237326,0.0,-5.551115123125783e-17,0.0,0.0,0.29722981599916476
5041.0,1.2089123337903183,0.143451463,0.179742716,0.0,0.0,0.15181419395099194,0.45712531939605794,0.0,0.0,0.08622893267847115,0.13047795525159728,0.0,0.5137438877647974,198.58992273335326,0.0,0.0,0.0,0.0,0.29723015339402875
5042.0,1.158639845568786,0.00574438,0.233785442,0.0,0.0,0.006079257758759833,0.594567875809769,0.0,0.0,0.044248824235459956,0.04424887446368482,0.0,0.5137438877647974,198.07617658019376,0.0,0.0,0.0,0.0,0.29723049078927577
5043.0,1.0915791685813634,0.0,0.246187904,0.0,0.0,0.0,0.6261100686129949,0.0,0.0,0.0,0.0,0.0,0.46546909996836855,197.56243043289479,0.0,0.0,0.0,0.0,0.26750594174446674
5044.0,1.02344139223817,0.0,0.23847474,0.0,0.0,0.0,0.60649379355318,0.0,0.026637489667407612,0.0,0.0,0.0,0.4435850883523976,197.0969590792527,0.0,0.0,0.0,0.0,0.26750594479601403
5045.0,0.9656955903950871,0.0,0.225017581,0.0,0.0,0.0,0.5722692739568558,0.0,0.12031757132656601,0.0,0.02397374070066685,0.0,0.5137438877647974,196.65337174253648,0.0,0.0,1.1102230246251565e-16,0.0,0.26750624845038184
5046.0,0.9190484087527199,0.0,0.20893569,0.0,0.0,0.0,0.531369482724884,0.0,0.1260649617369616,0.0,0.13225952768126398,0.0,0.5137438877647974,196.139625611468,0.0,0.0,1.1102230246251565e-16,0.0,0.2675065521050944
5047.0,0.8881808397399249,0.0,0.190192282,0.0,0.0,0.0,0.48370086749949365,0.0,0.10926391552436605,0.0,0.24571784311277176,0.0,0.5137438877647974,195.62587948626003,0.0,0.0,0.0,0.0,0.26750685576015154
5048.0,0.8757781370190018,0.0,0.171524787,0.0,0.0,0.0,0.43622531575474693,0.0,0.07419106650054261,0.0,0.344055088163006,0.0,0.5137438877647974,195.11213336691256,0.0,0.0,5.551115123125783e-17,0.0,0.26750715941555336
5049.0,0.880003021768377,0.0,0.153566586,0.0,0.0,0.0,0.39055365489087307,0.0,0.024294520887293412,0.0,0.4108266574662421,0.0,0.5137438877647974,194.5983872534256,0.0,0.0,-5.551115123125783e-17,0.0,0.26750746307129997
5050.0,0.9120997260301031,0.0,0.141219797,0.0,0.0,0.0,0.35915305078994947,0.0,0.0,0.03920278747535631,0.43269125992314245,0.0,0.5137438877647974,194.0846411457992,0.0,0.0,5.551115123125783e-17,0.0,0.2972308519193235
5051.0,0.9527318538148956,0.0,0.129676962,0.0,0.0,0.0,0.32979707880101505,0.0,0.0,0.1091908872490831,0.3934879812869563,0.0,0.5137438877647974,193.57089504403325,0.0,0.0,0.0,0.0,0.29723118931536346
5052.0,0.9995417781034628,0.039725508,0.08899941,0.0,0.0,0.042041369604670274,0.22634510386674422,0.0,0.0,0.2174114168672509,0.284296647377861,0.0,0.5137438877647974,193.0571489481278,0.0,0.0,2.7755575615628914e-17,0.0,0.2972315267117864
5053.0,1.0505915765956606,0.281290679,0.067738486,0.0,0.0,0.2976889660463917,0.1722738909105802,0.0,0.0,0.06688483187389135,0.06688490779695674,0.0,0.5137438877647974,192.54340285808289,0.0,0.0,0.0,0.0,0.29723186410859226
5054.0,1.1072624204335806,0.476190332,0.06738109,0.0,0.0,0.5039506039742184,0.1713649541576112,0.0,0.0,0.0,0.0,0.0,0.431946862301751,192.02965677389847,0.0,0.0,0.0,0.0,0.2675059753114892
5055.0,1.1593464912693912,0.596214074,0.06642302,0.0,0.0,0.6309713207075976,0.1689283711099077,0.0,0.0,0.0,0.0,0.0,0.3594467994518858,191.59770772103764,0.0,-1.1102230246251565e-16,0.0,0.0,0.26750597836303686
5056.0,1.2070193798529398,0.659686548,0.067590879,0.0,0.0,0.6981440234243715,0.1718984937956279,0.0,0.0,0.0,0.0,0.0,0.33697686263294047,191.23825873595402,0.0,0.0,0.0,0.0,0.2675059814145846
5057.0,1.2487136175392477,0.68635455,0.068750892,0.0,0.0,0.7263666789710315,0.17484866237507996,0.0,0.0,0.0,0.0,0.0,0.34749827619313634,190.90127969178977,0.0,0.0,0.0,0.0,0.2675059844661324
5058.0,1.2813306699986922,0.694223855,0.070017023,0.0,0.0,0.734694737608743,0.17806871240354538,0.0,0.0,0.0,0.0,0.0,0.36856721998640374,190.55377923790937,0.0,-1.1102230246251565e-16,0.0,0.0,0.2675059875176802
5059.0,1.3051339233560442,0.686720522,0.073481803,0.0,0.0,0.7267539858902271,0.18688041114374396,0.0,0.0,0.0,0.0,0.0,0.39149952632207313,190.1852098441998,0.0,0.0,2.7755575615628914e-17,0.0,0.2675059905692281
5060.0,1.3236608888155448,0.673652296,0.079548794,0.0,0.0,0.7129239268927849,0.20231010565580426,0.0,0.0530811486910462,0.0,0.0,0.0,0.4615080049580017,189.79370814835895,0.0,-1.1102230246251565e-16,0.0,0.0,0.26750599362077593
5061.0,1.332052841847882,0.644776027,0.087188216,0.0,0.0,0.6823642699128696,0.22173883856618973,0.0,0.08579415439597461,0.0,0.047773033821941584,0.0,0.5137438877647974,189.33219797834818,0.0,0.0,0.0,0.0,0.26750629727519915
5062.0,1.3249050135187312,0.599238024,0.096387556,0.0,0.0,0.6341715566772935,0.24513478655961457,0.0,0.06814521748297425,0.0,0.12498771854971484,0.0,0.5137438877647974,188.81845193079528,0.0,0.0,0.0,0.0,0.2675066009299671
5063.0,1.3036863703451078,0.504391071,0.107218163,0.0,0.0,0.533795349859503,0.27267940585939293,0.0,0.016532273138585428,0.0,0.1863182724070827,0.0,0.5137438877647974,188.30470588910288,0.0,0.0,5.551115123125783e-17,0.0,0.26750690458507964
5064.0,1.2798210178201268,0.360670543,0.131434914,0.0,0.0,0.3816964053368461,0.3342679379677528,0.0,0.0,0.05011278675073042,0.20119710673634905,0.0,0.5137438877647974,187.79095985327098,0.0,0.0,5.551115123125783e-17,0.0,0.29723023137837434
5065.0,1.2483324571310426,0.143061695,0.189634416,0.0,0.0,0.15140170380616927,0.4822820913782393,0.0,0.0,0.10090477418183652,0.15108409160074684,0.0,0.5137438877647974,187.27721382329958,0.0,2.7755575615628914e-17,5.551115123125783e-17,0.0,0.2972305687737099
5066.0,1.187366063973687,0.006959321,0.242243296,0.0,0.0,0.007365025674650745,0.6160780615752673,0.0,0.0,0.050179088958971524,0.050179145918825434,0.0,0.5137438877647974,186.76346779918865,0.0,-8.673617379884035e-19,1.1102230246251565e-16,0.0,0.29723090616942843
5067.0,1.1106671679001323,0.0,0.280879919,0.0,0.0,0.0,0.7143395044993861,0.0,0.0,0.0,0.0,0.0,0.39632766340074627,186.24972178093827,0.0,0.0,0.0,0.0,0.26750601498161203
5068.0,1.0397028087545186,0.0,0.29757746,0.0,0.0,0.0,0.7568050292929125,0.0,0.0,0.0,0.0,0.0,0.282897779461606,185.85339199291246,0.0,0.0,1.1102230246251565e-16,0.0,0.2675060180331602
5069.0,0.9761796429713371,0.0,0.302962525,0.0,0.0,0.0,0.7705004357765528,0.0,0.0,0.0,0.0,0.0,0.20567920719478422,185.57049209334687,0.0,0.0,1.1102230246251565e-16,0.0,0.2675060210847084
5070.0,0.9295046237710672,0.0,0.302318564,0.0,0.0,0.0,0.7688627011058271,0.0,0.0,0.0,0.0,0.0,0.16064192266524005,185.36481076927524,0.0,0.0,1.1102230246251565e-16,0.0,0.2675060241362566
5071.0,0.8972494595643569,0.0,0.297907496,0.0,0.0,0.0,0.7576443835391908,0.0,0.0,0.0,0.0,0.0,0.139605076025166,185.20416673207947,0.0,0.0,0.0,0.0,0.26750602718780486
5072.0,0.8859988034704808,0.0,0.29625506,0.0,0.0,0.0,0.7534418748028616,0.0,0.0,0.0,0.0,0.0,0.1325569286676191,185.06455954335627,0.0,0.0,0.0,0.0,0.26750603023935315
5073.0,0.894433583514976,0.0,0.284491889,0.0,0.0,0.0,0.7235255398316829,0.0,0.0,0.0,0.0,0.0,0.17090804368329324,184.9320005035832,0.0,0.0,0.0,0.0,0.2675060332909015
5074.0,0.9253418381893209,0.0,0.27511542,0.0,0.0,0.0,0.6996791137743831,0.0,0.0,0.0,0.0,0.0,0.22566272441493787,184.7610903503066,0.0,0.0,0.0,0.0,0.2675060363424499
5075.0,0.9614835537493592,0.0,0.256368335,0.0,0.0,0.0,0.6520011471280459,0.0,0.06473087507790858,0.0,0.0,0.0,0.37421328169922186,184.535425518248,0.0,0.0,1.1102230246251565e-16,0.0,0.26750603939399825
5076.0,1.0019979072507175,0.05030467,0.148142511,0.0,0.0,0.053237260661612405,0.37675903738435235,0.0,0.0,0.058257721439955314,0.058257787570117715,0.0,0.5137438877647974,184.16121013147935,0.0,-6.938893903907228e-18,0.0,0.0,0.29722927005385935
5077.0,1.0498057009225634,0.288412746,0.091544672,0.0,0.0,0.305226225257683,0.23281826578723422,0.0,0.0,0.0,0.0,0.0,0.5117612098776463,183.64746414291398,0.0,0.0,2.7755575615628914e-17,0.0,0.26750604549709517
5078.0,1.101645657789074,0.488765344,0.088753977,0.0,0.0,0.5172586962779131,0.2257209136852888,0.0,0.0,0.0,0.0,0.0,0.358666047825872,183.13570083809623,0.0,0.0,2.7755575615628914e-17,0.0,0.2675060485486437
5079.0,1.1515155720963222,0.626510739,0.091074911,0.0,0.0,0.6630341779290553,0.23162356008820156,0.0,0.0,0.0,0.0,0.0,0.2568578340790654,182.77703270116817,0.0,0.0,0.0,0.0,0.26750605160019225
5080.0,1.1977194941628553,0.701436631,0.081410007,0.0,0.0,0.7423279938453076,0.20704358029123313,0.0,0.0,0.0,0.0,0.0,0.24834792002631448,182.52017278207836,0.0,0.0,2.7755575615628914e-17,0.0,0.2675060546517408
5081.0,1.240148215107671,0.727599343,0.07306031,0.0,0.0,0.7700159027086138,0.18580846160088627,0.0,0.0,0.0,0.0,0.0,0.2843238507981711,182.27182277997144,0.0,0.0,0.0,0.0,0.26750605770328945
5082.0,1.2726282211282103,0.735242361,0.069544661,0.0,0.0,0.778104482586136,0.17686739178858057,0.0,0.0,0.0,0.0,0.0,0.3176563467534936,181.98749684992566,0.0,0.0,0.0,0.0,0.26750606075483807
5083.0,1.29514238141961,0.730767345,0.071222586,0.0,0.0,0.7733685884185193,0.1811347246664683,0.0,0.0,0.0,0.0,0.0,0.3406390683346223,181.669838427168,0.0,-1.1102230246251565e-16,0.0,0.0,0.2675060638063867
5084.0,1.3151918471613233,0.729778897,0.076395402,0.0,0.0,0.772322517271915,0.1942903351902185,0.0,0.0,0.0,0.0,0.0,0.34857899469918974,181.32919728645285,0.0,-1.1102230246251565e-16,-2.7755575615628914e-17,0.0,0.26750606685793543
5085.0,1.3248964481162997,0.712792491,0.081969264,0.0,0.0,0.754345861746176,0.2084658940318883,0.0,0.0,0.0,0.0,0.0,0.36208469233823554,180.98061622325898,0.0,0.0,0.0,0.0,0.26750606990948417
5086.0,1.3169927230225622,0.675944564,0.088725403,0.0,0.0,0.7153498262977959,0.2256482437091857,0.0,0.0,0.0,0.0,0.0,0.3759946530155806,180.61852946640244,0.0,0.0,0.0,0.0,0.267506072961033
5087.0,1.2971488269392066,0.592345798,0.102667588,0.0,0.0,0.6268775374122681,0.2611062912620219,0.0,0.0,0.0,0.0,0.0,0.4091649982649165,180.24253275299904,0.0,0.0,0.0,0.0,0.2675060760125818
5088.0,1.2752556583240964,0.435102201,0.138953707,0.0,0.0,0.4604671750968304,0.3533898847597321,0.0,0.0,0.0,0.0,0.0,0.46139859846753395,179.83336569863548,0.0,0.0,0.0,0.0,0.26750607906413065
5089.0,1.241769217517847,0.168116308,0.230717652,0.0,0.0,0.17791691527772496,0.5867658100860595,0.0,0.0,0.0,0.0,0.0,0.4770864921540624,179.37196504873677,0.0,0.0,0.0,0.0,0.26750608211567956
5090.0,1.1854281416735426,0.009980897,0.311529709,0.0,0.0,0.01056274924824485,0.792288671814584,0.0,0.0,0.0,0.0,0.0,0.3825767206107136,178.89487651041497,0.0,0.0,1.1102230246251565e-16,0.0,0.26750608516722846
5091.0,1.111221777707577,0.0,0.332062731,0.0,0.0,0.0,0.8445086696470208,0.0,0.0,0.0,0.0,0.0,0.2667131080605562,178.51229774907884,0.0,0.0,0.0,0.0,0.2675060882187774
5092.0,1.0386085785938846,0.0,0.321268432,0.0,0.0,0.0,0.8170563895889429,0.0,0.0,0.0,0.0,0.0,0.22155218900494164,178.2455826046571,0.0,0.0,0.0,0.0,0.26750609127032643
5093.0,0.9780019323386551,0.0,0.302803234,0.0,0.0,0.0,0.7700953236759216,0.0,0.0,0.0,0.0,0.0,0.2079066086627334,178.02402838233346,0.0,0.0,1.1102230246251565e-16,0.0,0.26750609432187544
5094.0,0.931470383629114,0.0,0.289680217,0.0,0.0,0.0,0.7367206007883199,0.0,0.0,0.0,0.0,0.0,0.194749782840794,177.81611974287944,0.0,0.0,1.1102230246251565e-16,0.0,0.26750609737342446
5095.0,0.9002687639214877,0.0,0.27770881,0.0,0.0,0.0,0.7062746758002096,0.0,0.0,0.0,0.0,0.0,0.19399408812127805,177.62136793161903,0.0,0.0,0.0,0.0,0.2675061004249736
5096.0,0.8857118624890229,0.0,0.264908406,0.0,0.0,0.0,0.673720428834794,0.0,0.0,0.0,0.0,0.0,0.211991433654229,177.42737181729976,0.0,0.0,0.0,0.0,0.26750610347652276
5097.0,0.8945899021093523,0.0,0.248493474,0.0,0.0,0.0,0.6319736409796212,0.0,0.0,0.0,0.0,0.0,0.26261626112973113,177.21537835966052,0.0,0.0,0.0,0.0,0.2675061065280719
5098.0,0.9274061001753309,0.0,0.234312272,0.0,0.0,0.0,0.5959077205466062,0.0,0.0029616064962786777,0.0,0.0,0.0,0.3344599861250035,176.9527600769641,0.0,0.0,0.0,0.0,0.2675061095796211
5099.0,0.9669397150982736,0.0,0.214392833,0.0,0.0,0.0,0.5452481994394182,0.0,0.09205237210594201,0.0,0.0026654458466508105,0.0,0.5137438877647974,176.61829807226815,0.0,0.0,1.1102230246251565e-16,0.0,0.26750641323417595
5100.0,1.0088138262356448,0.054249946,0.138464186,0.0,0.0,0.057412532794279277,0.3521449250280894,0.0,0.0,0.08551248064847874,0.08551257771637108,0.0,0.5137438877647974,176.1045521697478,0.0,-6.938893903907228e-18,0.0,0.0,0.2972296854323061
5101.0,1.0570070630169115,0.319988348,0.09165879,0.0,0.0,0.33864257714352836,0.23310849299843783,0.0,0.0,0.0,0.0,0.0,0.4852559928749453,175.5908062730879,0.0,0.0,2.7755575615628914e-17,0.0,0.26750611873426894
5102.0,1.1136522106475368,0.543482807,0.096378401,0.0,0.0,0.5751660007184975,0.24511150337800808,0.0,0.0,0.0,0.0,0.0,0.29337470655103126,175.1055482771784,0.0,-1.1102230246251565e-16,2.7755575615628914e-17,0.0,0.26750612178581823
5103.0,1.1687106174777127,0.67748531,0.093773287,0.0,0.0,0.7169803925338002,0.23848612463769162,0.0,0.0,0.0,0.0,0.0,0.21324410030622087,174.81217157312835,0.0,-1.1102230246251565e-16,0.0,0.0,0.26750612483736763
5104.0,1.220676914030089,0.730800333,0.086872577,0.0,0.0,0.7734034995063906,0.22093609906219308,0.0,0.0,0.0,0.0,0.0,0.22633731546150543,174.59892547866974,0.0,-1.1102230246251565e-16,2.7755575615628914e-17,0.0,0.26750612788891703
5105.0,1.2699750877250293,0.73935862,0.082919195,0.0,0.0,0.7824607054444453,0.21088177780978345,0.0,0.0,0.0,0.0,0.0,0.27663260447080046,174.37258617148848,0.0,0.0,0.0,0.0,0.26750613094046644
5106.0,1.3106757387292745,0.73325776,0.082731401,0.0,0.0,0.7760041861177108,0.2104041763016886,0.0,0.0,0.0,0.0,0.0,0.324267376309875,174.09595157787982,0.0,0.0,2.7755575615628914e-17,0.0,0.26750613399201595
5107.0,1.3447146479923606,0.719968619,0.084158319,0.0,0.0,0.7619403335293542,0.21403314308831478,0.0,0.0,0.0,0.0,0.0,0.36874117137469153,173.7716822155878,0.0,0.0,2.7755575615628914e-17,0.0,0.2675061370435655
5108.0,1.3699718784124728,0.703919759,0.085309104,0.0,0.0,0.7449558797372566,0.2169598428310804,0.0,0.007160892732507955,0.0,0.0,0.0,0.4152170485766438,173.40293906193,0.0,0.0,0.0,0.0,0.267506140095115
5109.0,1.3815373130457094,0.679865209,0.085741833,0.0,0.0,0.7194990315271841,0.21806036799693435,0.0,0.06976597424320632,0.0,0.006444803459257159,0.0,0.5137438877647974,172.98772003527665,0.0,0.0,2.7755575615628914e-17,0.0,0.2675064437497045
5110.0,1.3714130073715856,0.629319174,0.08701361,0.0,0.0,0.6660063351094165,0.22129477704706554,0.0,0.029631992549693915,0.0,0.06923417296245311,0.0,0.5137438877647974,172.47397417417173,0.0,-1.1102230246251565e-16,2.7755575615628914e-17,0.0,0.2675067474046387
5111.0,1.346652570292505,0.536595436,0.092816877,0.0,0.0,0.5678771194834109,0.23605376333564265,0.0,0.0,0.02897779970865403,0.09590288766739088,0.0,0.5137438877647974,171.9602283189273,0.0,0.0,-2.7755575615628914e-17,0.0,0.2972300567332417
5112.0,1.3181362042471778,0.386528907,0.129129668,0.0,0.0,0.40906222374994483,0.3284051896044951,0.0,0.0,0.06692490312794046,0.06692497909649198,0.0,0.5137438877647974,171.4464824695434,0.0,-5.551115123125783e-17,5.551115123125783e-17,0.0,0.29723039412837904
5113.0,1.2800886866461136,0.16462404,0.237772909,0.0,0.0,0.17422105996615633,0.6047088827252104,0.0,0.0,0.0,0.0,0.0,0.5011587439547467,170.93273662602,0.0,0.0,1.1102230246251565e-16,0.0,0.26750615535286326
5114.0,1.2185355634221948,0.016177639,0.339913483,0.0,0.0,0.017120740168506555,0.8644748612978649,0.0,0.0,0.0,0.0,0.0,0.33693996195582343,170.43157593216716,0.0,-3.469446951953614e-18,0.0,0.0,0.26750615840441305
5115.0,1.143100064207298,0.0,0.375420976,0.0,0.0,0.0,0.9547782373666803,0.0,0.0,0.0,0.0,0.0,0.18832182684061755,170.09463402603015,0.0,0.0,0.0,0.0,0.26750616145596284
5116.0,1.0681035418670193,0.0,0.384559509,0.0,0.0,0.0,0.9780195397649173,0.0,0.0,0.0,0.0,0.0,0.09008400210210206,169.90631025885205,0.0,0.0,0.0,0.0,0.2675061645075127
5117.0,1.001603898738865,0.0,0.379825733,0.0,0.0,0.0,0.9659805046701688,0.0,0.0,0.0,0.0,0.0,0.03562339406869611,169.81622431856064,0.0,0.0,0.0,0.0,0.26750616755906254
5118.0,0.9514727396574538,0.0,0.360472986,0.0,0.0,0.0,0.9167622061463716,0.0,0.0,0.0,0.0,0.0,0.03471053351108231,169.78059898733036,0.0,0.0,0.0,0.0,0.26750617061061244
5119.0,0.9156950537007575,0.0,0.337090328,0.0,0.0,0.0,0.8572949562658324,0.0,0.0,0.0,0.0,0.0,0.05840009743492522,169.74588651706406,0.0,0.0,0.0,0.0,0.26750617366216234
5120.0,0.9005899665126719,0.0,0.316395152,0.0,0.0,0.0,0.8046625650931206,0.0,0.0,0.0,0.0,0.0,0.09592740141955121,169.68748448326994,0.0,0.0,1.1102230246251565e-16,0.0,0.2675061767137123
5121.0,0.9093737867062538,0.0,0.290946385,0.0,0.0,0.0,0.7399407449159354,0.0,0.0,0.0,0.0,0.0,0.16943304179031837,169.59155514615733,0.0,0.0,0.0,0.0,0.2675061797652623
5122.0,0.9421128961503483,0.0,0.271812519,0.0,0.0,0.0,0.6912791089888841,0.0,0.0,0.0,0.0,0.0,0.2508337871614641,169.4221201697683,0.0,0.0,1.1102230246251565e-16,0.0,0.2675061828168123
5123.0,0.9790597595389549,0.0,0.243826051,0.0,0.0,0.0,0.6201033561796991,0.0,0.04041418491689637,0.0,0.0,0.0,0.39937058827615207,169.17128444994097,0.0,0.0,0.0,0.0,0.26750618586836244
5124.0,1.0194092290435053,0.037462776,0.1693931,0.0,0.0,0.039646728047706054,0.4308039661589868,0.0,0.0,0.03521464707201505,0.03637276642520673,0.0,0.5137438877647974,168.7719119318603,0.0,0.0,0.0,0.0,0.29722943280333763
5125.0,1.07185518813205,0.262713317,0.109673794,0.0,0.0,0.27802860721292494,0.2789246164035235,0.0,0.0,0.0011580767508041778,0.001158078065373332,0.0,0.5137438877647974,168.2581661188468,0.0,-5.551115123125783e-17,0.0,0.0,0.2972297701977667
5126.0,1.1343076786112845,0.487626521,0.102201905,0.0,0.0,0.5160534837817684,0.2599219568152657,0.0,0.0,0.0,0.0,0.0,0.35833223801425035,167.74442031169377,0.0,0.0,0.0,0.0,0.26750619502301287
5127.0,1.1952076898997954,0.622460339,0.106144788,0.0,0.0,0.6587476534257876,0.2699495767980209,0.0,0.0,0.0,0.0,0.0,0.2665104596759869,167.38608616015185,0.0,0.0,0.0,0.0,0.26750619807456305
5128.0,1.2508399786928868,0.683916666,0.101536971,0.0,0.0,0.7237866746499462,0.25823088318573795,0.0,0.0,0.0,0.0,0.0,0.26882242085720265,167.1195737910358,0.0,-1.1102230246251565e-16,0.0,0.0,0.2675062011261133
5129.0,1.3010139647864558,0.700602984,0.097396239,0.0,0.0,0.7414457480689459,0.24770008961503504,0.0,0.0,0.0,0.0,0.0,0.3118681271024749,166.85074946377878,0.0,-1.1102230246251565e-16,0.0,0.0,0.26750620417766363
5130.0,1.339669625960162,0.692044233,0.097834169,0.0,0.0,0.7323880510812738,0.24881384206953294,0.0,0.0,0.0,0.0,0.0,0.3584677328093552,166.53887943334306,0.0,0.0,0.0,0.0,0.2675062072292139
5131.0,1.3675799897834549,0.660533645,0.101440059,0.0,0.0,0.6990405032898526,0.25798441462256505,0.0,0.014536272836137338,0.0,0.0,0.0,0.4250913447071745,166.18040980075807,0.0,0.0,0.0,0.0,0.26750621028076427
5132.0,1.3876230314733446,0.62273863,0.104571307,0.0,0.0,0.6590421678417807,0.2659478680184082,0.0,0.051110892151641635,0.0,0.013082645552523604,0.0,0.5137438877647974,165.7553165603645,0.0,1.1102230246251565e-16,0.0,0.0,0.2675065139354334
5133.0,1.3958222629509716,0.579921824,0.109130228,0.0,0.0,0.6137292881087523,0.2775422083321842,0.0,0.009193121254762212,0.0,0.05908243363849764,0.0,0.5137438877647974,165.2415707817625,0.0,0.0,5.551115123125783e-17,0.0,0.26750681759044725
5134.0,1.3820876401519382,0.520052109,0.115298302,0.0,0.0,0.55036937295194,0.29322897917917934,0.0,0.0,0.024745400256021653,0.06735617570154073,0.0,0.5137438877647974,164.727825009021,0.0,-1.1102230246251565e-16,0.0,0.0,0.297230134717562
5135.0,1.355271506489279,0.436888197,0.132336032,0.0,0.0,0.46235728857123737,0.3365596795344238,0.0,0.0,0.04261065061882062,0.04261069898750336,0.0,0.5137438877647974,164.21407924214,0.0,-5.551115123125783e-17,0.0,0.0,0.2972304721127878
5136.0,1.3238086420074895,0.308818535,0.197433639,0.0,0.0,0.32682160214811606,0.5021172334315956,0.0,0.0,0.0,0.0,0.0,0.4948698064277778,163.7003334811195,0.0,0.0,0.0,0.0,0.2675062255385165
5137.0,1.2825062714824262,0.128094633,0.352506205,0.0,0.0,0.13556211314724015,0.8965009271903808,0.0,0.0,0.0,0.0,0.0,0.2504432311448054,163.20546180729656,0.0,0.0,0.0,0.0,0.26750622859006706
5138.0,1.217681164529645,0.008723917,0.447764907,0.0,0.0,0.009232491602057455,1.138764789371054,0.0,0.0,0.0,0.0,0.0,0.06968388355653361,162.95501671440175,0.0,0.0,0.0,0.0,0.2675062316416177
5139.0,1.1443784505202108,0.0,0.47630725,0.0,0.0,0.0,1.2113542547499283,0.0,0.06697580422971763,0.0,0.0,0.0,0.0,162.88533097195216,0.0,0.0,0.0,0.0,0.24075290581228723
5140.0,1.071548974995121,0.0,0.472174542,0.0,0.0,0.0,1.2008438679787021,0.0,0.12929489298358118,0.0,0.06027822380674587,0.0,0.0,162.88532911385403,0.0,0.0,0.0,0.0,0.24075317909844338
5141.0,1.006582538902219,0.0,0.457460603,0.0,0.0,0.0,1.163423080006693,0.0,0.15684054110447382,0.0,0.17664355906834875,0.0,0.0,162.8853272557559,0.0,0.0,0.0,0.0,0.24075345238490978
5142.0,0.9576248399539339,0.0,0.438698347,0.0,0.0,0.0,1.115706530165582,0.0,0.1580816902116482,0.0,0.317799845548972,0.0,0.0,162.88532539765785,0.0,0.0,2.220446049250313e-16,0.0,0.24075372567168643
5143.0,0.9222090422499717,0.0,0.417400331,0.0,0.0,0.0,1.061540984083023,0.0,0.1393319418330512,0.0,0.4600730059953167,0.0,0.0,162.88532353955978,0.0,0.0,0.0,0.0,0.24075399895877328
5144.0,0.9052538281366654,0.0,0.400481156,0.0,0.0,0.0,1.0185117952073368,0.0,0.1132579670706714,0.0,0.5854712314023914,0.0,0.0,162.88532168146173,0.0,0.0,0.0,0.0,0.24075427224617033
5145.0,0.912161825197732,0.0,0.376964892,0.0,0.0,0.0,0.9587047558388986,0.0,0.04654293064116646,0.0,0.6874027371800369,0.0,0.0,162.88531982336372,0.0,0.0,0.0,0.0,0.2407545455338776
5146.0,0.9405347207523302,0.0,0.353551907,0.0,0.0,0.0,0.8991603777171163,0.0,0.0,0.04137434303521388,0.7292905944656177,0.0,0.0,162.8853179652657,0.0,0.0,0.0,0.0,0.2675053542465501
5147.0,0.9766742949617606,0.0,0.318703484,0.0,0.0,0.0,0.8105331618341431,0.0,0.0,0.1661411331276175,0.6879154235907713,0.0,0.0,162.8853161071677,0.0,0.0,0.0,0.0,0.26750565790024755
5148.0,1.0208610647556575,0.026651252,0.211377954,0.0,0.0,0.02820492907879763,0.537580698043615,0.0,0.0,0.2932786472456189,0.521773509589719,0.0,0.16179679038762595,162.88531424906975,0.0,-3.469446951953614e-18,0.0,0.0,0.26750626215712553
5149.0,1.0746646401296072,0.234929011,0.147693295,0.0,0.0,0.24862457095100327,0.37561658214584454,0.0,0.0,0.22849401069263536,0.22849427006333614,0.0,0.221929476340124,162.7235156005842,0.0,0.0,0.0,0.0,0.26750626520867654
5150.0,1.1415283128611036,0.470641061,0.181194852,0.0,0.0,0.49807782940460243,0.46081842111154836,0.0,0.0,0.0,0.0,0.0,0.18263206234495272,162.50158426799183,0.0,0.0,0.0,0.0,0.2675062682602275
5151.0,1.2067153080666189,0.61448479,0.207876326,0.0,0.0,0.6503071571252957,0.528675286722768,0.0,0.0,0.0,0.0,0.0,0.027732864218555066,162.3189503519263,0.0,0.0,0.0,0.0,0.26750627131177857
5152.0,1.264497512870036,0.682381703,0.204948538,0.0,0.0,0.7221622285431148,0.5212292769238288,0.0,0.0,0.0,0.0,0.0,0.02110600740309217,162.29121563607058,0.0,0.0,0.0,0.0,0.26750627436332963
5153.0,1.3166629550289466,0.698349397,0.209435885,0.0,0.0,0.7390607846342863,0.5326415887897291,0.0,0.0,0.0,0.0,0.0,0.04496058160493129,162.27010777734665,0.0,-1.1102230246251565e-16,0.0,0.0,0.26750627741488076
5154.0,1.357864682075439,0.690221318,0.221720485,0.0,0.0,0.7304588663551049,0.5638840325650463,0.0,0.0,0.0,0.0,0.0,0.06352178315528768,162.22514534466168,0.0,0.0,0.0,0.0,0.26750628046643193
5155.0,1.3867365123216764,0.673089308,0.235307541,0.0,0.0,0.7123281186128507,0.5984389088452742,0.0,0.0,0.0,0.0,0.0,0.07596948486355146,162.16162171093927,0.0,-1.1102230246251565e-16,0.0,0.0,0.2675062835179831
5156.0,1.4051307140434877,0.655061908,0.246654816,0.0,0.0,0.6932497826879523,0.6272975286774676,0.0,0.0,0.0,0.0,0.0,0.08458340267806766,162.08565037623322,0.0,0.0,0.0,0.0,0.2675062865695343
5157.0,1.411456263739207,0.631855162,0.25928773,0.0,0.0,0.6686901625590493,0.6594258116792273,0.0,0.0,0.0,0.0,0.0,0.08334028950093049,162.0010651245793,0.0,-1.1102230246251565e-16,0.0,0.0,0.2675062896210856
5158.0,1.3966167040265003,0.603780264,0.277725815,0.0,0.0,0.6389785937747955,0.7063179232609653,0.0,0.0,0.0,0.0,0.0,0.05132018699073932,161.91772298706744,0.0,0.0,1.1102230246251565e-16,0.0,0.2675062926726368
5159.0,1.3645970883866583,0.537934139,0.301582377,0.0,0.0,0.5692938643017246,0.7669904154021316,0.0,0.0,0.0,0.0,0.0,0.028312808682802088,161.86640095301644,0.0,0.0,0.0,0.0,0.26750629572418816
5160.0,1.3254531992743523,0.419405685,0.350348334,0.0,0.0,0.44385560575801614,0.8910129859149718,0.0,0.0,0.0,0.0,0.009415392398635572,0.0,161.83808629785887,0.0,-5.551115123125783e-17,0.0,0.0,0.13107808640011237
5161.0,1.2838724531702628,0.212917832,0.444989618,0.0,0.0,0.22533021529987968,1.1317066181206465,0.0,0.0,0.0,0.0,0.07316438025026334,0.0,161.8426979939824,0.0,-2.7755575615628914e-17,-2.220446049250313e-16,0.0,0.13107808789537254
5162.0,1.2220409543673176,0.00696442,0.509839921,0.0,0.0,0.007370421928957025,1.2966352234712304,0.0,0.0,0.0,0.0,0.08196469103286995,0.0,161.87854669410063,0.0,0.0,2.220446049250313e-16,0.0,0.13107808939063276
5163.0,1.1511643905966276,0.0,0.54044961,0.0,0.0,0.0,1.3744824051102298,0.0,0.0066312556782056244,0.0,0.0,0.21668675883539654,0.0,161.9187075460934,0.0,0.0,0.0,0.0,0.13107705982146547
5164.0,1.0777952947183485,0.0,0.54019745,0.0,0.0,0.0,1.3738411066859921,0.0,0.07935905313224724,0.0,0.0059681301103850625,0.21668675883539654,0.0,162.02488221085127,0.0,0.0,2.220446049250313e-16,0.0,0.13107720861113728
5165.0,1.0124476982172412,0.0,0.526500995,0.0,0.0,0.0,1.3390080046510329,0.0,0.10987354759839527,0.0,0.07739127115480404,0.21668675883539654,0.0,162.13105687439796,0.0,0.0,2.220446049250313e-16,0.0,0.131077357400978
5166.0,0.9610338701217014,0.0,0.507210834,0.0,0.0,0.0,1.2899488761112907,0.0,0.11222824715419276,0.0,0.17627737614420613,0.21668675883539654,0.0,162.2372315367335,0.0,0.0,0.0,0.0,0.1310775061909876
5167.0,0.9212582825800667,0.0,0.485046302,0.0,0.0,0.0,1.2335795889699739,0.0,0.09563454755451076,0.0,0.2772825984852416,0.21668675883539654,0.0,162.34340619785783,0.0,0.0,2.220446049250313e-16,0.0,0.1310776549811661
5168.0,0.8967912105342675,0.0,0.468246094,0.0,0.0,0.0,1.1908529593805992,0.0,0.0773749900109351,0.0,0.3633533765325053,0.21668675883539654,0.0,162.449580857771,0.0,0.0,0.0,0.0,0.13107780377151348
5169.0,0.8870737614756437,0.0,0.433018078,0.0,0.0,0.0,1.1012603548842397,0.0,0.0,0.0,0.4329904550890286,0.21418659340859603,0.0,162.555755516473,0.0,0.0,0.0,0.0,0.13107809985745464
5170.0,0.8881465781301986,0.0,0.396801795,0.0,0.0,0.0,1.0091543697175696,0.0,0.03494486259767032,0.0,0.4329899635885734,0.08606292898970064,0.0,162.6607050929047,0.0,0.0,0.0,0.0,0.13107810135271497
5171.0,0.902793416288195,0.0,0.35468473,0.0,0.0,0.0,0.9020413961373243,0.0,0.0,0.0007520201508706951,0.46443984842657926,0.0,0.0,162.7028740725739,0.0,0.0,0.0,0.0,0.14564250015952118
5172.0,0.9404769042859171,0.043208409,0.247683043,0.0,0.0,0.045727311852091654,0.6299125364299188,0.0,0.0,0.26483705600390667,0.4636873010761034,0.0,0.0,162.70287221655715,0.0,-6.938893903907228e-18,0.0,0.0,0.14564266548288005
5173.0,1.0013919050286835,0.344242298,0.172313805,0.0,0.0,0.3643104496934072,0.4382319623287268,0.0,0.0,0.19884949300654944,0.19884971872683066,0.0,0.0,162.7028703605404,0.0,0.0,0.0,0.0,0.14564283080642657
5174.0,1.072199945579921,0.565966859,0.207749636,0.0,0.0,0.5989607962524559,0.5283530861462824,0.0,0.0,0.0,0.0,0.055113936818817356,0.0,162.70286850452365,0.0,0.0,0.0,0.0,0.1310781073337565
5175.0,1.144819568745437,0.707663434,0.229443389,0.0,0.0,0.7489177982193252,0.5835250785903278,0.0,0.0,0.0,0.0,0.1876233080642159,0.0,162.72987247754818,0.0,-1.1102230246251565e-16,0.0,0.0,0.1310781088290169
5176.0,1.2084733569157,0.764322375,0.233202516,0.0,0.0,0.8088797622045361,0.5930853665884536,0.0,0.0,0.0,0.0,0.19349177187728975,0.0,162.8218060421749,0.0,0.0,1.1102230246251565e-16,0.0,0.13107811032427735
5177.0,1.2621784301616865,0.774416872,0.236957272,0.0,0.0,0.8195627339452684,0.6026345381707628,0.0,0.0,0.0,0.0,0.16001884195434457,0.0,162.91661515302127,0.0,0.0,0.0,0.0,0.13107811181953782
5178.0,1.3065472147572543,0.767860709,0.250656464,0.0,0.0,0.8126243690067643,0.6374746009996116,0.0,0.0,0.0,0.0,0.14355175524912153,0.0,162.99502252712395,0.0,0.0,0.0,0.0,0.13107811331479827
5179.0,1.3429159134817295,0.756961089,0.271262208,0.0,0.0,0.8010893383415691,0.6898795468967983,0.0,0.0,0.0,0.0,0.14805297175663798,0.0,163.06536102784656,0.0,0.0,0.0,0.0,0.13107811481005877
5180.0,1.3718798218041064,0.747770385,0.291355635,0.0,0.0,0.7913628476497164,0.7409815578129814,0.0,0.0,0.0,0.0,0.1604645836585912,0.0,163.13790512385552,0.0,-1.1102230246251565e-16,-1.1102230246251565e-16,0.0,0.13107811630531926
5181.0,1.388567367091426,0.729098946,0.30914401,0.0,0.0,0.7716029274480651,0.7862213137506397,0.0,0.0,0.0,0.0,0.16925687410727897,0.0,163.21653090886886,0.0,0.0,0.0,0.0,0.1310781178005798
5182.0,1.3807171757628858,0.69115505,0.322497578,0.0,0.0,0.7314470317455566,0.8201823786155824,0.0,0.0,0.0,0.0,0.1709122345982533,0.0,163.29946491530518,0.0,0.0,1.1102230246251565e-16,0.0,0.13107811929584035
5183.0,1.3531579934392874,0.595748753,0.336328022,0.0,0.0,0.6304788730806015,0.8553562441918058,0.0,0.0,0.0,0.0,0.1326771238331199,0.0,163.383210047436,0.0,-1.1102230246251565e-16,0.0,0.0,0.1310781207911009
5184.0,1.3161319000781888,0.435773185,0.391531592,0.0,0.0,0.46117727517516843,0.9957510826010164,0.0,0.0,0.0,0.0,0.14079645769799612,0.0,163.44821997433664,0.0,0.0,0.0,0.0,0.13107812228636148
5185.0,1.2775940131879169,0.172731242,0.505946421,0.0,0.0,0.18280088418745322,1.2867331953352557,0.0,0.0,0.0,0.0,0.19194006633479185,0.0,163.5172083740894,0.0,-2.7755575615628914e-17,0.0,0.0,0.13107812378162206
5186.0,1.2191073040345026,0.007501444,0.577463734,0.0,0.0,0.007938752596259717,1.4686174756833552,0.0,0.04076216540971563,0.0,0.0,0.21668675883539654,0.0,163.61125714128724,0.0,0.0,0.0,0.0,0.13107724150664496
5187.0,1.1501151287987594,0.0,0.602219413,0.0,0.0,0.0,1.5315766204074246,0.0,0.1647747327732686,0.0,0.036685948868744066,0.21668675883539654,0.0,163.71743178673754,0.0,0.0,2.220446049250313e-16,0.0,0.13107739029652302
5188.0,1.083534114347505,0.0,0.593760863,0.0,0.0,0.0,1.5100646645606155,0.0,0.20984379137771395,0.0,0.18498316672136467,0.21668675883539654,0.0,163.82360643097664,0.0,0.0,0.0,0.0,0.13107753908656997
5189.0,1.0125654725006754,0.0,0.565247861,0.0,0.0,0.0,1.4375498198077945,0.0,0.20829758847172242,0.0,0.3738423689813652,0.21668675883539654,0.0,163.92978107400455,0.0,0.0,0.0,0.0,0.13107768787678578
5190.0,0.9589246397729256,0.0,0.52762501,0.0,0.0,0.0,1.3418666223870694,0.0,0.16625522377874705,0.0,0.5613097742462271,0.21668675883539654,0.0,164.0359557158213,0.0,0.0,-2.220446049250313e-16,0.0,0.13107783666717054
5191.0,0.9194338518621408,0.0,0.493153841,0.0,0.0,0.0,1.254198846525262,0.0,0.11807823582772471,0.0,0.7109388384875354,0.21668675883539654,0.0,164.14213035642692,0.0,0.0,0.0,0.0,0.13107798545772417
5192.0,0.8918789522397582,0.0,0.461425901,0.0,0.0,0.0,1.1735077062718848,0.0,0.16276012274019602,0.0,0.8172084437244839,0.11886863129193065,0.0,164.24830499582131,0.0,0.0,0.0,0.0,0.1310781342484467
5193.0,0.8785511860562247,0.0,0.422592404,0.0,0.0,0.0,1.074745569399585,0.0,0.19619438334336048,0.0,0.9636916265528396,0.0,0.0,164.30654875150822,0.0,0.0,2.220446049250313e-16,0.0,0.1310782830393381
5194.0,0.8719322713272237,0.0,0.390005128,0.0,0.0,0.0,0.9918689484090161,0.0,0.1199366770817924,0.0,1.140265477646588,0.0,0.0,164.30654687719772,0.0,0.0,1.1102230246251565e-16,0.0,0.13107843183039844
5195.0,0.8812043194594056,0.0,0.332630737,0.0,0.0,0.0,0.8459532340218512,0.0,0.0,0.03525108543755439,1.2482071926706495,0.0,0.0,164.3065450028872,0.0,0.0,1.1102230246251565e-16,0.0,0.14564286735736406
5196.0,0.9223931984022505,0.046174812,0.212276914,0.0,0.0,0.048866646027992,0.5398669513409351,0.0,0.0,0.2932786472456189,1.2129546903556645,0.0,0.04038095378770444,164.30654312857672,0.0,0.0,1.1102230246251565e-16,0.0,0.2675064086316117
5197.0,0.9908478946354123,0.328490202,0.169538314,0.0,0.0,0.34764006023018756,0.43117327734782396,0.0,0.0,0.2120345570574008,0.9196746662487879,0.0,0.0,164.26616030047853,0.0,0.0,5.551115123125783e-17,0.0,0.14564319800510309
5198.0,1.0737738382767232,0.588747201,0.212788862,0.0,0.0,0.6230691544827093,0.5411689478736579,0.0,0.0904642640796438,0.0,0.7076390652410832,0.0,0.0,164.26615842662875,0.0,-1.1102230246251565e-16,0.0,0.0,0.1310790269963287
5199.0,1.155629106614087,0.719354388,0.225771515,0.0,0.0,0.7612902949573201,0.5741866941907504,0.0,0.17984788253398365,0.0,0.7890560996504306,0.0,0.0,164.26615655277897,0.0,1.1102230246251565e-16,-1.1102230246251565e-16,0.0,0.13107917578823353
5200.0,1.2289596581814237,0.780413,0.230004642,0.0,0.0,0.8259084157536649,0.5849524685986495,0.0,0.18190122617089055,0.0,0.9509182982497654,0.0,0.0,164.2661546789292,0.0,0.0,0.0,0.0,0.13107932458030722
5201.0,1.290786874283153,0.793852422,0.251030455,0.0,0.0,0.8401313102116825,0.638425742493024,0.0,0.18777017842155344,0.0,1.114628322387679,0.0,0.0,164.26615280507946,0.0,0.0,0.0,0.0,0.13107947337254983
5202.0,1.3385711130983122,0.787751248,0.275790142,0.0,0.0,0.8336744585798191,0.7013950804439507,0.0,0.19649842592545752,0.0,1.2836202177190295,0.0,0.0,164.26615093122976,0.0,-1.1102230246251565e-16,0.0,0.0,0.13107962216496136
5203.0,1.376522269922021,0.774645814,0.285074063,0.0,0.0,0.819805022482901,0.7250061365513523,0.0,0.16828888911223225,0.0,1.4604673439761235,0.0,0.0,164.26614905738006,0.0,-1.1102230246251565e-16,0.0,0.0,0.13107977095754175
5204.0,1.4061778344907478,0.766268745,0.278350232,0.0,0.0,0.8109395989360749,0.7079059532346601,0.0,0.11266771767998733,0.0,1.6119256863568365,0.0,0.0,164.26614718353036,0.0,0.0,1.1102230246251565e-16,0.0,0.13107991975029107
5205.0,1.4225655906929622,0.755328679,0.265596998,0.0,0.0,0.7993617644070492,0.6754716699695589,0.0,0.05226784368364594,0.0,1.713324802523621,0.0,0.0,164.26614530968072,0.0,0.0,0.0,0.0,0.13108006854320925
5206.0,1.4209981220479837,0.722298357,0.258897138,0.0,0.0,0.7644058873075474,0.6584324501860498,0.0,0.0018402154456137053,0.0,1.7603639169925192,0.0,0.0,164.26614343583108,0.0,1.1102230246251565e-16,0.0,0.0,0.13108021733629635
5207.0,1.3979893097661604,0.644370524,0.265443219,0.0,0.0,0.6819351274712222,0.6750805760990768,0.0,0.0,0.0,1.7620181126516783,0.0,0.04097360619586143,164.2661415619815,0.0,-1.1102230246251565e-16,1.1102230246251565e-16,0.0,0.2675064421986927
5208.0,1.3665221625831552,0.487668262,0.30967964,0.0,0.0,0.5160976581396814,0.787583538825886,0.0,0.0,0.0,1.7620161125320581,0.0,0.06284096561758769,164.22516608193604,0.0,0.0,1.1102230246251565e-16,0.0,0.26750644525024575
5209.0,1.3310399830103483,0.198845487,0.394837505,0.0,0.0,0.2104375005899901,1.00415874756598,0.0,0.0,0.0,1.7620141124147082,0.0,0.11644373485437841,164.16232324293628,0.0,0.0,0.0,0.0,0.26750644830179876
5210.0,1.2681249607998086,0.006820497,0.433278313,0.0,0.0,0.007218108709007441,1.1019221898121878,0.0,0.0,0.0,1.7620121122996288,0.0,0.15898466227861335,164.04587763541662,0.0,0.0,0.0,0.0,0.2675064513533519
5211.0,1.1914945879457068,0.0,0.423613087,0.0,0.0,0.0,1.0773413910982912,0.0,0.0,0.0,1.76201011218682,0.0,0.11415319684741565,163.88689110180107,0.0,0.0,0.0,0.0,0.267506454404905
5212.0,1.1121639719750505,0.0,0.398608552,0.0,0.0,0.0,1.0137493507497692,0.0,0.0,0.0,1.7620081120762812,0.0,0.09841462122528126,163.7727360354303,0.0,0.0,0.0,0.0,0.2675064574564582
5213.0,1.043293853723957,0.0,0.377699146,0.0,0.0,0.0,0.9605721254978049,0.0,0.0,0.0,1.762006111968013,0.0,0.08272172822615223,163.67431954598393,0.0,0.0,0.0,0.0,0.26750646050801136
5214.0,0.9892825673410417,0.0,0.363445052,0.0,0.0,0.0,0.9243208246525932,0.0,0.0,0.0,1.762004111862015,0.0,0.06496174268844844,163.59159595065935,0.0,0.0,1.1102230246251565e-16,0.0,0.26750646355956464
5215.0,0.9539438582589638,0.0,0.347186312,0.0,0.0,0.0,0.8829712674584232,0.0,0.0,0.0,1.7620021117582876,0.0,0.07097259080054047,163.52663234181614,0.0,0.0,1.1102230246251565e-16,0.0,0.2675064666111179
5216.0,0.9365004162070576,0.0,0.316189961,0.0,0.0,0.0,0.8041407191819229,0.0,0.0,0.0,1.7620001116568302,0.0,0.13235969702513478,163.45565788560188,0.0,0.0,0.0,0.0,0.2675064696626712
5217.0,0.9441172003193372,0.0,0.272084406,0.0,0.0,0.0,0.6919705775194622,0.0,0.0,0.0,1.7619981115576437,0.0,0.2521466227998748,163.32329632397267,0.0,0.0,1.1102230246251565e-16,0.0,0.26750647271422456
5218.0,0.9745329443538665,0.0,0.236117264,0.0,0.0,0.0,0.6004982127950227,0.0,0.0,0.0,1.7619961114607272,0.0,0.3740347315588438,163.0711478380786,0.0,0.0,0.0,0.0,0.26750647576577796
5219.0,1.014599755578175,0.0,0.19577359,0.0,0.0,0.0,0.4978953631593221,0.0,0.0,0.0029605046540555034,1.7619941113660813,0.0,0.5137438877647974,162.69711124630194,0.0,0.0,0.0,0.0,0.297207377487387
5220.0,1.0686110419610904,0.042679019,0.11991986,0.0,0.0,0.04516706022094784,0.3049826191812443,0.0,0.0,0.20471747479410082,1.75903160661965,0.0,0.5137438877647974,162.18336550258613,0.0,-6.938893903907228e-18,5.551115123125783e-17,0.0,0.2972077148567804
5221.0,1.1400079539294987,0.340362327,0.109751935,0.0,0.0,0.3602042896194719,0.27912334617893714,0.0,0.0,0.0,1.5543121350960016,0.0,0.5006803181310898,161.66961976473078,0.0,-5.551115123125783e-17,5.551115123125783e-17,0.0,0.26750648492043827
5222.0,1.2197390024638313,0.610103887,0.111846207,0.0,0.0,0.6456708624245405,0.2844495411881537,0.0,0.0,0.0,1.554310370749668,0.0,0.289618598851137,161.16893760236968,0.0,0.0,0.0,0.0,0.2675064879719918
5223.0,1.2972730252744646,0.725264141,0.105719035,0.0,0.0,0.7675445663978595,0.2688667931367969,0.0,0.0,0.0,1.5543086064053366,0.0,0.2608616657398083,160.879317165,0.0,-1.1102230246251565e-16,0.0,0.0,0.26750649102354535
5224.0,1.3642459068869637,0.791895855,0.103170047,0.0,0.0,0.8380606820298278,0.26238415517756675,0.0,0.0,0.0,1.5543068420630084,0.0,0.26380106967956907,160.61845366404546,0.0,0.0,0.0,0.0,0.2675064940750989
5225.0,1.4201522885578655,0.797513147,0.106586937,0.0,0.0,0.8440054429917104,0.2710740590988539,0.0,0.0,0.0,1.5543050777226826,0.0,0.3050727864673012,160.35465076212694,0.0,-1.1102230246251565e-16,0.0,0.0,0.26750649712665253
5226.0,1.4600841946938765,0.792177448,0.113728708,0.0,0.0,0.8383586909411572,0.28923715589677085,0.0,0.0,0.0,1.5543033133843598,0.0,0.33248834785594844,160.04957614643,0.0,-1.1102230246251565e-16,0.0,0.0,0.2675065001782062
5227.0,1.489703356302269,0.783812389,0.121093034,0.0,0.0,0.8295059775363627,0.3079662590827197,0.0,0.0,0.0,1.5543015490480399,0.0,0.3522311196831867,159.7170859728245,0.0,-1.1102230246251565e-16,0.0,0.0,0.2675065032297599
5228.0,1.5076243195397356,0.781189191,0.126479465,0.0,0.0,0.8267298560412206,0.3216651396052541,0.0,0.0,0.0,1.5542997847137223,0.0,0.35922932389326084,159.36485303118462,0.0,0.0,0.0,0.0,0.2675065062813136
5229.0,1.5150184031887943,0.773700682,0.129918891,0.0,0.0,0.8188047925113371,0.3304123575386312,0.0,0.0,0.0,1.5542980203814076,0.0,0.3658012531388262,159.00562188935274,0.0,-1.1102230246251565e-16,0.0,0.0,0.2675065093328674
5230.0,1.5066714185192227,0.749143076,0.13478105,0.0,0.0,0.7928155618524901,0.3427778988817887,0.0,0.0,0.0,1.554296256051096,0.0,0.37107795778494385,158.6398188223732,0.0,0.0,-5.551115123125783e-17,0.0,0.2675065123844212
5231.0,1.480067278566745,0.660065099,0.15049011,0.0,0.0,0.6985446426563575,0.38272949875586554,0.0,0.0,0.0,1.5542944917227866,0.0,0.39879313715452197,158.2687390549204,0.0,0.0,5.551115123125783e-17,0.0,0.267506515435975
5232.0,1.44382063682692,0.505591402,0.204710193,0.0,0.0,0.5350656560622316,0.520623113087674,0.0,0.0,0.0,1.5542927273964804,0.0,0.3881318676770144,157.86994411233104,0.0,0.0,0.0,0.0,0.2675065184875289
5233.0,1.3971970100412396,0.194990974,0.293785754,0.0,0.0,0.20635828263061237,0.747161885721487,0.0,0.0,0.0,1.5542909630721768,0.0,0.44367684168914034,157.4818104437684,0.0,-2.7755575615628914e-17,1.1102230246251565e-16,0.0,0.2675065215390828
5234.0,1.3207465106382008,0.00588591,0.337653039,0.0,0.0,0.0062290384749724235,0.8587260542893131,0.0,0.0,0.0,1.5542891987498757,0.0,0.45579141787391536,157.03813180562125,0.0,0.0,0.0,0.0,0.26750652459063673
5235.0,1.2359554506174142,0.0,0.336441421,0.0,0.0,0.0,0.8556446428276325,0.0,0.0,0.0,1.5542874344295776,0.0,0.3803108077897817,156.58233859635055,0.0,0.0,1.1102230246251565e-16,0.0,0.2675065276421907
5236.0,1.153318589308169,0.0,0.32672057,0.0,0.0,0.0,0.8309223774860067,0.0,0.0,0.0,1.5542856701112822,0.0,0.3223962118221622,156.2020260023634,0.0,0.0,0.0,0.0,0.2675065306937447
5237.0,1.0782749572545167,0.0,0.317508796,0.0,0.0,0.0,0.8074948070916976,0.0,0.0,0.0,1.5542839057949895,0.0,0.2707801501628191,155.87962800868226,0.0,0.0,0.0,0.0,0.26750653374529876
5238.0,1.019452056055663,0.0,0.308322444,0.0,0.0,0.0,0.7841318904431887,0.0,0.0,0.0,1.5542821414806995,0.0,0.23532016561247443,155.60884608033817,0.0,0.0,0.0,0.0,0.26750653679685277
5239.0,0.977819917536984,0.0,0.299443638,0.0,0.0,0.0,0.7615511310170008,0.0,0.0,0.0,1.5542803771684124,0.0,0.21626878651998327,155.3735241396333,0.0,0.0,0.0,0.0,0.26750653984840694
5240.0,0.9575370445790102,0.0,0.286408222,0.0,0.0,0.0,0.7283991967686027,0.0,0.0,0.0,1.5542786128581276,0.0,0.22913784781040764,155.1572535807054,0.0,0.0,0.0,0.0,0.26750654289996106
5241.0,0.9641109909452454,0.0,0.252386849,0.0,0.0,0.0,0.641875351213062,0.0,0.0,0.0,1.554276848549846,0.0,0.32223563973218355,154.92811396295411,0.0,0.0,0.0,0.0,0.26750654595151524
5242.0,0.9962847838288558,0.0,0.217974369,0.0,0.0,0.0,0.5543568344059026,0.0,0.0,0.0,1.5542750842435669,0.0,0.44192794942295305,154.60587655589498,0.0,0.0,1.1102230246251565e-16,0.0,0.26750654900306947
5243.0,1.0356213944958723,0.0,0.189997098,0.0,0.0,0.0,0.48320447159357555,0.0,0.0,0.0386730351374994,1.5542733199392906,0.0,0.5137438877647974,154.16394684282093,0.0,0.0,5.551115123125783e-17,0.0,0.29721547445852525
5244.0,1.0803863289539004,0.033767355,0.122311809,0.0,0.0,0.03573587660923331,0.31106587237189975,0.0,0.0,0.21984069220796995,1.5155985204995173,0.0,0.5137438877647974,153.65020119644635,0.0,0.0,5.551115123125783e-17,0.0,0.29721581183710977
5245.0,1.1396696205334513,0.322340808,0.07634119,0.0,0.0,0.34113217753681224,0.19415246213273615,0.0,0.0,0.09064109309910569,1.295756107890199,0.0,0.5137438877647974,153.13645555593223,0.0,0.0,0.0,0.0,0.29721614921607714
5246.0,1.209464802247155,0.616417834,0.068180943,0.0,0.0,0.6523528909964924,0.17339915652325746,0.0,0.0,0.0,1.2051135439394625,0.0,0.38371275472740507,152.6227099212786,0.0,0.0,2.7755575615628914e-17,0.0,0.2675065612092867
5247.0,1.2830501745368312,0.728544535,0.064075739,0.0,0.0,0.7710161961779731,0.1629587184824416,0.0,0.0,0.0,1.2051121759789254,0.0,0.34907525987641663,152.23899542552292,0.0,0.0,0.0,0.0,0.267506564260841
5248.0,1.3493913577200016,0.786745452,0.059794842,0.0,0.0,0.8326100281039924,0.15207145444206385,0.0,0.0,0.0,1.2051108080199409,0.0,0.36470987517394543,151.88991842899537,0.0,0.0,0.0,0.0,0.26750656731239547
5249.0,1.4052313575220585,0.799420686,0.059409878,0.0,0.0,0.8460241850084098,0.15109240619258715,0.0,0.0,0.0,1.2051094400625095,0.0,0.4081147663210617,151.52520682115238,0.0,-1.1102230246251565e-16,0.0,0.0,0.2675065703639499
5250.0,1.4445765335915066,0.792937022,0.062209208,0.0,0.0,0.8391625455142969,0.15821171900159672,0.0,0.0,0.0,1.205108072106631,0.0,0.447202269075613,151.11709032632265,0.0,0.0,0.0,0.0,0.26750657341550443
5251.0,1.4705853780749896,0.784084819,0.066493118,0.0,0.0,0.8297942892760489,0.16910664576465936,0.0,0.0,0.0,1.205106704152305,0.0,0.47168444303428125,150.66988633339395,0.0,-1.1102230246251565e-16,0.0,0.0,0.26750657646705894
5252.0,1.4850630495349624,0.781213227,0.070559599,0.0,0.0,0.8267552932580291,0.17944860268681356,0.0,0.0,0.0,1.2051053361995316,0.0,0.4788591535901198,150.198200171608,0.0,-1.1102230246251565e-16,2.7755575615628914e-17,0.0,0.2675065795186135
5253.0,1.485452775345599,0.772084104,0.072784798,0.0,0.0,0.8170939735284112,0.1851077738968157,0.0,0.0,0.0,1.2051039682483116,0.0,0.48325102792037233,149.71933930464695,0.0,-1.1102230246251565e-16,0.0,0.0,0.26750658257016807
5254.0,1.4700971501363898,0.743472145,0.075509506,0.0,0.0,0.786814034919881,0.19203730652255502,0.0,0.0,0.0,1.205102600298644,0.0,0.4912458086939536,149.23608656881817,0.0,0.0,0.0,0.0,0.26750658562172275
5255.0,1.4396471444921342,0.643172796,0.08318573,0.0,0.0,0.6806675760145143,0.21155963502545627,0.0,0.0,0.033676045687366415,1.2051012323505295,0.0,0.5137438877647974,148.74483905772846,0.0,-1.1102230246251565e-16,0.0,0.0,0.29721952302681515
5256.0,1.4058395010947005,0.496931262,0.11396268,0.0,0.0,0.5259006594417179,0.28983219823066847,0.0,0.0,0.07636275565751675,1.171423818716601,0.0,0.5137438877647974,148.23109347317177,0.0,-1.1102230246251565e-16,0.0,0.0,0.2972198604099953
5257.0,1.3611452312067327,0.188944279,0.210782357,0.0,0.0,0.19995908593861,0.5360659636782105,0.0,0.0,0.1113762938251148,1.095059733340765,0.0,0.5137438877647974,147.71734789447564,0.0,0.0,1.1102230246251565e-16,0.0,0.2972201977935584
5258.0,1.2884228232120378,0.00530081,0.299401654,0.0,0.0,0.005609829140866675,0.7614443564570262,0.0,0.0,0.00762474984934759,0.9836821964804952,0.0,0.5137438877647974,147.20360232163995,0.0,0.0,0.0,0.0,0.2972205351775045
5259.0,1.2086596544185868,0.0,0.334700754,0.0,0.0,0.0,0.8512177432233271,0.0,0.0,0.0,0.9760563300239758,0.0,0.3574419111952598,146.68985675466476,0.0,0.0,0.0,0.0,0.2675066008794964
5260.0,1.1288172556526437,0.0,0.337561881,0.0,0.0,0.0,0.8584942194155957,0.0,0.0,0.0,0.976055222073154,0.0,0.2703230362370481,146.33241317011962,0.0,0.0,0.0,0.0,0.26750660393105125
5261.0,1.0564374637552116,0.0,0.328222384,0.0,0.0,0.0,0.8347418212982581,0.0,0.0,0.0,0.9760541141235897,0.0,0.22169564245695356,146.0620884646102,0.0,0.0,0.0,0.0,0.26750660698260614
5262.0,1.001925101330049,0.0,0.315958731,0.0,0.0,0.0,0.8035526503580158,0.0,0.0,0.0,0.9760530061752832,0.0,0.19837245097203307,145.8403911559646,0.0,0.0,1.1102230246251565e-16,0.0,0.26750661003416104
5263.0,0.9640253369209296,0.0,0.304549502,0.0,0.0,0.0,0.7745364678569806,0.0,0.0,0.0,0.9760518982282342,0.0,0.18948886906394893,145.64201704133288,0.0,0.0,0.0,0.0,0.267506613085716
5264.0,0.9449608924588475,0.0,0.293546824,0.0,0.0,0.0,0.746554234101472,0.0,0.0,0.0,0.9760507902824431,0.0,0.19840665835737556,145.45252651087216,0.0,0.0,0.0,0.0,0.26750661613727095
5265.0,0.9514791637092775,0.0,0.265427726,0.0,0.0,0.0,0.675041173987375,0.0,0.0,0.0,0.9760496823379096,0.0,0.2764379897219026,145.25411819327962,0.0,0.0,1.1102230246251565e-16,0.0,0.267506619188826
5266.0,0.9840041380925825,0.0,0.240628315,0.0,0.0,0.0,0.6119708091542927,0.0,0.0,0.0,0.9760485743946336,0.0,0.3720333289382898,144.9776785465859,0.0,0.0,1.1102230246251565e-16,0.0,0.267506622240381
5267.0,1.0221929848337676,0.0,0.218164601,0.0,0.0,0.0,0.554840636285025,0.0,0.0,0.0,0.9760474664526153,0.0,0.4673523485487426,144.60564356382926,0.0,0.0,0.0,0.0,0.26750662529193614
5268.0,1.0666859677645935,0.018286237,0.156117996,0.0,0.0,0.019352262239052977,0.39704245252960624,0.0,0.0,0.13654736523113692,0.9760463585118547,0.0,0.5137438877647974,144.13828956570606,0.0,0.0,5.551115123125783e-17,0.0,0.2972239090380292
5269.0,1.1235366850535766,0.30663816,0.100294962,0.0,0.0,0.3245141187233155,0.2550721807167167,0.0,0.0,0.03020649784874707,0.8394978853412148,0.0,0.5137438877647974,143.62454403369816,0.0,0.0,0.0,0.0,0.297224246426188
5270.0,1.1923725416949436,0.566688274,0.08399212,0.0,0.0,0.5997242672860637,0.21361046242203233,0.0,0.0,0.0,0.8092904345532332,0.0,0.37903781198684766,143.11079850755073,0.0,0.0,0.0,0.0,0.26750663444660155
5271.0,1.262634537841168,0.702303002,0.080617257,0.0,0.0,0.7432448713192411,0.20502744241919146,0.0,0.0,0.0,0.8092895159033822,0.0,0.31436222410273534,142.73175906304175,0.0,0.0,2.7755575615628914e-17,0.0,0.2675066374981568
5272.0,1.3249992329454787,0.757901235,0.077041137,0.0,0.0,0.8020842916463412,0.19593258153370985,0.0,0.0,0.0,0.8092885972545741,0.0,0.3269823597654277,142.41739521074075,0.0,0.0,0.0,0.0,0.26750664054971207
5273.0,1.3801518592024018,0.774801923,0.073869038,0.0,0.0,0.8199702321050816,0.1878652350464624,0.0,0.0,0.0,0.8092876786068087,0.0,0.37231639205085787,142.09041122636313,0.0,0.0,0.0,0.0,0.26750664360126736
5274.0,1.4248247155842906,0.76642143,0.074593573,0.0,0.0,0.8111011849507356,0.18970788714752793,0.0,0.0,0.0,0.809286759960086,0.0,0.4240156434860271,141.71809321343008,0.0,-1.1102230246251565e-16,0.0,0.0,0.2675066466528227
5275.0,1.4546537295522568,0.751521015,0.077182057,0.0,0.0,0.7953321265845601,0.19629097213469138,0.0,0.0,0.0,0.8092858413144063,0.0,0.4630306308330054,141.2940759533091,0.0,-1.1102230246251565e-16,2.7755575615628914e-17,0.0,0.26750664970437804
5276.0,1.475148596220412,0.742376814,0.080872283,0.0,0.0,0.7856548498589762,0.2056760297127333,0.0,0.0,0.0,0.8092849226697691,0.0,0.4838177166487026,140.83104371067802,0.0,0.0,2.7755575615628914e-17,0.0,0.26750665275593344
5277.0,1.482457025845155,0.7285981,0.086490654,0.0,0.0,0.771072883834752,0.21996478474556896,0.0,0.0,0.0,0.809284004026175,0.0,0.491419357264834,140.3472243875133,0.0,0.0,0.0,0.0,0.26750665580748884
5278.0,1.4691314010122294,0.691568729,0.093670003,0.0,0.0,0.731884826820114,0.2382234506749342,0.0,0.0,0.0,0.8092830853836234,0.0,0.49902312351718126,139.85580342925152,0.0,0.0,0.0,0.0,0.26750665885904434
5279.0,1.4368162789884982,0.607630271,0.105737788,0.0,0.0,0.6430530430497443,0.26891448614659114,0.0,0.0,0.011104862027365539,0.8092821667421147,0.0,0.5137438877647974,139.35677871034326,0.0,0.0,0.0,0.0,0.29722762032884037
5280.0,1.4004604283676703,0.449616445,0.148105855,0.0,0.0,0.4758275500110131,0.3766658131019966,0.0,0.0,0.034223177489863116,0.7981763860742832,0.0,0.5137438877647974,138.84303323287995,0.0,0.0,0.0,0.0,0.2972279577212121
5281.0,1.3536012530151216,0.179269711,0.234916981,0.0,0.0,0.18972052362611508,0.5974456287351454,0.0,0.0,0.05269121288906379,0.763952302550459,0.0,0.5137438877647974,138.3292877612771,0.0,0.0,0.0,0.0,0.29722829511396676
5282.0,1.2812193197670818,0.005579512,0.28257557,0.0,0.0,0.005904778516757874,0.7186519184998469,0.0,0.0,0.04291873498567969,0.711260222476218,0.0,0.5137438877647974,137.81554229553478,0.0,0.0,0.0,0.0,0.2972286325071043
5283.0,1.1993811822345812,0.0,0.298532385,0.0,0.0,0.0,0.7592336139128549,0.0,0.0,0.0,0.6683406801177221,0.0,0.4401475683217263,137.30179683565297,0.0,0.0,1.1102230246251565e-16,0.0,0.26750667411682216
5284.0,1.1145044681894787,0.0,0.301450981,0.0,0.0,0.0,0.7666562464310375,0.0,0.0,0.0,0.6683399214641658,0.0,0.3478482217584412,136.86164770107473,0.0,0.0,1.1102230246251565e-16,0.0,0.2675066771683779
5285.0,1.0426792860994916,0.0,0.299053964,0.0,0.0,0.0,0.7605601042000345,0.0,0.181521096564985,0.0,0.6683391628114707,0.0,0.463640278464442,136.5137979180807,0.0,0.0,0.0,0.0,0.26750668021993357
5286.0,0.9885566494849656,0.0,0.292611357,0.0,0.0,0.0,0.744175135461617,0.0,0.26936237374144867,0.0,0.8317073910681233,0.0,0.5137438877647974,136.0501560823488,0.0,0.0,0.0,0.0,0.26750698387513616
5287.0,0.9510166319779724,0.0,0.279703815,0.0,0.0,0.0,0.7113484129625086,0.0,0.27407566874933353,0.0,1.0741325833394164,0.0,0.5137438877647974,135.53641064260543,0.0,0.0,0.0,0.0,0.2675072875306835
5288.0,0.9330314282222689,0.0,0.260641249,0.0,0.0,0.0,0.6628681086409781,0.0,0.24358056818350654,0.0,1.3207994659336972,0.0,0.5137438877647974,135.02266520872257,0.0,0.0,0.0,0.0,0.26750759118657547
5289.0,0.9414169572027826,0.0,0.235620222,0.0,0.0,0.0,0.5992341255037009,0.0,0.17156105606571567,0.0,1.5400204780197553,0.0,0.5137438877647974,134.5089197807002,0.0,0.0,0.0,0.0,0.2675078948428121
5290.0,0.9725971634043301,0.0,0.20995442,0.0,0.0,0.0,0.5339603375143953,0.0,0.07510706187486253,0.0,1.6944236803554544,0.0,0.5137438877647974,133.99517435853838,0.0,0.0,0.0,0.0,0.2675081984993935
5291.0,1.010222834935639,0.0,0.177367036,0.0,0.0,0.0,0.4510834418560366,0.0,0.0,0.045395505314805046,1.7620181126516783,0.0,0.5137438877647974,133.48142894223702,0.0,0.0,5.551115123125783e-17,0.0,2.4416343134040934
5292.0,1.0567479595933564,0.023384467,0.112159184,0.0,0.0,0.024747701656960937,0.2852455106397815,0.0,0.0,0.23301085953181666,1.716620607217253,0.0,0.5137438877647974,132.96768353179618,0.0,0.0,5.551115123125783e-17,0.0,2.4416370849795976
5293.0,1.114033371055742,0.269959381,0.061366176,0.0,0.0,0.2856970920263374,0.1560677029277487,0.0,0.0,0.1585246883368585,1.4836077990978864,0.0,0.5137438877647974,132.45393812721582,0.0,-5.551115123125783e-17,0.0,0.0,2.4416398565582482
5294.0,1.182387423810333,0.519150222,0.05058596,0.0,0.0,0.5494149090163586,0.12865123904078657,0.0,0.009422612011609526,0.0,1.3250814266733069,0.0,0.5137438877647974,131.94019272849596,0.0,0.0,0.0,0.0,2.19747836532604
5295.0,1.2531569200506283,0.653050631,0.048000143,0.0,0.0,0.6911212550997244,0.12207493682209328,0.0,0.0737831596359869,0.0,1.3335602733440757,0.0,0.5137438877647974,131.4264473356366,0.0,0.0,1.3877787807814457e-17,0.0,2.1974808597524884
5296.0,1.3176565417110095,0.709110391,0.044018766,0.0,0.0,0.7504491078765626,0.11194941811811909,0.0,0.058485872048469535,0.0,1.399963603252191,0.0,0.5137438877647974,130.91270194863776,0.0,0.0,1.3877787807814457e-17,0.0,2.197483354181768
5297.0,1.3763488205227816,0.724048851,0.042310136,0.0,0.0,0.7662584291364591,0.10760399566172488,0.0,0.011257492040199565,0.0,1.4525992989551284,0.0,0.5137438877647974,130.3989565674994,0.0,-1.1102230246251565e-16,1.3877787807814457e-17,0.0,2.1974858486138795
5298.0,1.4251459181754746,0.716193357,0.043265285,0.0,0.0,0.7579449866329353,0.11003314996300866,0.0,0.0,0.04342389381473329,1.4627293929022658,0.0,0.5137438877647974,129.88521119222153,0.0,0.0,0.0,0.0,2.4416537144986914
5299.0,1.4607908403944816,0.70251869,0.045327282,0.0,0.0,0.7434731331938859,0.11527726253788881,0.0,0.0,0.08829655689790965,1.419303838699517,0.0,0.5137438877647974,129.37146582280417,0.0,0.0,1.3877787807814457e-17,0.0,2.4416564860962184
5300.0,1.4849110136418018,0.69091348,0.04804872,0.0,0.0,0.7311913790386005,0.12219847883333286,0.0,0.0,0.11777726800507092,1.3310056707072406,0.0,0.5137438877647974,128.8577204592473,0.0,1.1102230246251565e-16,0.0,0.0,2.4416592576968914
5301.0,1.4868061089297882,0.665147709,0.052511912,0.0,0.0,0.7039235514815485,0.13354935921351987,0.0,0.0,0.13558931046992234,1.213226891837703,0.0,0.5137438877647974,128.34397510155097,0.0,0.0,0.0,0.0,2.4416620293007107
5302.0,1.4694311900973347,0.614527278,0.059081035,0.0,0.0,0.6503521220307606,0.15025608600809545,0.0,0.0,0.15507909429368127,1.077636204197539,0.0,0.5137438877647974,127.83022974971509,0.0,0.0,0.0,0.0,2.4416648009076765
5303.0,1.4315121535327442,0.525775827,0.071214231,0.0,0.0,0.556426764186582,0.18111347606108083,0.0,0.0,0.18022802552028394,0.922555886646673,0.0,0.5137438877647974,127.31648440373974,0.0,0.0,0.0,0.0,2.441667572517788
5304.0,1.392087747490804,0.375413217,0.113581683,0.0,0.0,0.39729852694080803,0.2888632389360179,0.0,0.0,0.19218209384918067,0.7423268139055255,0.0,0.5137438877647974,126.80273906362486,0.0,0.0,0.0,0.0,2.4416703441310452
5305.0,1.3466033192285234,0.157099299,0.197936654,0.0,0.0,0.1662576522342674,0.5033965113776127,0.0,0.0,0.16320526785184603,0.5501438774189086,0.0,0.5137438877647974,126.2889937293705,0.0,0.0,0.0,0.0,2.441673115747449
5306.0,1.2728230840335286,0.003777679,0.271438783,0.0,0.0,0.003997904799274089,0.6903286160166416,0.0,0.0,0.0647526754528155,0.386937985082243,0.0,0.5137438877647974,125.77524840097662,0.0,-8.673617379884035e-19,0.0,0.0,2.4416758873669995
5307.0,1.1898992817428258,0.0,0.297812654,0.0,0.0,0.0,0.7574031794419848,0.0,0.08124778546395636,0.0,0.32218487040451244,0.0,0.5137438877647974,125.26150307844327,0.0,0.0,0.0,0.0,2.1975107930907263
5308.0,1.1123138665176031,0.0,0.296875475,0.0,0.0,0.0,0.7550197268090207,0.0,0.15644974805621512,0.0,0.3953075116003612,0.0,0.5137438877647974,124.74775776177039,0.0,0.0,1.1102230246251565e-16,0.0,2.1975132875539845
5309.0,1.0409940431710787,0.0,0.281384138,0.0,0.0,0.0,0.7156218444826128,0.0,0.18837168907633142,0.0,0.5361118361255391,0.0,0.5137438877647974,124.23401245095802,0.0,0.0,1.1102230246251565e-16,0.0,2.197515782020074
5310.0,0.9846079989640086,0.0,0.262568711,0.0,0.0,0.0,0.6677700690763249,0.0,0.19690595787711349,0.0,0.7056457477376089,0.0,0.5137438877647974,123.72026714600614,0.0,0.0,0.0,0.0,2.1975182764889953
5311.0,0.9468559877468339,0.0,0.24605888,0.0,0.0,0.0,0.6257819321603902,0.0,0.19266983217835376,0.0,0.8828603088273534,0.0,0.5137438877647974,123.20652184691477,0.0,0.0,0.0,0.0,2.1975207709607476
5312.0,0.9284896235829254,0.0,0.231449301,0.0,0.0,0.0,0.5886265546561529,0.0,0.17388081883802473,0.0,1.0562621556266494,0.0,0.5137438877647974,122.69277655368388,0.0,0.0,-1.1102230246251565e-16,0.0,2.1975232654353323
5313.0,0.9346781268397396,0.0,0.215666035,0.0,0.0,0.0,0.5484862325784395,0.0,0.12755199350349727,0.0,1.212753693586011,0.0,0.5137438877647974,122.17903126631352,0.0,0.0,0.0,0.0,2.197525759912748
5314.0,0.9644150627315664,0.0,0.202983724,0.0,0.0,0.0,0.5162323221248157,0.0,0.06556114715804667,0.0,1.3275491111060584,0.0,0.5137438877647974,121.66528598480363,0.0,0.0,0.0,0.0,2.1975282543929953
5315.0,1.0029336774663673,0.0,0.185685022,0.0,0.0,0.0,0.47223791248828156,0.0,0.0,0.016951877213288405,1.3865526366074779,0.0,0.5137438877647974,121.15154070915425,0.0,0.0,0.0,0.0,2.441700832084527
5316.0,1.0475401519794114,0.024737731,0.123742522,0.0,0.0,0.026179856331904162,0.314704490679465,0.0,0.0,0.19291191720324488,1.3695991854766951,0.0,0.5137438877647974,120.63779543936536,0.0,0.0,0.0,0.0,2.4417036037355384
5317.0,1.105273105718847,0.248724025,0.061821599,0.0,0.0,0.2632237872096248,0.15722594393449588,0.0,0.0,0.17107948680992888,1.1766857136003268,0.0,0.5137438877647974,120.12405017543696,0.0,0.0,0.0,0.0,2.4417063753896966
5318.0,1.169796282235915,0.467016373,0.043355475,0.0,0.0,0.49424183445874514,0.11026252299950115,0.0,0.0,0.05154803701287144,1.0056048910991437,0.0,0.5137438877647974,119.61030491736908,0.0,-5.551115123125783e-17,0.0,0.0,2.4417091470470007
5319.0,1.2362702291567746,0.607443045,0.04148297,0.0,0.0,0.64285490241261,0.10550033032074073,0.0,0.025828891341373415,0.0,0.9540557125939925,0.0,0.5137438877647974,119.09655966516169,0.0,0.0,0.0,0.0,2.197540726836706
5320.0,1.2930095962141472,0.673264875,0.038110647,0.0,0.0,0.7125139205700561,0.09692377009739529,0.0,0.030171982218101592,0.0,0.9773006318239674,0.0,0.5137438877647974,118.58281441881479,0.0,0.0,1.3877787807814457e-17,0.0,2.1975432213339428
5321.0,1.3413184659282404,0.68478139,0.034860496,0.0,0.0,0.724701809109398,0.08865792018133851,0.0,0.0,0.014214848872706624,1.0044543064569926,0.0,0.5137438877647974,118.06906917832839,0.0,0.0,1.3877787807814457e-17,0.0,2.44171746203779
5322.0,1.3810083994455593,0.67488567,0.034503883,0.0,0.0,0.7142292023896971,0.08775097476984388,0.0,0.0,0.06528433452122097,0.9902383173980692,0.0,0.5137438877647974,117.5553239437025,0.0,0.0,0.0,0.0,2.4417202337076787
5323.0,1.4073662840781291,0.656673532,0.036822268,0.0,0.0,0.6949553588695775,0.09364713850427876,0.0,0.0,0.10501989893947553,0.9249528588276269,0.0,0.5137438877647974,117.04157871493709,0.0,0.0,0.0,0.0,2.4417230053807137
5324.0,1.4232936498996462,0.638411475,0.042303842,0.0,0.0,0.6756286862420416,0.1075879886333217,0.0,0.0,0.12633308725948558,0.8199319099464129,0.0,0.5137438877647974,116.52783349203219,0.0,0.0,1.3877787807814457e-17,0.0,2.4417257770568956
5325.0,1.4254114456508535,0.608454605,0.050124274,0.0,0.0,0.6439254329099746,0.1274770698454647,0.0,0.0,0.14026505513061688,0.6935978919576183,0.0,0.5137438877647974,116.01408827498778,0.0,0.0,0.0,0.0,2.441728548736223
5326.0,1.4014218947906147,0.561479671,0.059885833,0.0,0.0,0.5942120204987602,0.15230286459799564,0.0,0.0,0.14116312192906152,0.5533320495032263,0.0,0.5137438877647974,115.50034306380387,0.0,0.0,2.7755575615628914e-17,0.0,2.4417313204186963
5327.0,1.360774777551567,0.484367948,0.074990011,0.0,0.0,0.5126049470915189,0.190716116306426,0.0,0.0,0.1437098263888249,0.4121682994703555,0.0,0.5137438877647974,114.98659785848045,0.0,0.0,0.0,0.0,2.4417340921043165
5328.0,1.3198450020322774,0.352828173,0.115333199,0.0,0.0,0.37339685191775385,0.29331772993707356,0.0,0.0,0.13938653241265261,0.26845800521692875,0.0,0.5137438877647974,114.47285265901755,0.0,0.0,0.0,0.0,2.4417368637930825
5329.0,1.277874530117551,0.141514828,0.195333874,0.0,0.0,0.14976465973674502,0.49677706851341524,0.0,0.0,0.11758891410259346,0.12907116806954072,0.0,0.5137438877647974,113.95910746541513,0.0,0.0,0.0,0.0,2.441739635484995
5330.0,1.2154284636901405,0.002996635,0.270142213,0.0,0.0,0.0031713285983728918,0.6870311529062626,0.0,0.0,0.011482094420707611,0.011482107454392246,0.0,0.5137438877647974,113.4453622776732,0.0,0.0,0.0,0.0,2.4417424071800538
5331.0,1.1456354233270447,0.0,0.30400764,0.0,0.0,0.0,0.7731583934329879,0.0,0.0,0.0,0.0,0.0,0.37247702989405684,112.93161709579176,0.0,0.0,0.0,0.0,0.2675068205915339
5332.0,1.072647487856971,0.0,0.312489218,0.0,0.0,0.0,0.7947289145562615,0.0,0.0,0.0,0.0,0.0,0.2779185733007094,112.55913877764158,0.0,0.0,1.1102230246251565e-16,0.0,0.26750682364309125
5333.0,1.0070193744262295,0.0,0.310611944,0.0,0.0,0.0,0.7899545932600153,0.0,0.0,0.0,0.0,0.0,0.21706478116621417,112.28121892033376,0.0,0.0,1.1102230246251565e-16,0.0,0.2675068266946486
5334.0,0.955697624406829,0.0,0.305885215,0.0,0.0,0.0,0.7779334802385363,0.0,0.0,0.0,0.0,0.0,0.17776414416829267,112.06415285833077,0.0,0.0,1.1102230246251565e-16,0.0,0.26750682974620604
5335.0,0.917243250190265,0.0,0.298764523,0.0,0.0,0.0,0.7598239919807704,0.0,0.0,0.0,0.0,0.0,0.1574192582094946,111.88638743580185,0.0,0.0,0.0,0.0,0.26750683279776344
5336.0,0.8937526340216656,0.0,0.287670528,0.0,0.0,0.0,0.7316095189795208,0.0,0.0,0.0,0.0,0.0,0.16214311504214488,111.72896690125958,0.0,0.0,1.1102230246251565e-16,0.0,0.26750683584932095
5337.0,0.8843178432432838,0.0,0.268518422,0.0,0.0,0.0,0.6829014947146756,0.0,0.0,0.0,0.0,0.0,0.2014163485286081,111.5668225116804,0.0,0.0,1.1102230246251565e-16,0.0,0.26750683890087845
5338.0,0.887472052688712,0.0,0.250749196,0.0,0.0,0.0,0.63771043890204,0.0,0.0,0.0,0.0,0.0,0.249761613786672,111.36540489046442,0.0,0.0,0.0,0.0,0.26750684195243607
5339.0,0.899756981126201,0.0,0.233134475,0.0,0.0,0.0,0.5929123233378052,0.0,0.0,0.0,0.0,0.0,0.30684465778839576,111.11564200628803,0.0,0.0,0.0,0.0,0.26750684500399363
5340.0,0.9344532850259107,0.017975931,0.163373143,0.0,0.0,0.019023866457769406,0.4154938894692837,0.0,0.0061810429047761545,0.0,0.0,0.0,0.5061165720036338,110.80879608095906,0.0,-3.469446951953614e-18,0.0,0.0,0.26750684805555125
5341.0,0.9876744130345132,0.265244973,0.073788238,0.0,0.0,0.28070785012173505,0.18765974284834072,0.0,0.0,0.00556293229964003,0.005562938614298539,0.0,0.5137438877647974,110.30267824491516,0.0,0.0,2.7755575615628914e-17,0.0,0.29723016856771595
5342.0,1.0507650259949,0.478024866,0.054774421,0.0,0.0,0.5058920850484525,0.13930341797193685,0.0,0.0,0.0,0.0,0.0,0.40556952297451054,109.78893309888359,0.0,0.0,0.0,0.0,0.2675068541586666
5343.0,1.1159927068619653,0.621614162,0.064909364,0.0,0.0,0.6578521471931682,0.16507881048317408,0.0,0.0,0.0,0.0,0.0,0.293061749185623,109.3833623235028,0.0,0.0,2.7755575615628914e-17,0.0,0.2675068572102244
5344.0,1.173599320915535,0.68857002,0.069482604,0.0,0.0,0.728711303314616,0.17670956716805045,0.0,0.0,0.0,0.0,0.0,0.26817845043286875,109.0902993265374,0.0,0.0,0.0,0.0,0.2675068602617821
5345.0,1.2193963863665682,0.701316327,0.067200556,0.0,0.0,0.7422006765324889,0.17090581642870398,0.0,0.0,0.0,0.0,0.0,0.30628989340537527,108.82211963166786,0.0,0.0,0.0,0.0,0.2675068633133399
5346.0,1.252330358715981,0.696151834,0.067452246,0.0,0.0,0.7367351112077174,0.17154591953941248,0.0,0.0,0.0,0.0,0.0,0.3440493279688513,108.51582849688504,0.0,0.0,0.0,0.0,0.26750686636489773
5347.0,1.2782235702666378,0.68200698,0.071116266,0.0,0.0,0.7217656604704707,0.18086432948695966,0.0,0.0,0.0,0.0,0.0,0.3755935803092073,108.17177793103272,0.0,0.0,0.0,0.0,0.2675068694164556
5348.0,1.2966713057536463,0.670333425,0.077460293,0.0,0.0,0.709411577034824,0.19699858757078773,0.0,0.0,0.0,0.0,0.0,0.39026114114803434,107.79618311676477,0.0,0.0,2.7755575615628914e-17,0.0,0.26750687246801347
5349.0,1.3014636484141135,0.644555439,0.0872495,0.0,0.0,0.6821308223849398,0.22189469727744823,0.0,0.0,0.0,0.0,0.0,0.39743812875172546,107.40592074594255,0.0,-1.1102230246251565e-16,2.7755575615628914e-17,0.0,0.2675068755195714
5350.0,1.2916712520842133,0.606564403,0.100324243,0.0,0.0,0.6419250385812354,0.2551466487495534,0.0,0.0,0.0,0.0,0.0,0.39459956475342467,107.00848139196852,0.0,-1.1102230246251565e-16,0.0,0.0,0.2675068785711294
5351.0,1.2659557726340118,0.524527358,0.12109555,0.0,0.0,0.5551055137026618,0.30797265782492844,0.0,0.0,0.0,0.0,0.0,0.40287760110642135,106.61388060652655,0.0,1.1102230246251565e-16,5.551115123125783e-17,0.0,0.26750688162268743
5352.0,1.2329297222084596,0.37719377,0.190592673,0.0,0.0,0.3991828801068822,0.484719150008134,0.0,0.0,0.0,0.0,0.0,0.34902769209344353,106.21100178923294,0.0,0.0,0.0,0.0,0.26750688467424544
5353.0,1.1984304225646762,0.136401936,0.335803899,0.0,0.0,0.14435370357425212,0.8540232839522498,0.0,0.0,0.0,0.0,0.0,0.20005343503817444,105.86197288554811,0.0,-2.7755575615628914e-17,0.0,0.0,0.26750688772580355
5354.0,1.1443163513525818,0.00306786,0.395517943,0.0,0.0,0.003246705772910034,1.0058892512826323,0.0,0.0,0.0,0.0,0.0,0.13518039429703937,105.66191824290006,0.0,0.0,2.220446049250313e-16,0.0,0.26750689077736167
5355.0,1.0855940936322992,0.0,0.40614298,0.0,0.0,0.0,1.032911060790729,0.0,0.0,0.0,0.0,0.0,0.052683032841570075,105.52673664327526,0.0,0.0,2.220446049250313e-16,0.0,0.2675068938289198
5356.0,1.0256512660655168,0.0,0.39758947,0.0,0.0,0.0,1.0111576007467218,0.0,0.0,0.0,0.0,0.0,0.014493665318795122,105.47405240664798,0.0,0.0,0.0,0.0,0.267506896880478
5357.0,0.961003891213191,0.0,0.384622707,0.0,0.0,0.0,0.9781802661997798,0.0,0.017176374986588815,0.0,0.0,0.0,0.0,105.45955753814448,0.0,0.0,0.0,0.0,0.2674909684092247
5358.0,0.915765718270818,0.0,0.370453308,0.0,0.0,0.0,0.9421443633956561,0.0,0.026378645124838115,0.0,0.015458737487929936,0.0,0.0,105.45955633512513,0.0,0.0,0.0,0.0,0.26749127204659234
5359.0,0.8792492663543983,0.0,0.352909363,0.0,0.0,0.0,0.8975262467895185,0.0,0.018276980435120185,0.0,0.03919950055260756,0.0,0.0,105.45955513210578,0.0,0.0,0.0,0.0,0.26749157568430465
5360.0,0.8569663719286512,0.0,0.335852142,0.0,0.0,0.0,0.8541459765279178,0.0,0.0,0.0,0.05564873844768666,0.0,0.0028203954007333643,105.45955392908645,0.0,0.0,1.1102230246251565e-16,0.0,0.26750690908671104
5361.0,0.8466900303613669,0.0,0.316294271,0.0,0.0,0.0,0.8044060024886811,0.0,0.0,0.0,0.05564867527913418,0.0,0.0422840278726858,105.45673233066638,0.0,0.0,1.1102230246251565e-16,0.0,0.26750691213826944
5362.0,0.8459876673619776,0.0,0.300571515,0.0,0.0,0.0,0.7644195706697345,0.0,0.0,0.0,0.05564861211065342,0.0,0.08156809669224314,105.41444709980658,0.0,0.0,0.0,0.0,0.2675069151898278
5363.0,0.8515209173327762,0.0,0.283124911,0.0,0.0,0.0,0.7200490136682672,0.0,0.0,0.0,0.05564854894224435,0.0,0.1314719036645091,105.33287780060957,0.0,0.0,0.0,0.0,0.2675069182413862
5364.0,0.8871123057865857,0.014179718,0.200512468,0.0,0.0,0.015006347189518533,0.5099473737639073,0.0,0.0,0.0,0.055648485773907,0.0,0.3621585848331598,105.20140469537078,0.0,-1.734723475976807e-18,0.0,0.0,0.2675069212929447
5365.0,0.9460144369579315,0.270669856,0.103393372,0.0,0.0,0.2864489852952637,0.2629521198452094,0.0,0.0,0.0,0.05564842260564133,0.0,0.3966133318174585,104.83924491046312,0.0,-5.551115123125783e-17,0.0,0.0,0.2675069243445032
5366.0,1.014758215523159,0.506611983,0.111220984,0.0,0.0,0.5361457334531237,0.2828594613789181,0.0,0.0,0.0,0.055648359437447385,0.0,0.19575302069111714,104.44263038270245,0.0,0.0,0.0,0.0,0.2675069273960617
5367.0,1.0857075852145175,0.640210158,0.147438347,0.0,0.0,0.6775322263252708,0.37496819322348407,0.0,0.0,0.0,0.05564829626932513,0.0,0.033207165665762636,104.24687617059247,0.0,0.0,0.0,0.0,0.26750693044762025
5368.0,1.1507125656183619,0.709970957,0.167481223,0.0,0.0,0.7513598419387982,0.42594164181160704,0.0,0.026588918132043494,0.0,0.0556482331012746,0.0,0.0,104.21366781574089,0.0,0.0,0.0,0.0,0.2674943084392255
5369.0,1.203901573367846,0.723768469,0.178227756,0.0,0.0,0.7659617018222987,0.4532724424100873,0.0,0.01533257086454,0.0,0.0795781962521349,0.0,0.0,104.21366662693389,0.0,-1.1102230246251565e-16,0.0,0.0,0.2674946120803845
5370.0,1.2442296293663173,0.719785393,0.184306797,0.0,0.0,0.7617464260785752,0.46873278272644664,0.0,0.0,0.0,0.09337741969862298,0.0,0.013750420561295528,104.21366543812692,0.0,-1.1102230246251565e-16,5.551115123125783e-17,0.0,0.2675069396022962
5371.0,1.2725061641435602,0.706803078,0.189248991,0.0,0.0,0.7480072863993732,0.48130187070421643,0.0,0.0,0.0,0.09337731370311256,0.0,0.04319700703997067,104.19991382875865,0.0,0.0,0.0,0.0,0.26750694265385494
5372.0,1.292592032845608,0.694327666,0.196205923,0.0,0.0,0.7348046004359228,0.4989948812099476,0.0,0.0,0.0,0.09337720770772245,0.0,0.05879255119973757,104.15671563306857,0.0,-1.1102230246251565e-16,0.0,0.0,0.2675069457054136
5373.0,1.3037763070706392,0.670705487,0.207343891,0.0,0.0,0.7098053289802455,0.5273211872362963,0.0,0.0,0.0,0.09337710171245268,0.0,0.06664979085409745,104.09792189371151,0.0,-1.1102230246251565e-16,0.0,0.0,0.26750694875697245
5374.0,1.3005407263021111,0.630703019,0.222514898,0.0,0.0,0.6674708535523417,0.5659043998124031,0.0,0.0,0.0,0.09337699571730321,0.0,0.06716547293736615,104.03127091537078,0.0,0.0,1.1102230246251565e-16,0.0,0.26750695180853123
5375.0,1.2804120305879056,0.542163539,0.240943538,0.0,0.0,0.5737698238943871,0.6127724906786555,0.0,0.0,0.0,0.09337688972227406,0.0,0.0938697160148631,103.9641042557071,0.0,0.0,1.1102230246251565e-16,0.0,0.2675069548600901
5376.0,1.253321804047436,0.388385128,0.289464524,0.0,0.0,0.41102665610230016,0.7361720459778068,0.0,0.0,0.0,0.09337678372736523,0.0,0.10612310196732902,103.8702333537321,0.0,0.0,0.0,0.0,0.26750695791164897
5377.0,1.2196105214273578,0.143196279,0.382314077,0.0,0.0,0.15154413359427613,0.9723089115791155,0.0,0.0,0.0,0.09337667773257673,0.0,0.09575747625396627,103.76410906687549,0.0,-2.7755575615628914e-17,1.1102230246251565e-16,0.0,0.26750696096320786
5378.0,1.1591987380774464,0.002929749,0.432781468,0.0,0.0,0.003100543372734545,1.10065860353526,0.0,0.0,0.0,0.09337657173790852,0.0,0.055439591169452046,103.6683504069428,0.0,-4.336808689942018e-19,0.0,0.0,0.26750696401476676
5379.0,1.0912322697828847,0.0,0.437252969,0.0,0.0,0.0,1.112030615532702,0.0,0.02079834574981717,0.0,0.09337646574336066,0.0,0.0,103.61290963318702,0.0,0.0,-2.220446049250313e-16,0.0,0.26749764851093166
5380.0,1.0248504009381645,0.0,0.423260052,0.0,0.0,0.0,1.076443545328936,0.0,0.05159314439077165,0.0,0.11209487092376853,0.0,0.0,103.61290845123311,0.0,0.0,0.0,0.0,0.2674979521558821
5381.0,0.9648604636580084,0.0,0.394560279,0.0,0.0,0.0,1.00345370078236,0.0,0.0385932371243517,0.0,0.15852857363321218,0.0,0.0,103.61290726927922,0.0,0.0,0.0,0.0,0.26749825580117725
5382.0,0.9200034511238406,0.0,0.367458039,0.0,0.0,0.0,0.9345267345494219,0.0,0.014523283425581252,0.0,0.19326230709458894,0.0,0.0,103.61290608732533,0.0,0.0,0.0,0.0,0.267498559446817
5383.0,0.8911209141245636,0.0,0.340630627,0.0,0.0,0.0,0.8662987164578868,0.0,0.0,0.0,0.2063330427997694,0.0,0.024822197666676753,103.61290490537147,0.0,0.0,1.1102230246251565e-16,0.0,0.26750697927256206
5384.0,0.8795233592322087,0.0,0.318126169,0.0,0.0,0.0,0.8090649226217841,0.0,0.0,0.0,0.20633280858494255,0.0,0.07045843661042468,103.58808152575094,0.0,0.0,0.0,0.0,0.26750698232412123
5385.0,0.8943650602955234,0.0,0.292056149,0.0,0.0,0.0,0.7427631192198502,0.0,0.0,0.0,0.20633257437038152,0.0,0.1516019410756732,103.51762190746983,0.0,0.0,1.1102230246251565e-16,0.0,0.2675069853756804
5386.0,0.9298986322829198,0.0,0.273981854,0.0,0.0,0.0,0.6967962057415118,0.0,0.0,0.0,0.2063323401560864,0.0,0.23310242654140803,103.36601878552723,0.0,0.0,0.0,0.0,0.26750698842723963
5387.0,0.9696014139038861,0.0,0.252884021,0.0,0.0,0.0,0.6431397691230193,0.0,0.0,0.0,0.20633210594205714,0.0,0.3264616447808668,103.1329151798483,0.0,0.0,0.0,0.0,0.2675069914787989
5388.0,1.0107988582491627,0.008857383,0.168249721,0.0,0.0,0.009373738214577978,0.42789610150556884,0.0,0.0,0.05978513076421857,0.2063318717282937,0.0,0.5137438877647974,102.80645235858901,0.0,0.0,0.0,0.0,0.2972226459198821
5389.0,1.065114216418399,0.263969153,0.113324132,0.0,0.0,0.2793576541678148,0.2882082300112847,0.0,0.0,0.0,0.14654650675057757,0.0,0.4975483322392996,102.29270729806989,0.0,-5.551115123125783e-17,0.0,0.0,0.26750699758191754
5390.0,1.1272026772942914,0.534822834,0.138980435,0.0,0.0,0.5660011808335141,0.35345785995120976,0.0,0.0,0.0,0.14654634040124137,0.0,0.2077436365095673,101.79515779893676,0.0,0.0,5.551115123125783e-17,0.0,0.2675070006334769
5391.0,1.1908992924767123,0.682342409,0.158453553,0.0,0.0,0.7221206438369546,0.4029822884425825,0.0,0.0,0.0,0.146546174052094,0.0,0.06579636019717527,101.58741300120911,0.0,0.0,5.551115123125783e-17,0.0,0.2675070036850363
5392.0,1.2497543139346843,0.745855471,0.158724875,0.0,0.0,0.7893363006956748,0.40367232005370585,0.0,0.0,0.0,0.14654600770313544,0.0,0.05674569318530368,101.52161548216367,0.0,-1.1102230246251565e-16,5.551115123125783e-17,0.0,0.2675070067365957
5393.0,1.302324471358487,0.752972622,0.158233371,0.0,0.0,0.7968683573209354,0.4024223171162604,0.0,0.0,0.0,0.1465458413543657,0.0,0.10303379692129117,101.46486863088069,0.0,0.0,0.0,0.0,0.26750700978815517
5394.0,1.3441707449379554,0.748858269,0.160738682,0.0,0.0,0.7925141515759243,0.4087938748435925,0.0,0.0,0.0,0.14654567500578483,0.0,0.14286271851843854,101.36183367650905,0.0,0.0,0.0,0.0,0.2675070128397147
5395.0,1.3715778913683934,0.737972069,0.163877243,0.0,0.0,0.7809933232509508,0.4167759268092978,0.0,0.0,0.0,0.14654550865739277,0.0,0.17380864130814466,101.21896980171563,0.0,0.0,0.0,0.0,0.26750701589127424
5396.0,1.3893703735693863,0.730823613,0.167933476,0.0,0.0,0.7734281366509778,0.4270918208100863,0.0,0.0,0.0,0.1465453423091895,0.0,0.1888504161083222,101.0451600057622,0.0,0.0,0.0,0.0,0.2675070189428338
5397.0,1.3950299632260506,0.7128674,0.172340642,0.0,0.0,0.7544251376853464,0.4383002147312143,0.0,0.0,0.0,0.1465451759611751,0.0,0.2023046108094899,100.85630843699133,0.0,0.0,5.551115123125783e-17,0.0,0.2675070219943934
5398.0,1.3829634525505667,0.675596251,0.18034795,0.0,0.0,0.7149812078380618,0.45866456277524087,0.0,0.0,0.0,0.14654500961334951,0.0,0.20931768193726397,100.65400267567358,0.0,0.0,0.0,0.0,0.2675070250459531
5399.0,1.3543871286882188,0.584425095,0.198401179,0.0,0.0,0.6184950844464855,0.5045779007752919,0.0,0.0,0.0,0.14654484326571274,0.0,0.2313141434664414,100.44468384553585,0.0,0.0,0.0,0.0,0.26750702809751276
5400.0,1.3217315319178322,0.42315405,0.247833954,0.0,0.0,0.4478224876510862,0.6302963363446556,0.0,0.0,0.0,0.1465446769182648,0.0,0.2436127079220904,100.2133685562567,0.0,0.0,1.1102230246251565e-16,0.0,0.2675070311490724
5401.0,1.2797225156921637,0.152146988,0.334288968,0.0,0.0,0.16101663839630026,0.8501704807196672,0.0,0.0,0.0,0.1465445105710057,0.0,0.26853539657619624,99.96975470516064,0.0,0.0,0.0,0.0,0.2675070342006322
5402.0,1.209505487908705,0.002264355,0.379128727,0.0,0.0,0.002396359172327844,0.9642078648800203,0.0,0.0,0.0,0.14654434422393542,0.0,0.242901263856357,99.70121816818946,0.0,0.0,0.0,0.0,0.267507037252192
5403.0,1.1307359057973168,0.0,0.365392958,0.0,0.0,0.0,0.9292747786832173,0.0,0.0,0.0,0.14654417787705395,0.0,0.2014611271140994,99.45831576700142,0.0,0.0,0.0,0.0,0.2675070403037518
5404.0,1.0528228639290864,0.0,0.330395311,0.0,0.0,0.0,0.8402680532981092,0.0,0.0,0.0,0.14654401153036134,0.0,0.21255481063097723,99.25685350532653,0.0,0.0,0.0,0.0,0.26750704335531167
5405.0,0.9855823134906005,0.0,0.292159527,0.0,0.0,0.0,0.7430260322453134,0.0,0.0,0.0,0.14654384518385752,0.0,0.24255628124528728,99.04429756243292,0.0,0.0,0.0,0.0,0.26750704640687156
5406.0,0.9355325257322894,0.0,0.259094594,0.0,0.0,0.0,0.65893462428843,0.0,0.0,0.0,0.14654367883754255,0.0,0.2765979014438595,98.8017401513497,0.0,0.0,0.0,0.0,0.26750704945843146
5407.0,0.9027655787302923,0.0,0.231921593,0.0,0.0,0.0,0.5898276972456985,0.0,0.0,0.0,0.1465435124914164,0.0,0.31293788148459384,98.52514112283488,0.0,0.0,0.0,0.0,0.2675070525099914
5408.0,0.889191557226851,0.0,0.215051144,0.0,0.0,0.0,0.5469224293210727,0.0,0.0,0.0,0.14654334614547904,0.0,0.34226912790577824,98.2122021174346,0.0,0.0,0.0,0.0,0.2675070555615514
5409.0,0.900001095095501,0.0,0.1959753,0.0,0.0,0.0,0.4984083561207469,0.0,0.0,0.0,0.14654317979973053,0.0,0.4015927389747541,97.86993186918293,0.0,0.0,0.0,0.0,0.26750705861311147
5410.0,0.935117103714358,0.0,0.181651528,0.0,0.0,0.0,0.4619798487732986,0.0,0.025369773288174358,0.0,0.14654301345417084,0.0,0.49850702822923365,97.46833801376673,0.0,0.0,0.0,0.0,0.26750706166467153
5411.0,0.9744215941222559,0.0,0.173990969,0.0,0.0,0.0,0.44249735981598615,0.0,0.0,0.01818034654147248,0.16937564306815692,0.0,0.5137438877647974,96.96982987367716,0.0,0.0,0.0,0.0,0.2972304059114524
5412.0,1.0160644393939744,0.009646083,0.135685786,0.0,0.0,0.010208416734163013,0.3450788418194102,0.0,0.0,0.1470332930756038,0.1511951042633107,0.0,0.5137438877647974,96.45608487973873,0.0,0.0,0.0,0.0,0.297230743306986
5413.0,1.0685468014428534,0.266866402,0.105463722,0.0,0.0,0.28242380290141333,0.26821747593903644,0.0,0.0,0.004161634837606282,0.004161639561608197,0.0,0.5137438877647974,95.94233989166078,0.0,0.0,0.0,0.0,0.2972310807029026
5414.0,1.1297765807249802,0.546733759,0.112908111,0.0,0.0,0.5786064721304438,0.2871501969697652,0.0,0.0,0.0,0.0,0.0,0.26401991162477123,95.42859490944333,0.0,0.0,0.0,0.0,0.2675070738709121
5415.0,1.195659514878061,0.685736723,0.116216793,0.0,0.0,0.7257128347644641,0.29556490411166675,0.0,0.0,0.0,0.0,0.0,0.17438177600193014,95.1645739092264,0.0,0.0,0.0,0.0,0.26750707692247233
5416.0,1.2545466565951515,0.746334488,0.114830916,0.0,0.0,0.789843242752751,0.2920403136282969,0.0,0.0,0.0,0.0,0.0,0.1726631002141037,94.9901910476441,0.0,0.0,0.0,0.0,0.2675070799740326
5417.0,1.3090504536178826,0.75257377,0.114983954,0.0,0.0,0.7964462536099002,0.29242952297255614,0.0,0.0,0.0,0.0,0.0,0.22017467703542623,94.8175268638389,0.0,0.0,0.0,0.0,0.26750708302559295
5418.0,1.3528367908481034,0.744232203,0.117276186,0.0,0.0,0.7876184017085697,0.29825917386717077,0.0,0.0,0.0,0.0,0.0,0.2669592152723628,94.59735110518201,0.0,0.0,0.0,0.0,0.26750708607715323
5419.0,1.3797342958338623,0.731072306,0.121686856,0.0,0.0,0.7736913276045356,0.3094764792321381,0.0,0.0,0.0,0.0,0.0,0.29656648899718846,94.33039081079983,0.0,0.0,5.551115123125783e-17,0.0,0.2675070891287136
5420.0,1.3973340564801449,0.719363717,0.126270233,0.0,0.0,0.7613001678061971,0.32113301654092985,0.0,0.0,0.0,0.0,0.0,0.3149008721330177,94.03382324573813,0.0,0.0,0.0,0.0,0.2675070921802741
5421.0,1.4044197856416667,0.701565834,0.129759566,0.0,0.0,0.7424647289394702,0.3300071589685106,0.0,0.0,0.0,0.0,0.0,0.331947897733686,93.71892130092368,0.0,-1.1102230246251565e-16,0.0,0.0,0.26750709523183447
5422.0,1.389475299749173,0.659029615,0.134241308,0.0,0.0,0.6974487934714025,0.34140521608477636,0.0,0.0,0.0,0.0,0.0,0.3506212901929941,93.38697233410076,0.0,1.1102230246251565e-16,0.0,0.0,0.267507098283395
5423.0,1.3590531316628203,0.566411444,0.148087604,0.0,0.0,0.5994312990413867,0.3766193967887797,0.0,0.0,0.0,0.0,0.0,0.38300243583265386,93.03634997860522,0.0,-1.1102230246251565e-16,5.551115123125783e-17,0.0,0.2675071013349555
5424.0,1.3292091282405987,0.396203474,0.190880998,0.0,0.0,0.4193007850041432,0.4854524239935725,0.0,0.0,0.0,0.0,0.0,0.42445591924288295,92.6533464814697,0.0,-5.551115123125783e-17,0.0,0.0,0.26750710438651604
5425.0,1.2884677915748037,0.137174799,0.276933755,0.0,0.0,0.14517162185076032,0.7043035402109127,0.0,0.0,0.0,0.0,0.0,0.4389926295131307,92.22888950529304,0.0,-2.7755575615628914e-17,0.0,0.0,0.26750710743807665
5426.0,1.2181137173524397,0.001970763,0.324269801,0.0,0.0,0.0020856517602294428,0.8246895320788474,0.0,0.0,0.0,0.0,0.0,0.39133853351336284,91.78989582368808,0.0,-4.336808689942018e-19,0.0,0.0,0.2675071104896372
5427.0,1.1406396523588276,0.0,0.322853421,0.0,0.0,0.0,0.8210873657474662,0.0,0.0,0.0,0.0,0.0,0.3195522866113614,91.39855624309065,0.0,0.0,0.0,0.0,0.2675071135411979
5428.0,1.0612083929096001,0.0,0.306461438,0.0,0.0,0.0,0.7793989422543565,0.0,0.0,0.0,0.0,0.0,0.28180945065524365,91.07900291385938,0.0,0.0,0.0,0.0,0.26750711659275855
5429.0,0.9964368197220163,0.0,0.288956287,0.0,0.0,0.0,0.73487948733552,0.0,0.2097763171886491,0.0,0.0,0.0,0.47133364957514534,90.79719242422954,0.0,0.0,0.0,0.0,0.2675071196443193
5430.0,0.9486975492696229,0.0,0.274889725,0.0,0.0,0.0,0.6991051216746915,0.0,0.2641514601698659,0.0,0.18879868546978418,0.0,0.5137438877647974,90.3258577388945,0.0,0.0,0.0,0.0,0.2675074233000207
5431.0,0.9179991469548516,0.0,0.264510376,0.0,0.0,0.0,0.6727081508692201,0.0,0.2684528916791657,0.0,0.42653478531161165,0.0,0.5137438877647974,89.8121128207465,0.0,0.0,0.0,0.0,0.26750772695606684
5432.0,0.9038084164763368,0.0,0.261583929,0.0,0.0,0.0,0.665265551528668,0.0,0.27520102281712855,0.0,0.6681419036504299,0.0,0.5137438877647974,89.29836790845901,0.0,0.0,1.1102230246251565e-16,0.0,0.2675080306124576
5433.0,0.9127956649776687,0.0,0.246756923,0.0,0.0,0.0,0.6275572092699626,0.0,0.2285054320570913,0.0,0.9158220657579265,0.0,0.5137438877647974,88.784623002032,0.0,0.0,1.1102230246251565e-16,0.0,0.26750833426919307
5434.0,0.9515326974744749,0.0,0.225498945,0.0,0.0,0.0,0.5734934886407252,0.0,0.13570467893104773,0.0,1.1214759150322073,0.0,0.5137438877647974,88.2708781014655,0.0,0.0,0.0,0.0,0.2675086379262732
5435.0,0.9882911220095867,0.0,0.197528357,0.0,0.0,0.0,0.5023581221694878,0.0,0.02781088792469847,0.0,1.2436088530491949,0.0,0.5137438877647974,87.75713320675949,0.0,0.0,0.0,0.0,0.26750894158369815
5436.0,1.03177981150531,0.009799553,0.127264758,0.0,0.0,0.010370833511645854,0.3236623126837141,0.0,0.0,0.18400277754515276,1.268637240523706,0.0,0.5137438877647974,87.24338831791397,0.0,-1.734723475976807e-18,0.0,0.0,0.2972324947127418
5437.0,1.086429220369378,0.236451672,0.089686921,0.0,0.0,0.2502359978931991,0.22809359578039323,0.0,0.0,0.09435573893098824,1.0846330229103625,0.0,0.5137438877647974,86.72964343492893,0.0,0.0,0.0,0.0,0.29723283211064655
5438.0,1.151132270337509,0.517404725,0.093106191,0.0,0.0,0.5475676554955013,0.23678955256593195,0.0,0.1469688254887216,0.0,0.9902760527798908,0.0,0.5137438877647974,86.21589855780441,0.0,0.0,0.0,0.0,0.26750985255804083
5439.0,1.2172486117068504,0.65633524,0.08936963,0.0,0.0,0.6945973455999599,0.22728665487650426,0.0,0.2183792765344111,0.0,1.1225468716276845,0.0,0.5137438877647974,85.70215368654036,0.0,-1.1102230246251565e-16,2.7755575615628914e-17,0.0,0.26751015621684443
5440.0,1.2800908279967216,0.710696919,0.078642285,0.0,0.0,0.7521281250469952,0.20000465358863734,0.0,0.18578583840370824,0.0,1.3190869462720243,0.0,0.5137438877647974,85.18840882113682,0.0,0.0,0.0,0.0,0.26751045987599276
5441.0,1.3362969987527284,0.711471302,0.072972833,0.0,0.0,0.7529476519343185,0.18558598832099651,0.0,0.11598052926738384,0.0,1.4862927035001963,0.0,0.5137438877647974,84.67466396159377,0.0,0.0,2.7755575615628914e-17,0.0,0.26751076353548575
5442.0,1.3803659942631912,0.698043591,0.07172981,0.0,0.0,0.7387371511876523,0.1824247070266177,0.0,0.054539751715876154,0.0,1.5906734927054054,0.0,0.5137438877647974,84.1609191079112,0.0,0.0,2.7755575615628914e-17,0.0,0.26751106719532347
5443.0,1.414777498532051,0.67490455,0.073312809,0.0,0.0,0.7142491830292937,0.18645062217679625,0.0,0.0,0.0003338055611637149,1.639757463628492,0.0,0.5137438877647974,83.64717426008913,0.0,-1.1102230246251565e-16,2.7755575615628914e-17,0.0,0.2972348565061177
5444.0,1.43560427454443,0.644394457,0.074643953,0.0,0.0,0.681960455683482,0.1898360145849211,0.0,0.0,0.050063916511229586,1.6394217967294384,0.0,0.5137438877647974,83.13342941812756,0.0,-1.1102230246251565e-16,2.7755575615628914e-17,0.0,0.29723519390670333
5445.0,1.445580827026609,0.601497832,0.077052965,0.0,0.0,0.636563103775032,0.1959626627431082,0.0,0.0,0.09931117274367159,1.589356019261345,0.0,0.5137438877647974,82.61968458202647,0.0,0.0,-2.7755575615628914e-17,0.0,0.297235531307672
5446.0,1.4330239470619175,0.540359292,0.083913084,0.0,0.0,0.571860395448938,0.21340945646447357,0.0,0.0,0.1340102073837086,1.490043042391975,0.0,0.5137438877647974,82.1059397517859,0.0,0.0,0.0,0.0,0.2972358687090236
5447.0,1.4019336775859015,0.449136724,0.100522422,0.0,0.0,0.4753198629131384,0.25565066160019145,0.0,0.0,0.1572192653077742,1.3560311436157078,0.0,0.5137438877647974,81.59219492740579,0.0,-5.551115123125783e-17,0.0,0.0,0.29723620611075824
5448.0,1.3688369625902888,0.314551739,0.146899461,0.0,0.0,0.33288903238419953,0.3735976874230261,0.0,0.0,0.1486063550182658,1.1988103390363014,0.0,0.5137438877647974,81.07845010888619,0.0,-5.551115123125783e-17,0.0,0.0,0.2972365435128759
5449.0,1.3263846867887863,0.123009018,0.232168343,0.0,0.0,0.13018002414079988,0.5904552368482544,0.0,0.0,0.09200553803493473,1.0502026232124557,0.0,0.5137438877647974,80.56470529622707,0.0,0.0,0.0,0.0,0.29723688091537653
5450.0,1.2532061711146099,0.001586908,0.280148031,0.0,0.0,0.001679419323136361,0.7124781520996475,0.0,0.0,0.025304711927028645,0.9581958930610172,0.0,0.5137438877647974,80.05096048942845,0.0,0.0,0.0,0.0,0.2972372183182601
5451.0,1.1726935296083958,0.0,0.285751544,0.0,0.0,0.0,0.7267291199656553,0.0,0.0677794781220569,0.0,0.9328900934570845,0.0,0.5137438877647974,79.53721568849033,0.0,0.0,1.1102230246251565e-16,0.0,0.2675138001493741
5452.0,1.0967719438055068,0.0,0.274766937,0.0,0.0,0.0,0.6987928447437143,0.0,0.11576478870300475,0.0,0.9938905648154039,0.0,0.5137438877647974,79.02347089341269,0.0,0.0,0.0,0.0,0.2675141038126588
5453.0,1.0283729226881504,0.0,0.257926395,0.0,0.0,0.0,0.6559636369078166,0.0,0.1413346019844635,0.0,1.0980777464531113,0.0,0.5137438877647974,78.50972610419555,0.0,0.0,0.0,0.0,0.26751440747628813
5454.0,0.9780062150398708,0.0,0.24064513,0.0,0.0,0.0,0.6120135734031964,0.0,0.14775124612812293,0.0,1.2252776417781361,0.0,0.5137438877647974,77.99598132083891,0.0,0.0,0.0,0.0,0.26751471114026215
5455.0,0.9437381812617399,0.0,0.221820909,0.0,0.0,0.0,0.5641394329178208,0.0,0.13414513942087822,0.0,1.3582523724440374,0.0,0.5137438877647974,77.48223654334275,0.0,0.0,0.0,0.0,0.26751501480458095
5456.0,0.9289457312624069,0.0,0.204962871,0.0,0.0,0.0,0.521265728900013,0.0,0.10606388540240341,0.0,1.478981456129812,0.0,0.5137438877647974,76.96849177170708,0.0,0.0,0.0,0.0,0.26751531846924437
5457.0,0.9406225161272539,0.0,0.181076572,0.0,0.0,0.0,0.46051760901756533,0.0,0.03363898065510872,0.0,1.5744372741557549,0.0,0.5137438877647974,76.4547470059319,0.0,0.0,-5.551115123125783e-17,0.0,0.2675156221342525
5458.0,0.9778734513021814,0.0,0.159387546,0.0,0.0,0.0,0.4053576383757541,0.0,0.0,0.05877192516162995,1.60471056955437,0.0,0.5137438877647974,75.94100224601723,0.0,0.0,0.0,0.0,0.2972399175551171
5459.0,1.020201528768426,0.0,0.14034583,0.0,0.0,0.0,0.35693036019693203,0.0,0.0,0.1495272808066967,1.5459368228376311,0.0,0.5137438877647974,75.42725749196305,0.0,0.0,0.0,0.0,0.2972402549614477
5460.0,1.060298318901245,0.011267243,0.09618878,0.0,0.0,0.011924084832058885,0.24462925540647304,0.0,0.0,0.2900010908979156,1.3964077871916687,0.0,0.5137438877647974,74.91351274376935,0.0,0.0,2.7755575615628914e-17,0.0,0.2972405923681613
5461.0,1.1140911875221553,0.212323684,0.06534288,0.0,0.0,0.22470143049823846,0.1661813371633835,0.0,0.0,0.20946453209573593,1.1064051111893816,0.0,0.5137438877647974,74.39976800143614,0.0,0.0,0.0,0.0,0.29724092977525796
5462.0,1.179650777733444,0.484365493,0.055574283,0.0,0.0,0.5126023489733934,0.14133764322656564,0.0,0.0,0.011966897768687448,0.8969393231800117,0.0,0.5137438877647974,73.88602326496343,0.0,0.0,2.7755575615628914e-17,0.0,0.2972412671827375
5463.0,1.2452125092953408,0.626881809,0.053922113,0.0,0.0,0.6634268800442606,0.13713581098682923,0.0,0.0690940695005464,0.0,0.8849714072685904,0.0,0.5137438877647974,73.37227853435121,0.0,0.0,2.7755575615628914e-17,0.0,0.2675174441315401
5464.0,1.3048876680361363,0.696539103,0.05044919,0.0,0.0,0.7371449566693646,0.12830340280394123,0.0,0.07430457920196694,0.0,0.9471550652614886,0.0,0.5137438877647974,72.85853380959948,0.0,-1.1102230246251565e-16,0.0,0.0,0.2675177477989612
5465.0,1.3607405159418409,0.702370909,0.048533795,0.0,0.0,0.7433167370656967,0.12343213140763823,0.0,0.019752240296291444,0.0,1.0140281113991296,0.0,0.5137438877647974,72.34478909070823,0.0,0.0,0.0,0.0,0.26751805146672697
5466.0,1.407004395825395,0.683988263,0.048611491,0.0,0.0,0.7238624455108144,0.12362972945003009,0.0,0.0,0.04576833309975324,1.031803976612062,0.0,0.5137438877647974,71.8310443776775,0.0,0.0,1.3877787807814457e-17,0.0,0.29724261681648606
5467.0,1.4410968388536787,0.659708718,0.051314701,0.0,0.0,0.6981674858597451,0.1305045879263236,0.0,0.0,0.09868087730281264,0.9860344722806607,0.0,0.5137438877647974,71.31729967050724,0.0,0.0,0.0,0.0,0.29724295422588065
5468.0,1.4636688156114914,0.635286376,0.056125268,0.0,0.0,0.6723214046306855,0.1427389194491161,0.0,0.0,0.13486460376689255,0.8873524757005374,0.0,0.5137438877647974,70.80355496919748,0.0,0.0,0.0,0.0,0.2972432916356583
5469.0,1.4691121288567583,0.597262703,0.062944825,0.0,0.0,0.6320810812012123,0.1600825550697363,0.0,0.0,0.16320460482101243,0.7524868646732292,0.0,0.5137438877647974,70.2898102737482,0.0,-1.1102230246251565e-16,0.0,0.0,0.29724362904581897
5470.0,1.4537286660896465,0.53617808,0.071967907,0.0,0.0,0.5674354330522964,0.18303024014414465,0.0,0.0,0.18951910512840806,0.5892814056818021,0.0,0.5137438877647974,69.77606558415943,0.0,0.0,0.0,0.0,0.29724396645636253
5471.0,1.4225420358362753,0.437313052,0.091856013,0.0,0.0,0.4628069111684711,0.23361007453049418,0.0,0.0,0.21238116237251248,0.39976163164239203,0.0,0.5137438877647974,69.26232090043113,0.0,0.0,2.7755575615628914e-17,0.0,0.29724430386728923
5472.0,1.3902012176052492,0.297842195,0.154775311,0.0,0.0,0.31520537896862827,0.39362770881630166,0.0,0.0,0.167624242055522,0.18738001548845862,0.0,0.5137438877647974,68.74857622256333,0.0,0.0,-5.551115123125783e-17,0.0,0.29724464127859884
5473.0,1.3449865995195631,0.118118062,0.269926769,0.0,0.0,0.12500394209003843,0.6864832313575975,0.0,0.0,0.01975553830712998,0.019755560732259637,0.0,0.5137438877647974,68.23483155055604,0.0,0.0,1.1102230246251565e-16,0.0,0.29724497869029154
5474.0,1.2706924401786739,0.002961813,0.334072353,0.0,0.0,0.003134476594557766,0.8496195810600614,0.0,0.0,0.0,0.0,0.0,0.41793838252405463,67.72108688440922,0.0,-4.336808689942018e-19,1.1102230246251565e-16,0.0,0.2675072569645879
5475.0,1.1919442715733646,0.0,0.341380969,0.0,0.0,0.0,0.8682070014445578,0.0,0.0,0.0,0.0,0.0,0.3237372701288067,67.30314772936363,0.0,0.0,1.1102230246251565e-16,0.0,0.2675072600161502
5476.0,1.1176286987263964,0.0,0.324604038,0.0,0.0,0.0,0.8255395703934957,0.0,0.0,0.0,0.0,0.0,0.29208912833290074,66.9794096914809,0.0,0.0,1.1102230246251565e-16,0.0,0.26750726306771255
5477.0,1.049467367526516,0.0,0.301369333,0.0,0.0,0.0,0.7664485975821237,0.0,0.0,0.0,0.0,0.0,0.2830187699443923,66.68731979908706,0.0,0.0,0.0,0.0,0.26750726611927494
5478.0,0.9961306065850873,0.0,0.278183418,0.0,0.0,0.0,0.7074817084879095,0.0,0.08434013605458417,0.0,0.0,0.0,0.37298903415176216,66.40430026841375,0.0,0.0,0.0,0.0,0.2675072691708374
5479.0,0.9600060218299122,0.0,0.259212743,0.0,0.0,0.0,0.6592351032205571,0.0,0.21297296915544225,0.0,0.07590612244912574,0.0,0.5137438877647974,66.03131047676158,0.0,0.0,1.1102230246251565e-16,0.0,0.2675075728267085
5480.0,0.9432949216859059,0.0,0.243139431,0.0,0.0,0.0,0.6183571302753141,0.0,0.18880609635420556,0.0,0.267581708525707,0.0,0.5137438877647974,65.5175658357512,0.0,0.0,0.0,0.0,0.2675078764829244
5481.0,0.952380672315201,0.0,0.220605927,0.0,0.0,0.0,0.561049466063139,0.0,0.12241268151273547,0.0,0.4375068915044672,0.0,0.5137438877647974,65.00382120060132,0.0,0.0,1.1102230246251565e-16,0.0,0.2675081801394849
5482.0,0.9896101939840495,0.0,0.201395477,0.0,0.0,0.0,0.5121930601546403,0.0,0.036326753935388235,0.0,0.5476778082387314,0.0,0.5137438877647974,64.49007657131193,0.0,0.0,1.1102230246251565e-16,0.0,0.2675084837963901
5483.0,1.0316855920785626,0.0,0.183175615,0.0,0.0,0.0,0.46585593773070805,0.0,0.0,0.052085766583057205,0.5803712650950703,0.0,0.5137438877647974,63.97633194788303,0.0,0.0,5.551115123125783e-17,0.0,0.2972319860596
5484.0,1.0695018438139743,0.014205502,0.122080303,0.0,0.0,0.015033634308764102,0.31047710161919734,0.0,0.0,0.23024722012121546,0.528284839715179,0.0,0.5137438877647974,63.462587330314626,0.0,0.0,0.0,0.0,0.2972323234569273
5485.0,1.119500239157696,0.240006943,0.075176012,0.0,0.0,0.25399852906475184,0.19118915782056994,0.0,0.0,0.16056866450757692,0.2980370199219935,0.0,0.5137438877647974,62.948842718606706,0.0,-5.551115123125783e-17,2.7755575615628914e-17,0.0,0.2972326608546376
5486.0,1.1821347444386012,0.517409521,0.070015585,0.0,0.0,0.5475727310859412,0.17806505525279168,0.0,0.057246929664928954,0.0,0.1374680171036541,0.0,0.5137438877647974,62.435098112759285,0.0,0.0,2.7755575615628914e-17,0.0,0.2675096984274578
5487.0,1.2437049984673834,0.662391189,0.069302602,0.0,0.0,0.701006335768595,0.17625178243232892,0.0,0.14729700749833788,0.0,0.1889900977580199,0.0,0.5137438877647974,61.92135351277234,0.0,0.0,0.0,0.0,0.2675100020860865
5488.0,1.2979860950268933,0.717751557,0.065922574,0.0,0.0,0.7595940243776006,0.16765562669677397,0.0,0.14300744381227853,0.0,0.3215571899781943,0.0,0.5137438877647974,61.4076089186459,0.0,-1.1102230246251565e-16,0.0,0.0,0.26751030574505985
5489.0,1.3486440263578465,0.716650386,0.062697411,0.0,0.0,0.7584286588646171,0.1594533267689185,0.0,0.08298184704048651,0.0,0.450263524400032,0.0,0.5137438877647974,60.89386433037994,0.0,0.0,0.0,0.0,0.2675106094043779
5490.0,1.3905181374952176,0.693059596,0.0632267,0.0,0.0,0.7334626062805657,0.16079942528440894,0.0,0.017487781834554367,0.0,0.5249466756288353,0.0,0.5137438877647974,60.38011974797447,0.0,-1.1102230246251565e-16,0.0,0.0,0.2675109130640407
5491.0,1.4219081960563387,0.661235648,0.067293176,0.0,0.0,0.6997834306700786,0.1711413694904618,0.0,0.0,0.037239508131000895,0.5406850833972144,0.0,0.5137438877647974,59.86637517142949,0.0,-1.1102230246251565e-16,0.0,0.0,0.2972346852489423
5492.0,1.4381631885208634,0.62955901,0.073567322,0.0,0.0,0.6662601527300874,0.18709790479833766,0.0,0.0,0.0710612432276411,0.5034449615183548,0.0,0.5137438877647974,59.35263060074501,0.0,0.0,0.0,0.0,0.2972350226493336
5493.0,1.4401482205343814,0.592729139,0.079486822,0.0,0.0,0.6272832258849146,0.20215249720899733,0.0,0.0,0.09696860967567204,0.43238314681523454,0.0,0.5137438877647974,58.83888603592101,0.0,0.0,2.7755575615628914e-17,0.0,0.29723536005010787
5494.0,1.4187047355469289,0.540788058,0.085891269,0.0,0.0,0.5723141570441305,0.21844041666176742,0.0,0.0,0.11420627407623365,0.3354140463284811,0.0,0.5137438877647974,58.3251414769575,0.0,0.0,2.7755575615628914e-17,0.0,0.2972356974512651
5495.0,1.3812118277533094,0.455450536,0.10066163,0.0,0.0,0.4820017486150507,0.25600469820806426,0.0,0.0,0.129461493165397,0.22120739151370103,0.0,0.5137438877647974,57.81139692385448,0.0,0.0,5.551115123125783e-17,0.0,0.2972360348528053
5496.0,1.3438623904504188,0.31888205,0.157635254,0.0,0.0,0.3374717857439342,0.400901173835766,0.0,0.0,0.09174554310592113,0.09174564724915768,0.0,0.5137438877647974,57.297652376611964,0.0,0.0,0.0,0.0,0.29723637225472854
5497.0,1.2997205890192876,0.133140914,0.263204981,0.0,0.0,0.14090257511565665,0.6693882438399248,0.0,0.0,0.0,0.0,0.0,0.48942977006370614,56.783907835229925,0.0,-2.7755575615628914e-17,1.1102230246251565e-16,0.0,0.26750732715053016
5498.0,1.2354650813282064,0.001490271,0.322625784,0.0,0.0,0.0015771487156846823,0.8205084347140031,0.0,0.0,0.0,0.0,0.0,0.41337949789851874,56.29447741740946,0.0,0.0,0.0,0.0,0.2675073302020933
5499.0,1.1651152898070583,0.0,0.332328362,0.0,0.0,0.0,0.845184227791566,0.0,0.0,0.0,0.0,0.0,0.3199310620154924,55.88109727733732,0.0,0.0,0.0,0.0,0.26750733325365644
5500.0,1.094058852585305,0.0,0.323868936,0.0,0.0,0.0,0.8236700440837973,0.0,0.0,0.0,0.0,0.0,0.2703888085015078,55.5611655778638,0.0,0.0,0.0,0.0,0.2675073363052196
5501.0,1.0291844945685422,0.0,0.310589525,0.0,0.0,0.0,0.7898975768046974,0.0,0.0,0.0,0.0,0.0,0.23928691776384484,55.29077613555384,0.0,0.0,0.0,0.0,0.2675073393567829
5502.0,0.9782075019970129,0.0,0.295250055,0.0,0.0,0.0,0.7508859257116082,0.0,0.0,0.0,0.0,0.0,0.2273215762854048,55.051488587066,0.0,0.0,0.0,0.0,0.2675073424083461
5503.0,0.9395561235245226,0.0,0.283536546,0.0,0.0,0.0,0.721095892145666,0.0,0.0,0.0,0.0,0.0,0.2184602313788566,54.824166382786245,0.0,0.0,0.0,0.0,0.2675073454599094
5504.0,0.9157164672068364,0.0,0.279200254,0.0,0.0,0.0,0.7100677464182219,0.0,0.0,0.0,0.0,0.0,0.20564872078861443,54.60570552600619,0.0,0.0,1.1102230246251565e-16,0.0,0.2675073485114728
5505.0,0.9066328579281493,0.0,0.266975302,0.0,0.0,0.0,0.6789770006457956,0.0,0.0,0.0,0.0,0.0,0.22765585728235382,54.400056182308454,0.0,0.0,-1.1102230246251565e-16,0.0,0.2675073515630361
5506.0,0.9123224264933242,0.0,0.250750872,0.0,0.0,0.0,0.6377147013392189,0.0,0.0,0.0,0.0,0.0,0.2746077251541053,54.17239970446289,0.0,0.0,0.0,0.0,0.2675073546145995
5507.0,0.92240390515529,0.0,0.222318747,0.0,0.0,0.0,0.5654055446124805,0.0,0.065948821216859,0.0,0.0,0.0,0.42294718175966856,53.897791361342556,0.0,0.0,0.0,0.0,0.26750735766616296
5508.0,0.9580231311670022,0.008415936,0.147851454,0.0,0.0,0.00890655636034284,0.3760188153211258,0.0,0.0,0.059353871720736216,0.05935393909517309,0.0,0.5137438877647974,53.47484356474922,0.0,-1.734723475976807e-18,0.0,0.0,0.2972307348023717
5509.0,1.0107196282766706,0.240101952,0.097180802,0.0,0.0,0.2540990767653569,0.247152185868912,0.0,0.0,0.0,0.0,0.0,0.5094683656424017,52.96109906697549,0.0,0.0,2.7755575615628914e-17,0.0,0.26750736376928996
5510.0,1.0775511807490485,0.523687934,0.094415008,0.0,0.0,0.5542171541469066,0.24011816249500403,0.0,0.0,0.0,0.0,0.0,0.2832158641071379,52.45163009718465,0.0,0.0,0.0,0.0,0.26750736682085346
5511.0,1.1453763199034894,0.662709842,0.106778751,0.0,0.0,0.7013435651515052,0.2715618843524493,0.0,0.0,0.0,0.0,0.0,0.172470870399535,52.16841363474078,0.0,0.0,0.0,0.0,0.2675073698724171
5512.0,1.2057538416436744,0.711982943,0.110526024,0.0,0.0,0.7534891198593078,0.2810920250174498,0.0,0.0,0.0,0.0,0.0,0.17117269676691688,51.995942169235285,0.0,-1.1102230246251565e-16,-5.551115123125783e-17,0.0,0.2675073729239807
5513.0,1.2548271735247858,0.714038625,0.114734733,0.0,0.0,0.7556646411075614,0.29179569907270364,0.0,0.0,0.0,0.0,0.0,0.2073668333445209,51.82476887932985,0.0,0.0,0.0,0.0,0.2675073759755443
5514.0,1.2922365686446975,0.694614793,0.122155834,0.0,0.0,0.7351084659605746,0.31066919358969647,0.0,0.0,0.0,0.0,0.0,0.24645890909442647,51.61740145479946,0.0,0.0,0.0,0.0,0.267507379027108
5515.0,1.3196758353342537,0.674173801,0.133750325,0.0,0.0,0.7134758338553261,0.34015653816509345,0.0,0.0,0.0,0.0,0.0,0.26604346331383416,51.370941956884685,0.0,-1.1102230246251565e-16,0.0,0.0,0.2675073820786717
5516.0,1.3360807223413311,0.657515707,0.14841788,0.0,0.0,0.6958466297992484,0.37745936140792374,0.0,0.0,0.0,0.0,0.0,0.26277473113415883,51.10489790756197,0.0,0.0,0.0,0.0,0.2675073851302355
5517.0,1.3405411556575748,0.631897242,0.162699025,0.0,0.0,0.6687346956795058,0.4137794589047615,0.0,0.0,0.0,0.0,0.0,0.2580270010733074,50.842122593453794,0.0,0.0,0.0,0.0,0.26750738818179925
5518.0,1.3261619863255651,0.591277605,0.17682619,0.0,0.0,0.6257470724041901,0.44970795134384206,0.0,0.0,0.0,0.0,0.0,0.2507069625775329,50.58409501240406,0.0,0.0,0.0,0.0,0.2675073912333631
5519.0,1.2938104613414996,0.510162246,0.196698686,0.0,0.0,0.5399029646753597,0.5002480860617179,0.0,0.0,0.0,0.0,0.0,0.25365941060442193,50.333387472793525,0.0,0.0,0.0,0.0,0.2675073942849269
5520.0,1.2613968371898052,0.373259375,0.248664946,0.0,0.0,0.3950191232993981,0.6324097320464074,0.0,0.0,0.0,0.0,0.0,0.23396798184399978,50.07972748801602,0.0,-5.551115123125783e-17,0.0,0.0,0.26750739733649087
5521.0,1.222520616903486,0.142872599,0.317575995,0.0,0.0,0.15120158415441395,0.8076657089508756,0.0,0.0,0.0,0.0,0.0,0.2636533237981963,49.84575893489253,0.0,-2.7755575615628914e-17,0.0,0.0,0.26750740038805476
5522.0,1.1631709434550903,0.000823066,0.346819343,0.0,0.0,0.0008710479401556688,0.8820379844577733,0.0,0.0,0.0,0.0,0.0,0.2802619110571613,49.58210504248382,0.0,0.0,1.1102230246251565e-16,0.0,0.2675074034396187
5523.0,1.098656332340454,0.0,0.351137847,0.0,0.0,0.0,0.8930208913829872,0.0,0.0,0.0,0.0,0.0,0.2056354409574666,49.301842565823755,0.0,0.0,0.0,0.0,0.26750740649118276
5524.0,1.0329789678457308,0.0,0.344187404,0.0,0.0,0.0,0.8753443838336126,0.0,0.0,0.0,0.0,0.0,0.15763458401211827,49.096206562460445,0.0,0.0,0.0,0.0,0.2675074095427467
5525.0,0.9733616255713483,0.0,0.337707,0.0,0.0,0.0,0.8588632889985067,0.0,0.0,0.0,0.0,0.0,0.1144983365728415,48.938571418388264,0.0,0.0,1.1102230246251565e-16,0.0,0.2675074125943108
5526.0,0.9263632624292865,0.0,0.32262604,0.0,0.0,0.0,0.8205090857783932,0.0,0.0,0.0,0.0,0.0,0.10585417665089335,48.82407252355356,0.0,0.0,0.0,0.0,0.26750741564587494
5527.0,0.8903757241130165,0.0,0.311481692,0.0,0.0,0.0,0.7921665540066978,0.0,0.0,0.0,0.0,0.0,0.09820917010631876,48.71821778994694,0.0,0.0,0.0,0.0,0.26750741869743905
5528.0,0.8673240848190354,0.0,0.298632898,0.0,0.0,0.0,0.7594892406122337,0.0,0.0,0.0,0.0,0.0,0.10783484420680176,48.620008064092424,0.0,0.0,0.0,0.0,0.2675074217490032
5529.0,0.8554138927379279,0.0,0.282945362,0.0,0.0,0.0,0.7195923810113297,0.0,0.0,0.0,0.0,0.0,0.1358215117265982,48.512172665257744,0.0,0.0,0.0,0.0,0.26750742480056744
5530.0,0.8544952533271413,0.0,0.269350385,0.0,0.0,0.0,0.6850173598833134,0.0,0.0,0.0,0.0,0.0,0.1694778934438279,48.376350600133385,0.0,0.0,0.0,0.0,0.26750742785213166
5531.0,0.8606195160657186,0.0,0.257534298,0.0,0.0,0.0,0.654966447868127,0.0,0.0,0.0,0.0,0.0,0.2056530681975916,48.20687215484117,0.0,0.0,1.1102230246251565e-16,0.0,0.26750743090369594
5532.0,0.8891701437207721,0.010245602,0.214133957,0.0,0.0,0.01084288564678264,0.5445898207478224,0.0,0.0,0.0,0.0,0.0,0.3337374373261671,48.00121853672851,0.0,0.0,0.0,0.0,0.2675074339552602
5533.0,0.9339671984379188,0.24514658,0.185577571,0.0,0.0,0.2594377893695122,0.47196464092664325,0.0,0.0,0.0,0.0,0.0,0.2025647681417633,47.667480551833236,0.0,-5.551115123125783e-17,0.0,0.0,0.2675074370068246
5534.0,0.9934731904806907,0.555103554,0.205796095,0.0,0.0,0.5874641976278829,0.5233848010694158,0.0,0.0,0.0,0.0,0.11737580821660795,0.0,47.464915239929454,0.0,0.0,0.0,0.0,0.13107864562861057
5535.0,1.0519556169328892,0.709631442,0.222240365,0.0,0.0,0.7510005343724524,0.5652062019209807,0.0,0.047564360525147426,0.0,0.0,0.21668675883539654,0.0,47.52242884450432,0.0,0.0,0.0,0.0,0.13107776335012097
5536.0,1.1075043930522726,0.768833771,0.217714142,0.0,0.0,0.8136541572020534,0.5536950198237168,0.0,0.043158025138101186,0.0,0.04280792447263268,0.21668675883539654,0.0,47.62860481422631,0.0,0.0,0.0,0.0,0.1310779121405914
5537.0,1.1569567439909814,0.771417056,0.214160161,0.0,0.0,0.8163880389054465,0.5446564632918766,0.0,0.0,0.0,0.08165009850436444,0.20408775820634156,0.0,47.734780782737104,0.0,-1.1102230246251565e-16,0.0,0.0,0.13107865011441033
5538.0,1.1954453798172717,0.765952615,0.213021743,0.0,0.0,0.8106050396354583,0.5417612155542368,0.0,0.0,0.0,0.08165000582088813,0.1569208753724233,0.0,47.834783239728466,0.0,-1.1102230246251565e-16,0.0,0.0,0.13107865160967694
5539.0,1.2299382554092315,0.755102487,0.213264684,0.0,0.0,0.7991223861850358,0.54237906803077,0.0,0.0,0.0,0.08164991313751703,0.11156319880657442,0.0,47.911673922990445,0.0,0.0,0.0,0.0,0.13107865310494357
5540.0,1.2556066251460591,0.753172567,0.217746931,0.0,0.0,0.7970799584323827,0.553778409473274,0.0,0.0,0.0,0.08164982045425113,0.09525174275959755,0.0,47.96633934385804,0.0,0.0,0.0,0.0,0.13107865460021023
5541.0,1.273199961740518,0.747868809,0.225392204,0.0,0.0,0.7914670094331723,0.5732220227654813,0.0,0.031245656935373876,0.0,0.08164972777109043,0.06024341352276161,0.0,48.01301215063902,0.0,-1.1102230246251565e-16,1.1102230246251565e-16,0.0,0.1310786560954769
5542.0,1.2730522085485734,0.715475701,0.234990301,0.0,0.0,0.7571854937362049,0.5976320976456191,0.0,0.08176538283325059,0.0,0.10977072632987143,0.0,0.0,48.04253087556154,0.0,0.0,1.1102230246251565e-16,0.0,0.13107880488696066
5543.0,1.2566773004500063,0.632805347,0.248210316,0.0,0.0,0.6696957401032764,0.6312535078133373,0.0,0.044271947466607287,0.0,0.18335944627575237,0.0,0.0,48.04253032752117,0.0,0.0,0.0,0.0,0.13107895367861336
5544.0,1.2396749766233264,0.453693346,0.290223993,0.0,0.0,0.48014212043218063,0.7381035429359167,0.0,0.0,0.0214293132552291,0.2232039908588907,0.0,0.0,48.042529779480816,0.0,-5.551115123125783e-17,0.0,0.0,0.14564344718937217
5545.0,1.2100558150149339,0.133025285,0.373889113,0.0,0.0,0.1407802053393905,0.9508823723284219,0.0,0.0,0.11839323734712145,0.20177442423811545,0.0,0.0,48.042529231440454,0.0,0.0,0.0,0.0,0.14564361251380603
5546.0,1.1506162048410067,0.000643832,0.419371451,0.0,0.0,0.0006813652093590364,1.0665539764290823,0.0,0.0,0.08338086320256513,0.0833809578507918,0.0,0.0,48.04252868340011,0.0,-1.0842021724855044e-19,2.220446049250313e-16,0.0,0.14564377783842758
5547.0,1.0846454753130021,0.0,0.431129323,0.0,0.0,0.0,1.0964568348760304,0.0,0.0,0.0,0.0,0.011811359563028196,0.0,48.04252813535977,0.0,0.0,0.0,0.0,0.13107866506707724
5548.0,1.0148053252365328,0.0,0.430123872,0.0,0.0,0.0,1.0938997515085347,0.0,0.0,0.0,0.0,0.07909442627200211,0.0,48.048315153505314,0.0,0.0,2.220446049250313e-16,0.0,0.13107866656234402
5549.0,0.9571708736250603,0.0,0.423137762,0.0,0.0,0.0,1.076132534921655,0.0,0.0,0.0,0.0,0.11896166129659477,0.0,48.08707087427224,0.0,0.0,0.0,0.0,0.13107866805761081
5550.0,0.9130269308433213,0.0,0.415377968,0.0,0.0,0.0,1.0563976695004738,0.0,0.0,0.0,0.0,0.1433707386571525,0.0,48.145361539759115,0.0,0.0,0.0,0.0,0.1310786695528776
5551.0,0.8858360608242808,0.0,0.414498581,0.0,0.0,0.0,1.0541611946535725,0.0,0.0,0.0,0.0,0.1683251338292916,0.0,48.21561265248773,0.0,0.0,0.0,0.0,0.13107867104814447
5552.0,0.8767160485852594,0.0,0.413352945,0.0,0.0,0.0,1.0512475899519966,0.0,0.0,0.0,0.0,0.17453154136673718,0.0,48.298091418049296,0.0,0.0,0.0,0.0,0.13107867254341132
5553.0,0.8916733825814004,0.0,0.408484454,0.0,0.0,0.0,1.0388659449380655,0.0,0.015492897574436669,0.0,0.0,0.13169966478222836,0.0,48.38361132236335,0.0,0.0,0.0,0.0,0.1310786740386782
5554.0,0.9337444979746977,0.0,0.402263811,0.0,0.0,0.0,1.0230454795444979,0.0,0.08930098156980013,0.0,0.013943607816993001,0.0,0.0,48.44814360617543,0.0,0.0,0.0,0.0,0.13107882283018235
5555.0,0.9767321114281738,0.0,0.395783979,0.0,0.0,0.0,1.0065658394313888,0.0,0.02983372800321479,0.0,0.09431447540200556,0.0,0.0,48.448143053508076,0.0,0.0,-2.220446049250313e-16,0.0,0.13107897162185542
5556.0,1.0118052930348729,0.012218806,0.345117407,0.0,0.0,0.01293112070898534,0.8777095863178919,0.0,0.0,0.12116458600799579,0.12116472354570842,0.0,0.0,48.448142500840724,0.0,0.0,0.0,0.0,0.1456434671263304
5557.0,1.0582254915128033,0.244915969,0.323288904,0.0,0.0,0.2591937345348728,0.8221948949419541,0.0,0.0,0.0,0.0,0.02316313796402366,0.0,48.44814194817338,0.0,0.0,1.1102230246251565e-16,0.0,0.13107868001974585
5558.0,1.1097678006448168,0.546695499,0.350346192,0.0,0.0,0.5785659817029564,0.8910075383371454,0.0,0.14311896055988838,0.0,0.0,0.21668675883539654,0.0,48.459491333108424,0.0,0.0,0.0,0.0,0.13107809233169204
5559.0,1.1613850570481066,0.696396579,0.353852613,0.0,0.0,0.7369941240063427,0.8999251393127645,0.0,0.258847447435604,0.0,0.12880706450389953,0.21668675883539654,0.0,48.56566729214096,0.0,0.0,0.0,0.0,0.13107824112253588
5560.0,1.2089530194518683,0.760109785,0.343704369,0.0,0.0,0.8044215925775312,0.8741159194286657,0.0,0.2528977337189323,0.0,0.36176962098318,0.21668675883539654,0.0,48.671843249962315,0.0,0.0,1.1102230246251565e-16,0.0,0.13107838991354862
5561.0,1.2513303479820945,0.767339097,0.334687727,0.0,0.0,0.8120723488064882,0.8511846126928205,0.0,0.19523985468181765,0.0,0.5893771706746692,0.21668675883539654,0.0,48.778019206572466,0.0,0.0,0.0,0.0,0.13107853870473024
5562.0,1.2867504283872724,0.758597026,0.325589378,0.0,0.0,0.8028206448881576,0.8280455070580653,0.0,0.28341011208930394,0.0,0.7650923708685973,0.06070561146964657,0.0,48.88419516197144,0.0,0.0,0.0,0.0,0.1310786874960808
5563.0,1.3121083022859557,0.745395102,0.31647539,0.0,0.0,0.7888490937533863,0.8048666280014485,0.0,0.2816074194688793,0.0,1.020160603269668,0.0,0.0,48.91394035395,0.0,0.0,1.1102230246251565e-16,0.0,0.13107883628760023
5564.0,1.3321106583142954,0.7361692,0.309780346,0.0,0.0,0.779085353138201,0.7878396563667777,0.0,0.2348143511906834,0.0,1.2736061227767537,0.0,0.0,48.91393979596911,0.0,0.0,1.1102230246251565e-16,0.0,0.13107898507928856
5565.0,1.340903043910309,0.715498361,0.297801422,0.0,0.0,0.757209474736907,0.7573746139918696,0.0,0.17368104481846766,0.0,1.4849375931398505,0.0,0.0,48.91393923798823,0.0,0.0,0.0,0.0,0.13107913387114578
5566.0,1.331346196147277,0.679622512,0.283740539,0.0,0.0,0.7192421861199725,0.7216146912789758,0.0,0.10951068125167132,0.0,1.6412488478792615,0.0,0.0,48.91393868000736,0.0,0.0,1.1102230246251565e-16,0.0,0.13107928266317193
5567.0,1.3088084809991907,0.57568825,0.284773298,0.0,0.0,0.6092489111861282,0.7242412249057079,0.0,0.024681655092645378,0.0,1.7398065979749608,0.0,0.0,48.9139381220265,0.0,-1.1102230246251565e-16,1.1102230246251565e-16,0.0,0.13107943145536693
5568.0,1.2874035403226802,0.387606573,0.331856287,0.0,0.0,0.41020271400160846,0.8439836370808199,0.0,0.0,0.0332171892402518,1.7620181126516783,0.0,0.0,48.91393756404564,0.0,0.0,0.0,0.0,0.2675030347829258
5569.0,1.2467778365897115,0.105379624,0.414200884,0.0,0.0,0.1115228966080228,1.0534040856077278,0.0,0.0,0.08185085437396067,1.7287989232918062,0.0,0.0,48.91393700606479,0.0,-1.3877787807814457e-17,2.220446049250313e-16,0.0,0.2675033384339904
5570.0,1.180179691333594,0.000550728,0.447635502,0.0,0.0,0.0005828335637555811,1.138435683951525,0.0,0.0,0.04116117381831331,1.6469461065063238,0.0,0.0,48.91393644808394,0.0,0.0,0.0,0.0,0.2675036420853996
5571.0,1.1061853210778099,0.0,0.443126591,0.0,0.0,0.0,1.126968530083641,0.0,0.020783209005831145,0.0,1.6057830631900767,0.0,0.0,48.913935890103104,0.0,0.0,0.0,0.0,0.2407535511634382
5572.0,1.0361867110563563,0.0,0.423628348,0.0,0.0,0.0,1.0773802031828892,0.0,0.041193492126533,0.0,1.624486128522796,0.0,0.0,48.913935332122264,0.0,0.0,2.220446049250313e-16,0.0,0.24075382445032695
5573.0,0.9748348747895795,0.0,0.399059448,0.0,0.0,0.0,1.014896078598337,0.0,0.040061203808757384,0.0,1.6615584274337367,0.0,0.0,48.91393477414144,0.0,0.0,0.0,0.0,0.2407540977375259
5574.0,0.9297637271946224,0.0,0.371753157,0.0,0.0,0.0,0.945450165725313,0.0,0.015686438530690558,0.0,1.6976116247768007,0.0,0.0,48.91393421616062,0.0,0.0,0.0,0.0,0.2407543710250351
5575.0,0.8999240064736167,0.0,0.350642856,0.0,0.0,0.0,0.891762020236447,0.0,0.0,0.008161986237169691,1.7117274924445385,0.0,0.0,48.91393365817981,0.0,0.0,0.0,0.0,0.26750516034761607
5576.0,0.8891615783183405,0.0,0.340655437,0.0,0.0,0.0,0.8663618137528794,0.0,0.0,0.022799764565461206,1.7035635631741404,0.0,0.0,48.91393310019899,0.0,0.0,1.1102230246251565e-16,0.0,0.26750546400109343
5577.0,0.9010781944512717,0.0,0.312088487,0.0,0.0,0.0,0.7937097673527281,0.0,0.0,0.1073684270985436,1.6807618648425717,0.0,0.0,48.9139325422182,0.0,0.0,0.0,0.0,0.2675057676549155
5578.0,0.9409951111330275,0.0,0.280504592,0.0,0.0,0.0,0.7133849652636879,0.0,0.0,0.2276101458693396,1.5733915298608125,0.0,0.0,48.9139319842374,0.0,0.0,0.0,0.0,0.2675060713090822
5579.0,0.9827064796241987,0.0,0.253569429,0.0,0.0,0.0,0.6448829126444325,0.0,0.0,0.2932786472456189,1.3457795979875458,0.0,0.04454491973414721,48.91393142625661,0.0,0.0,0.0,0.0,0.267507577378822
5580.0,1.0173278362526321,0.009812812,0.188959178,0.0,0.0,0.010384865466116725,0.4805648124070105,0.0,0.0,0.2932786472456189,1.0524994231071316,0.0,0.23309951113388597,48.86938594854168,0.0,0.0,5.551115123125783e-17,0.0,0.26750758043038797
5581.0,1.0604332239895424,0.155741145,0.145189827,0.0,0.0,0.16482032248900494,0.36924971157347697,0.0,0.0,0.2932786472456189,0.7592195811378425,0.0,0.23308454268144163,48.63628587993516,0.0,0.0,5.551115123125783e-17,0.0,0.267507583481954
5582.0,1.1091853532794695,0.381232146,0.161271765,0.0,0.0,0.4034566796519662,0.4101496223368017,0.0,0.0,0.2932786472456189,0.46594007207930055,0.0,0.0023004040450827104,48.40320078244015,0.0,0.0,0.0,0.0,0.26750758653352
5583.0,1.1565370392718342,0.52315852,0.175788871,0.0,0.0,0.5536568771166447,0.44706982063266154,0.0,0.0,0.04689495492656361,0.1726608959311276,0.0,0.10891538659596439,48.40089982624039,0.0,-1.1102230246251565e-16,5.551115123125783e-17,0.0,0.26750758958508614
5584.0,1.2015032606870044,0.586649145,0.174874923,0.0,0.0,0.6208487889748019,0.4447454495498779,0.0,0.0,0.0,0.12576574501200122,0.0,0.13590902216232464,48.291983887516,0.0,0.0,5.551115123125783e-17,0.0,0.26750759263665225
5585.0,1.2434651671992991,0.600430284,0.171271565,0.0,0.0,0.6354333213682539,0.43558131643057896,0.0,0.0,0.0,0.12576560225153108,0.0,0.17245052940046623,48.1560743144677,0.0,-1.1102230246251565e-16,5.551115123125783e-17,0.0,0.2675075956882184
5586.0,1.2783520513031115,0.600068184,0.170432068,0.0,0.0,0.6350501121734501,0.4334462906403988,0.0,0.0,0.0,0.12576545949122298,0.0,0.20985564848926272,47.983623235731635,0.0,-1.1102230246251565e-16,0.0,0.0,0.2675075987397846
5587.0,1.3065086704463122,0.589508744,0.172493455,0.0,0.0,0.6238750928418323,0.43868885185091194,0.0,0.0,0.0,0.12576531673107694,0.0,0.2439447257535681,47.77376703987398,0.0,-1.1102230246251565e-16,0.0,0.0,0.26750760179135086
5588.0,1.3286116914209962,0.566261611,0.176464379,0.0,0.0,0.5992727312885974,0.4487877862733643,0.0,0.0,0.0,0.12576517397109296,0.0,0.28055117385903466,47.52982176914595,0.0,0.0,5.551115123125783e-17,0.0,0.2675076048429171
5589.0,1.335941534551818,0.52034244,0.177708881,0.0,0.0,0.5506766292588622,0.4519528289905281,0.0,0.0,0.0,0.12576503121127106,0.0,0.3333120763024276,47.249270053095216,0.0,0.0,0.0,0.0,0.26750760789448336
5590.0,1.326534581331339,0.464689196,0.176522299,0.0,0.0,0.49177899097811584,0.4489350895916218,0.0,0.0,0.0,0.12576488845161116,0.0,0.38582050076160124,46.91595743780147,0.0,0.0,0.0,0.0,0.2675076109460497
5591.0,1.303579302814713,0.380017256,0.184846649,0.0,0.0,0.40217096570920136,0.4701057452776891,0.0,0.0,0.0,0.12576474569211332,0.0,0.43130259182782243,46.530136401850775,0.0,-5.551115123125783e-17,0.0,0.0,0.2675076139976161
5592.0,1.2790330007964217,0.253480681,0.240437137,0.0,0.0,0.26825774002851066,0.6114846013887913,0.0,0.0,0.0,0.12576460293277755,0.0,0.39929065937911956,46.09883327923507,0.0,0.0,1.1102230246251565e-16,0.0,0.26750761704918247
5593.0,1.239216727593237,0.098646979,0.304634262,0.0,0.0,0.10439776137093443,0.7747520312073863,0.0,0.0,0.0,0.12576446017360385,0.0,0.36006693501491627,45.699542093988114,0.0,0.0,1.1102230246251565e-16,0.0,0.2675076201007489
5594.0,1.1703851536530858,0.000405195,0.328558135,0.0,0.0,0.0004288164862980323,0.8355957100484012,0.0,0.0,0.0,0.12576431741459215,0.0,0.33436062711838677,45.339474637660246,0.0,0.0,0.0,0.0,0.26750762315231535
5595.0,1.0963993487997332,0.0,0.32346093,0.0,0.0,0.0,0.822632394952772,0.0,0.0,0.0,0.12576417465574252,0.0,0.2737669538469613,45.00511349333634,0.0,0.0,0.0,0.0,0.26750762620388185
5596.0,1.0263279328576114,0.0,0.314964622,0.0,0.0,0.0,0.8010244121948656,0.0,0.0,0.0,0.12576403189705496,0.0,0.22530352066274573,44.73134602609804,0.0,0.0,0.0,0.0,0.2675076292554484
5597.0,0.9676827637592129,0.0,0.316443684,0.0,0.0,0.0,0.8047859926594478,0.0,0.0,0.0,0.12576388913852943,0.0,0.16289677109976503,44.50604199516694,0.0,0.0,1.1102230246251565e-16,0.0,0.26750763230701496
5598.0,0.9218964050612192,0.0,0.326247506,0.0,0.0,0.0,0.8297192715304098,0.0,0.0,0.0,0.12576374638016594,0.0,0.09217713353080932,44.34314471636895,0.0,0.0,0.0,0.0,0.2675076353585816
5599.0,0.8909688782314031,0.0,0.332271981,0.0,0.0,0.0,0.8450408384893098,0.0,0.0,0.0,0.12576360362196454,0.0,0.04592803974209336,44.25096707699815,0.0,0.0,1.1102230246251565e-16,0.0,0.2675076384101482
5600.0,0.8755318816990939,0.0,0.329614363,0.0,0.0,0.0,0.8382819305117387,0.0,0.0,0.0,0.12576346086392515,0.0,0.03724995118735515,44.20503853246757,0.0,0.0,0.0,0.0,0.2675076414617149
5601.0,0.8874270843259462,0.0,0.309456684,0.0,0.0,0.0,0.7870165126065245,0.0,0.0,0.0,0.1257633181060478,0.0,0.10041057171942164,44.16778807701566,0.0,0.0,1.1102230246251565e-16,0.0,0.26750764451328163
5602.0,0.9262669016519312,0.0,0.286842041,0.0,0.0,0.0,0.7295024940445549,0.0,0.0,0.0,0.12576317534833253,0.0,0.19676440760737615,44.067377001456606,0.0,0.0,1.1102230246251565e-16,0.0,0.26750764756484835
5603.0,0.9669225842934105,0.0,0.255567928,0.0,0.0,0.0,0.6499655358183679,0.0,0.0,0.0,0.12576303259077928,0.0,0.3169570484750426,43.87061209115504,0.0,0.0,0.0,0.0,0.2675076506164152
5604.0,1.0014797004036071,0.005486153,0.177283885,0.0,0.0,0.005805977005524275,0.45087197054705125,0.0,0.0,0.031057865086234274,0.1257628898333881,0.0,0.5137438877647974,43.553654542230376,0.0,0.0,5.551115123125783e-17,0.0,0.2675139664384034
5605.0,1.0473302996198377,0.139953504,0.114331159,0.0,0.0,0.14811231587353646,0.2907693214939318,0.0,0.0,0.094704774487572,0.0947048819899247,0.0,0.5137438877647974,43.03991015763162,0.0,0.0,0.0,0.0,0.26751427010187684
5606.0,1.096264443711436,0.402045321,0.125804362,0.0,0.0,0.4254831917565234,0.3199482039687622,0.0,0.0,0.0,0.0,0.0,0.35083304798615034,42.52616577889334,0.0,0.0,0.0,0.0,0.2675076597711157
5607.0,1.1429929966769032,0.557186057,0.144080794,0.0,0.0,0.5896681034489447,0.36642919636358245,0.0,0.0,0.0,0.0,0.0,0.1868956968643762,42.17533224579421,0.0,-1.1102230246251565e-16,0.0,0.0,0.2675076628226826
5608.0,1.1888157583352312,0.641103839,0.14193487,0.0,0.0,0.6784780058790444,0.36097163894078443,0.0,0.0,0.0,0.0,0.0,0.14936611351540238,41.988436067818945,0.0,0.0,0.0,0.0,0.26750766587424957
5609.0,1.2321438465353625,0.663742241,0.142089827,0.0,0.0,0.7024361494914838,0.3613657287247491,0.0,0.0,0.0,0.0,0.0,0.16834196831912976,41.839069475324656,0.0,-1.1102230246251565e-16,0.0,0.0,0.2675076689258165
5610.0,1.269135678286735,0.656500846,0.145566198,0.0,0.0,0.6947726058648444,0.37020690593114114,0.0,0.0,0.0,0.0,0.0,0.20415616649074939,41.67072702973052,0.0,0.0,0.0,0.0,0.26750767197738357
5611.0,1.2974507573749199,0.64035979,0.149498294,0.0,0.0,0.6776905813604458,0.380207092196803,0.0,0.0,0.0,0.0,0.0,0.2395530838176712,41.46657038788513,0.0,-1.1102230246251565e-16,0.0,0.0,0.2675076750289506
5612.0,1.3176929446713437,0.622125459,0.152182807,0.0,0.0,0.6583932510641309,0.3870344000836376,0.0,0.0,0.0,0.0,0.0,0.2722652935235752,41.227016831041695,0.0,0.0,0.0,0.0,0.2675076780805177
5613.0,1.327121311397902,0.588585297,0.155182226,0.0,0.0,0.6228978120317964,0.3946625832940081,0.0,0.0,0.0,0.0,0.0,0.30956091607209735,40.95475106722505,0.0,0.0,5.551115123125783e-17,0.0,0.26750768113208484
5614.0,1.3141939777780445,0.534066707,0.158257925,0.0,0.0,0.5652009742087162,0.40248476334686284,0.0,0.0,0.0,0.0,0.0,0.34650824022246546,40.645189683965725,0.0,-1.1102230246251565e-16,0.0,0.0,0.26750768418365206
5615.0,1.2856133712144806,0.440119091,0.17422108,0.0,0.0,0.4657765326702055,0.44308258277640666,0.0,0.0,0.0,0.0,0.0,0.3767542557678685,40.29868098008732,0.0,0.0,5.551115123125783e-17,0.0,0.2675076872352192
5616.0,1.2576430495741666,0.299108466,0.233988232,0.0,0.0,0.31654546924842225,0.5950836154490895,0.0,0.0,0.0,0.0,0.0,0.3460139648766548,39.92192626461628,0.0,0.0,0.0,0.0,0.26750769028678645
5617.0,1.2159102675769164,0.118399532,0.346024529,0.0,0.0,0.12530182083088742,0.8800165973790867,0.0,0.0,0.0,0.0,0.0,0.21059184936694242,39.57591184433424,0.0,0.0,0.0,0.0,0.2675076933383537
5618.0,1.1456311406258288,0.00035097,0.399307311,0.0,0.0,0.00037143035377045717,1.0155264488050577,0.0,0.0,0.0,0.0,0.0,0.12973326146700065,39.36531954350904,0.0,-5.421010862427522e-20,0.0,0.0,0.267507696389921
5619.0,1.0678530038458958,0.0,0.419521944,0.0,0.0,0.0,1.066936713277745,0.0,0.0,0.0,0.0,0.0,0.0009162905681509251,39.2355858329861,0.0,0.0,0.0,0.0,0.2675076994414884
5620.0,0.9934496356240038,0.0,0.428226543,0.0,0.0,0.0,1.089074425929698,0.0,0.0,0.0,0.0,0.0956247903056942,0.0,39.23466909484192,0.0,0.0,0.0,0.0,0.1310787742215973
5621.0,0.9339050992702898,0.0,0.425749424,0.0,0.0,0.0,1.0827745666683244,0.0,0.06552066897600636,0.0,0.0,0.08334879842202815,0.0,39.28152479452614,0.0,0.0,0.0,0.0,0.13107877571686533
5622.0,0.8887033292882511,0.0,0.416594189,0.0,0.0,0.0,1.0594907874050747,0.0,0.1707874581168236,0.0,0.05896860207840572,0.0,0.0,39.32236525765287,0.0,0.0,0.0,0.0,0.1310789245084849
5623.0,0.8580927223484035,0.0,0.407237316,0.0,0.0,0.0,1.03569419829226,0.0,0.17760147594385656,0.0,0.2126772474465177,0.0,0.0,39.32236480908692,0.0,0.0,0.0,0.0,0.13107907330027338
5624.0,0.8445443970522569,0.0,0.396171163,0.0,0.0,0.0,1.0075505336298731,0.0,0.1630061365776161,0.0,0.37251833437966475,0.0,0.0,39.32236436052098,0.0,0.0,0.0,0.0,0.13107922209223075
5625.0,0.856283281084733,0.0,0.377094716,0.0,0.0,0.0,0.9590349268677222,0.0,0.10275164578298925,0.0,0.5192234344427823,0.0,0.0,39.32236391195503,0.0,0.0,0.0,0.0,0.13107937088435703
5626.0,0.8929175072845869,0.0,0.359924253,0.0,0.0,0.0,0.9153666572558777,0.0,0.022449149971290827,0.0,0.6116993262613755,0.0,0.0,39.3223634633891,0.0,0.0,0.0,0.0,0.13107951967665218
5627.0,0.9279992542937175,0.0,0.343631613,0.0,0.0,0.0,0.8739308848944264,0.0,0.0,0.05406836939929115,0.631902866877281,0.0,0.0,39.322363014823175,0.0,0.0,0.0,0.0,0.14564407607679586
5628.0,0.9608347245151673,0.006369761,0.263264449,0.0,0.0,0.006741096337758956,0.6695394840631661,0.0,0.0,0.28455414411424207,0.5778337801860887,0.0,0.0,39.32236256625724,0.0,0.0,1.1102230246251565e-16,0.0,0.1456442414019436
5629.0,1.00008353980726,0.200155319,0.185522765,0.0,0.0,0.21182369132748868,0.4718252571963183,0.0,0.0,0.2932786472456189,0.2932789801553876,0.0,0.0231559440378341,39.32236211769133,0.0,0.0,5.551115123125783e-17,0.0,0.26750772995716365
5630.0,1.0466065231143695,0.485962718,0.249586775,0.0,0.0,0.5142926867424364,0.6347541462481687,0.0,0.0,0.0,0.0,0.1024403098762356,0.0,39.299205725087575,0.0,0.0,0.0,0.0,0.13107878917427837
5631.0,1.0942751289967023,0.655871275,0.311537803,0.0,0.0,0.6941063330231381,0.7923092566394799,0.0,0.1754537018305193,0.0,0.0,0.21668675883539654,0.0,39.349401028625174,0.0,0.0,1.1102230246251565e-16,0.0,0.1179699836396531
5632.0,1.1392499158143041,0.71684951,0.31695653,0.0,0.0,0.7586393911145649,0.8060902730039765,0.0,0.2087929894688407,0.0,0.15790833164746737,0.21668675883539654,0.0,39.45557709158015,0.0,0.0,1.1102230246251565e-16,0.0,0.11797011755107263
5633.0,1.1830769387060747,0.723700027,0.307374808,0.0,0.0,0.7658892698871681,0.781721843355822,0.0,0.14784741570151877,0.0,0.3458218429229395,0.21668675883539654,0.0,39.561753153323956,0.0,0.0,0.0,0.0,0.11797025146264419
5634.0,1.2231201950736963,0.715630552,0.300153362,0.0,0.0,0.7573493720212768,0.7633561154825912,0.0,0.0808985335947752,0.0,0.4788841245015579,0.21668675883539654,0.0,39.66792921385655,0.0,0.0,0.0,0.0,0.11797038537436773
5635.0,1.2558421737129275,0.701517027,0.29675667,0.0,0.0,0.7424130766578606,0.7547175795243939,0.0,0.02460172363393051,0.0,0.5516922611411192,0.21668675883539654,0.0,39.77410527317796,0.0,0.0,1.1102230246251565e-16,0.0,0.11797051928624327
5636.0,1.2814505856327343,0.692408862,0.295328047,0.0,0.0,0.7327739367081506,0.7510842765472009,0.0,0.0,0.014279131212779348,0.5738331861692203,0.21668675883539654,0.0,39.880281331288174,0.0,0.0,1.1102230246251565e-16,0.0,0.1310785035536343
5637.0,1.2948297442308574,0.675599591,0.289870738,0.0,0.0,0.7149847425486685,0.7372051376581015,0.0,0.0,0.0593266228594841,0.5595534035811764,0.21668675883539654,0.0,39.9864573881872,0.0,-1.1102230246251565e-16,0.0,0.0,0.1310786523449449
5638.0,1.2858189408728384,0.640582937,0.280971642,0.0,0.0,0.6779267370693464,0.7145727762925583,0.0,0.0,0.08919793467996855,0.5002261455558373,0.19587850716903488,0.0,40.09263344387502,0.0,-1.1102230246251565e-16,1.1102230246251565e-16,0.0,0.13107880113642445
5639.0,1.2553603698261515,0.548039219,0.286495661,0.0,0.0,0.5799880359952561,0.7286215734061221,0.0,0.0,0.0,0.41102764305416417,0.0532492395752265,0.0,40.18861345503514,0.0,0.0,-1.1102230246251565e-16,0.0,0.13107880263169278
5640.0,1.2282936981423687,0.387591805,0.354428526,0.0,0.0,0.41018708507758517,0.9013898129303,0.0,0.0,0.0,0.4110271764843557,0.0832831998655164,0.0,40.214705123979414,0.0,-5.551115123125783e-17,0.0,0.0,0.13107880412696113
5641.0,1.1887322456615232,0.122229658,0.459925447,0.0,0.0,0.12935523011135422,1.1696917212392055,0.0,0.0,0.0,0.41102670991507684,0.11031470568903665,0.0,40.25551343316829,0.0,0.0,2.220446049250313e-16,0.0,0.13107880562222948
5642.0,1.1235623812608713,0.000285504,0.486778774,0.0,0.0,0.000302147909288203,1.2379856468841357,0.0,0.0,0.0,0.41102624334632765,0.11472541353255267,0.0,40.30956717974517,0.0,-5.421010862427522e-20,2.220446049250313e-16,0.0,0.1310788071174979
5643.0,1.0507586019430764,0.0,0.493464078,0.0,0.0,0.0,1.2549878475533396,0.0,0.0,0.0,0.41102577677810803,0.2042292456102634,0.0,40.36578217254876,0.0,0.0,2.220446049250313e-16,0.0,0.13107880861276627
5644.0,0.9793638313252758,0.0,0.493152724,0.0,0.0,0.0,1.2541960057482162,0.0,0.058145415587543776,0.0,0.41102531021041805,0.21668675883539654,0.0,40.46585404242917,0.0,0.0,0.0,0.0,0.11797172449996367
5645.0,0.9219370907227691,0.0,0.49338855,0.0,0.0,0.0,1.2547957632125015,0.0,0.1161719136543358,0.0,0.4633557176720471,0.21668675883539654,0.0,40.572030092648326,0.0,0.0,0.0,0.0,0.1179718584133593
5646.0,0.8767481688443778,0.0,0.49928726,0.0,0.0,0.0,1.2697974820736693,0.0,0.17636255439389487,0.0,0.5679099139919735,0.21668675883539654,0.0,40.6782061416563,0.0,0.0,0.0,0.0,0.11797199232690693
5647.0,0.8476472140830956,0.0,0.504387994,0.0,0.0,0.0,1.2827697721936446,0.0,0.21843579927515241,0.0,0.7266355682948982,0.21668675883539654,0.0,40.78438218945307,0.0,0.0,0.0,0.0,0.1179721262406066
5648.0,0.8349747011855777,0.0,0.499067815,0.0,0.0,0.0,1.269239385100689,0.0,0.2175779250797146,0.0,0.9232269628167028,0.21668675883539654,0.0,40.89055823603866,0.0,0.0,0.0,0.0,0.11797226015445826
5649.0,0.8454223508014935,0.0,0.481665481,0.0,0.0,0.0,1.224981416460742,0.0,0.1628723068238519,0.0,1.1190460474058235,0.21668675883539654,0.0,40.99673428141305,0.0,0.0,0.0,0.0,0.11797239406846197
5650.0,0.8825619357448106,0.0,0.470642728,0.0,0.0,0.0,1.1969481275582372,0.0,0.09769943297803019,0.0,1.2656298532845505,0.21668675883539654,0.0,41.10291032557624,0.0,0.0,2.220446049250313e-16,0.0,0.11797252798261765
5651.0,0.9191383454782514,0.0,0.454107208,0.0,0.0,0.0,1.1548946578566894,0.0,0.019069553543041566,0.0,1.3535579063103622,0.21668675883539654,0.0,41.20908636852824,0.0,0.0,0.0,0.0,0.11797266189692533
5652.0,0.9539245861034927,0.00763018,0.378132619,0.0,0.0,0.008074993465915226,0.9616745428195426,0.0,0.0,0.0,1.3707189680349137,0.015824950181965138,0.0,41.31526241026906,0.0,0.0,1.1102230246251565e-16,0.0,0.1310788220701827
5653.0,1.0001584870785363,0.246718898,0.270167154,0.0,0.0,0.2611017681454179,0.6870945833631109,0.0,0.0,0.05196213557000736,1.3707174120906913,0.0,0.0,41.323016164558496,0.0,0.0,1.1102230246251565e-16,0.0,0.1310810330288853
5654.0,1.0522811022252891,0.529081865,0.273044723,0.0,0.0,0.5599255329244187,0.694412875183121,0.0,0.0,0.0,1.318753720578228,0.20205730588225052,0.0,41.32301569317032,0.0,0.0,0.0,0.0,0.13107882506071988
5655.0,1.1036863649183972,0.681684424,0.291025565,0.0,0.0,0.7214243005559743,0.7401421170972137,0.0,0.14119329389939414,0.0,1.3187522236213172,0.21668675883539654,0.0,41.42202330166445,0.0,0.0,0.0,0.0,0.11797319755567624
5656.0,1.1501665212133487,0.739921079,0.284937337,0.0,0.0,0.7830559538854842,0.7246584122161991,0.0,0.14086108605293807,0.0,1.4458246911755603,0.21668675883539654,0.0,41.5281993409762,0.0,0.0,0.0,0.0,0.11797333147074399
5657.0,1.1937772676937222,0.744314524,0.264024796,0.0,0.0,0.787705521742056,0.6714732139686764,0.0,0.04871470918161376,0.0,1.5725980274242228,0.21668675883539654,0.0,41.634375379076765,0.0,0.0,0.0,0.0,0.11797346538596376
5658.0,1.2304864411648524,0.73921209,0.249219889,0.0,0.0,0.7823056332452888,0.6338210743348014,0.0,0.0,0.0,1.6164394805844764,0.18564026641523795,0.0,41.74055141596614,0.0,0.0,1.1102230246251565e-16,0.0,0.1310788310417944
5659.0,1.2598914677124555,0.724009366,0.238690434,0.0,0.0,0.7662166422956502,0.6070423509069135,0.0,0.0,0.0,1.6164376457155287,0.1133675254901082,0.0,41.83151467035844,0.0,0.0,0.0,0.0,0.1310788325370631
5660.0,1.279996608569974,0.711889721,0.228140375,0.0,0.0,0.7533904633347068,0.5802112269685044,0.0,0.0,0.0,1.616435810848664,0.05360508173323713,0.0,41.887064280659764,0.0,0.0,1.1102230246251565e-16,0.0,0.13107883403233178
5661.0,1.2860759029457858,0.684262581,0.217640652,0.0,0.0,0.7241527553144602,0.5535081185657965,0.0,0.0,0.008415029065529146,1.6164339759838822,0.0,0.0,41.913330292886556,0.0,0.0,0.0,0.0,0.1310822233870699
5662.0,1.270161385227916,0.628541866,0.20578618,0.0,0.0,0.6651837127045709,0.5233595850404011,0.0,0.0,0.08161808748294394,1.608017112055654,0.0,0.0,41.91332981476443,0.0,0.0,0.0,0.0,0.13108237218260305
5663.0,1.2357070539468984,0.517275571,0.216122735,0.0,0.0,0.5474309722578717,0.5496477212774764,0.0,0.0,0.13862836041155038,1.5263971992642453,0.0,0.0,41.91332933664231,0.0,-1.1102230246251565e-16,0.0,0.0,0.13108252097830508
5664.0,1.2055482719853166,0.339471787,0.299572171,0.0,0.0,0.3592618341752836,0.761878018748451,0.0,0.0,0.08440841906158217,1.3877671061934425,0.0,0.0,41.913328858520195,0.0,-5.551115123125783e-17,0.0,0.0,0.131082669774176
5665.0,1.165382958633045,0.101527178,0.403432935,0.0,0.0,0.10744586614769402,1.0260188194038642,0.0,0.0,0.03191827308148682,1.303357111835785,0.0,0.0,41.913328380398085,0.0,0.0,2.220446049250313e-16,0.0,0.13108281857021586
5666.0,1.1081189606767383,0.000229018,0.457229265,0.0,0.0,0.00024236896817335542,1.1628347365149962,0.0,0.0,0.0,1.2714373592745398,0.05495814480643136,0.0,41.91332790227599,0.0,0.0,0.0,0.0,0.13107884300394432
5667.0,1.047848506466948,0.0,0.471784963,0.0,0.0,0.0,1.1998530827676621,0.0,0.0,0.0,1.27143591602785,0.15200457630071404,0.0,41.94025691510904,0.0,0.0,0.0,0.0,0.13107884449921312
5668.0,0.9877043919430237,0.0,0.468012888,0.0,0.0,0.0,1.190259865153431,0.0,0.0,0.0,1.2714344727827986,0.2025554732104076,0.0,42.0147386790671,0.0,0.0,2.220446049250313e-16,0.0,0.13107884599448194
5669.0,0.9243996439218475,0.0,0.453384084,0.0,0.0,0.0,1.1530555942394305,0.0,0.011969191482186253,0.0,1.2714330295393854,0.21668675883539654,0.0,42.113990381661274,0.0,0.0,0.0,0.0,0.11797507238045786
5670.0,0.8847825163251969,0.0,0.436282703,0.0,0.0,0.0,1.1095630153705394,0.0,0.00809374020994582,0.0,1.2822038586315783,0.21668675883539654,0.0,42.220166413079475,0.0,0.0,0.0,0.0,0.11797520629765376
5671.0,0.8540241561934045,0.0,0.417873166,0.0,0.0,0.0,1.0627435076411773,0.0,0.0,0.0,1.2894867693524636,0.20871935144777265,0.0,42.32634244328649,0.0,0.0,0.0,0.0,0.13107885048028856
5672.0,0.8345764099725094,0.0,0.395557036,0.0,0.0,0.0,1.0059886733927952,0.0,0.0,0.0,1.2894853056173472,0.17141226342028595,0.0,42.428614442662386,0.0,0.0,2.220446049250313e-16,0.0,0.13107885197555744
5673.0,0.8298311770254159,0.0,0.365346708,0.0,0.0,0.0,0.9291571547455548,0.0,0.0,0.0,1.289483841883892,0.09932597772013897,0.0,42.512605967738146,0.0,0.0,1.1102230246251565e-16,0.0,0.13107885347082635
5674.0,0.8362830664070011,0.0,0.340232768,0.0,0.0,0.0,0.8652868733829797,0.0,0.0,0.0,1.2894823781520985,0.02900380697597863,0.0,42.561275211862714,0.0,0.0,0.0,0.0,0.13107885496609528
5675.0,0.8507821513730527,0.0,0.315559179,0.0,0.0,0.0,0.8025365016111853,0.0,0.0,0.04824564976186742,1.2894809144219668,0.0,0.0,42.57548659176745,0.0,0.0,1.1102230246251565e-16,0.0,0.131084306539904
5676.0,0.8831893514729235,0.004002061,0.246262765,0.0,0.0,0.0042353675044617765,0.6263004566259105,0.0,0.0,0.2526535273425513,1.241233800931629,0.0,0.0,42.575486106091844,0.0,0.0,0.0,0.0,0.13108445533780178
5677.0,0.935258432854479,0.181635524,0.180352027,0.0,0.0,0.19222425545374922,0.45867493148429705,0.0,0.0,0.28435924591643275,0.9885788646273532,0.0,0.0,42.575485620416245,0.0,-2.7755575615628914e-17,0.0,0.0,0.13108460413586848
5678.0,0.9975910076996712,0.462018345,0.191752611,0.0,0.0,0.4889524384756279,0.4876691278460655,0.0,0.0,0.02096944137797785,0.7042184965453939,0.0,0.0,42.575485134740646,0.0,-5.551115123125783e-17,5.551115123125783e-17,0.0,0.13108475293410407
5679.0,1.0574117782818035,0.621338446,0.208746603,0.0,0.0,0.6575603578908913,0.5308885928329752,0.0,0.0,0.0,0.6832482557878742,0.13103717244206287,0.0,42.575484649065054,0.0,-1.1102230246251565e-16,1.1102230246251565e-16,0.0,0.1310788624424402
5680.0,1.1093009862122958,0.678514309,0.196551942,0.0,0.0,0.7180693786653767,0.4998748837458618,0.0,0.0,0.0,0.6832474802122815,0.10864327619894265,0.0,42.639692377886085,0.0,0.0,0.0,0.0,0.13107886393770926
5681.0,1.1550980516633291,0.683841572,0.182863876,0.0,0.0,0.7237072029259068,0.46506311678577916,0.0,0.0,0.0,0.6832467046375693,0.03367226804835692,0.0,42.69292709681554,0.0,0.0,0.0,0.0,0.1310788654329783
5682.0,1.1924217927589251,0.672758178,0.180369466,0.0,0.0,0.711977684863402,0.45871928270265155,0.0,0.0,0.021724825192871475,0.6832459290637374,0.0,0.0,42.70942602114394,0.0,0.0,5.551115123125783e-17,0.0,0.1310853481287355
5683.0,1.2233536022899567,0.655952523,0.185681636,0.0,0.0,0.6941923175043848,0.47222930114443457,0.0,0.0,0.05693198364113749,0.6615203282979145,0.0,0.0,42.70942553394043,0.0,-1.1102230246251565e-16,0.0,0.0,0.13108549692781565
5684.0,1.2474973303939638,0.642264507,0.196468691,0.0,0.0,0.6797063368641715,0.49966315811484907,0.0,0.0,0.0681278354149433,0.6045875937452068,0.0,0.0,42.709425046736925,0.0,0.0,0.0,0.0,0.1310856457270647
5685.0,1.2604931872332739,0.613246779,0.205424619,0.0,0.0,0.6489969743071013,0.5224400557749919,0.0,0.0,0.08905615715118077,0.5364590720447482,0.0,0.0,42.70942455953343,0.0,0.0,0.0,0.0,0.1310857945264826
5686.0,1.256338967053959,0.562618243,0.215567509,0.0,0.0,0.5954169673624612,0.5482356592577448,0.0,0.0,0.11268634043375299,0.447402305942781,0.0,0.0,42.70942407232994,0.0,0.0,0.0,0.0,0.13108594332606946
5687.0,1.2303429706741233,0.466242515,0.254900505,0.0,0.0,0.493422863177131,0.6482681321135787,0.0,0.0,0.08865197538341352,0.3347154576492485,0.0,0.0,42.70942358512645,0.0,0.0,0.0,0.0,0.1310860921258252
5688.0,1.2031435352526514,0.312823999,0.355009805,0.0,0.0,0.33106057103586956,0.9028681334678244,0.0,0.0,0.0,0.2460631023202775,0.030785169251042552,0.0,42.70942309792298,0.0,0.0,0.0,0.0,0.13107887589986214
5689.0,1.16839798028896,0.109222824,0.460123796,0.0,0.0,0.11559014205809151,1.1701961664372902,0.0,0.0,0.0,0.24606282300666818,0.11738832820642177,0.0,42.724507343652505,0.0,0.0,0.0,0.0,0.13107887739513133
5690.0,1.113448782339787,0.000168858,0.49832756,0.0,0.0,0.00017870184539126382,1.2673567535769195,0.0,0.0,0.0,0.24606254369337588,0.15408667308252386,0.0,42.78202713709811,0.0,-2.710505431213761e-20,0.0,0.0,0.13107887889040057
5691.0,1.0525637605055311,0.0,0.492417728,0.0,0.0,0.0,1.2523267490198666,0.0,0.0,0.0,0.24606226438040066,0.19976298851433555,0.0,42.857529118876855,0.0,0.0,0.0,0.0,0.13107888038566978
5692.0,0.9907236963001546,0.0,0.475379636,0.0,0.0,0.0,1.208995128018883,0.0,0.001584672883332032,0.0,0.2460619850677425,0.21668675883539654,0.0,42.9554124943559,0.0,0.0,0.0,0.0,0.11797815251442384
5693.0,0.9366952791123759,0.0,0.453822462,0.0,0.0,0.0,1.1541704860566109,0.0,0.0007884481088382494,0.0,0.24748791135040024,0.21668675883539654,0.0,43.06158851617566,0.0,0.0,0.0,0.0,0.11797828643511614
5694.0,0.8960995542879177,0.0,0.429907261,0.0,0.0,0.0,1.0933488620218104,0.0,0.0,0.0,0.24819723371740182,0.19724930773389268,0.0,43.16776453678424,0.0,0.0,0.0,0.0,0.13107888487147754
5695.0,0.8643947171874361,0.0,0.418463862,0.0,0.0,0.0,1.06424577768402,0.0,0.0,0.0,0.24819695198127595,0.1998510604965837,0.0,43.26441620514189,0.0,0.0,0.0,0.0,0.13107888636674683
5696.0,0.8428141857610784,0.0,0.413918621,0.0,0.0,0.0,1.0526862286235892,0.0,0.0,0.0,0.24819667024546982,0.2098720428625107,0.0,43.36234273125072,0.0,0.0,0.0,0.0,0.13107888786201613
5697.0,0.8319404073741916,0.0,0.393163592,0.0,0.0,0.0,0.9999016180878307,0.0,0.0,0.0,0.24819638850998352,0.167961210713639,0.0,43.465179537601756,0.0,0.0,0.0,0.0,0.13107888935728548
5698.0,0.8295271052390949,0.0,0.372100822,0.0,0.0,0.0,0.9463343544017978,0.0,0.0,0.0,0.24819610677481704,0.11680724916270298,0.0,43.54748003502675,0.0,0.0,1.1102230246251565e-16,0.0,0.1310788908525548
5699.0,0.8358783511421091,0.0,0.356862362,0.0,0.0,0.0,0.9075795939885634,0.0,0.0,0.0,0.24819582503997037,0.07170124284645428,0.0,43.604715090352954,0.0,0.0,0.0,0.0,0.13107889234782416
5700.0,0.8696731464358953,0.002807479,0.292545025,0.0,0.0,0.0029711454488222052,0.7440064385744163,0.0,0.0,0.12269556241265686,0.2481955433054435,0.0,0.0,43.63984820193128,0.0,-4.336808689942018e-19,1.1102230246251565e-16,0.0,0.13108802653802065
5701.0,0.9324554049087455,0.23738137,0.218516642,0.0,0.0,0.2512198941152115,0.5557359540934279,0.0,0.0,0.12549955670010604,0.12549969915857956,0.0,0.0,43.639847704114075,0.0,0.0,0.0,0.0,0.13108817534014114
5702.0,1.0038244793192512,0.575293946,0.26214379,0.0,0.0,0.6088316206079787,0.6116796175466692,0.0,0.0,0.0,0.0,0.21668675883539654,0.0,43.639847206296885,0.0,-1.1102230246251565e-16,0.05500978382769928,0.0,1.05e-08
5703.0,1.0786796725194088,0.710994253,0.302699645,0.0,0.0,0.752442792604929,0.5429236387498765,0.0,0.0,0.0,0.0,0.21668675883539654,0.0,43.746023220309034,0.0,-1.1102230246251565e-16,0.22690823528110438,0.0,1.05e-08
5704.0,1.1484791369343281,0.766473149,0.315563667,0.0,0.0,0.8111559189920116,0.5540099767777131,0.0,0.0,0.0,0.0,0.21668675883539654,0.0,43.852199233109985,0.0,0.0,0.2485379388060609,0.0,1.05e-08
5705.0,1.2089144751409262,0.760332144,0.325618624,0.0,0.0,0.8046569143487199,0.620944319627603,0.0,0.0,0.0,0.0,0.21668675883539654,0.0,43.95837524469975,0.0,-1.1102230246251565e-16,0.20717556645058954,0.0,1.05e-08
5706.0,1.2605981134130606,0.746750739,0.34007543,0.0,0.0,0.7902837597661347,0.6870011124823224,0.0,0.0,0.0,0.0,0.21668675883539654,0.0,44.06455125507833,0.0,0.0,0.1778856157092208,0.0,1.05e-08
5707.0,1.3000931840250614,0.728082192,0.359123803,0.0,0.0,0.7705269001582183,0.7462530427022394,0.0,0.0,0.0,0.0,0.21668675883539654,0.0,44.17072726424571,0.0,0.0,0.16707789388548866,0.0,1.05e-08
5708.0,1.3299457528497143,0.716608593,0.37836725,0.0,0.0,0.7583844294752815,0.7882480822098293,0.0,0.0,0.0,0.0,0.21668675883539654,0.0,44.2769032722019,0.0,0.0,0.17402317892577124,0.0,1.05e-08
5709.0,1.3483549440257807,0.694889205,0.397078214,0.0,0.0,0.7353988752440999,0.8296428276170775,0.0,0.0,0.0,0.0,0.21668675883539654,0.0,44.38307927894689,0.0,-1.1102230246251565e-16,0.1802145365053509,0.0,1.05e-08
5710.0,1.3456118738970684,0.64913306,0.419254772,0.0,0.0,0.6869753030740502,0.8753233296584146,0.0,0.0,0.0,0.0,0.21668675883539654,0.0,44.4892552844807,0.0,0.0,0.19093390637234298,0.0,1.05e-08
5711.0,1.3242090745711657,0.552001014,0.451001842,0.0,0.0,0.5841807901292735,0.956715043277289,0.0,0.0,0.0,0.0,0.21668675883539654,0.0,44.59543128880331,0.0,-1.1102230246251565e-16,0.19028198481068348,0.0,1.05e-08
5712.0,1.3031274778364472,0.374426252,0.514597027,0.0,0.0,0.396254025248045,1.1235602114237988,0.0,0.0,0.0,0.0,0.21668675883539654,0.0,44.70160729191473,0.0,0.0,0.1851733804711675,0.0,1.05e-08
5713.0,1.265893673466383,0.109613842,0.59859393,0.0,0.0,0.11600395507365016,1.3665764772281295,0.0,0.0,0.0,0.0,0.21668675883539654,0.0,44.807783293814964,0.0,-1.3877787807814457e-17,0.155779741311439,0.0,1.05e-08
5714.0,1.2006381550414151,0.000131998,0.626203035,0.0,0.0,0.0001396930331281671,1.4171852208436833,0.0,0.0,0.0,0.0,0.21668675883539654,0.0,44.91395929450399,0.0,0.0,0.1753870332728944,0.0,1.05e-08
5715.0,1.1255217170670944,0.0,0.629371174,0.0,0.0,0.0,1.342208475902491,0.0,0.0,0.0,0.0,0.21668675883539654,0.0,45.020135293981845,0.0,0.0,0.2584210535490499,0.0,1.05e-08
5716.0,1.0555166829938172,0.0,0.61994879,0.0,0.0,0.0,1.2722034418292136,0.0,0.0,0.0,0.0,0.21668675883539654,0.0,45.126311292248495,0.0,0.0,0.30446288960615675,0.0,1.05e-08
5717.0,0.9957858491372165,0.0,0.599611529,0.0,0.0,0.0,1.2124726079726131,0.0,0.0,0.0,0.0,0.21668675883539654,0.0,45.232487289303954,0.0,0.0,0.3124715889743368,0.0,1.05e-08
5718.0,0.9503014208749357,0.0,0.577135955,0.0,0.0,0.0,1.1669881797103323,0.0,0.0,0.0,0.0,0.21668675883539654,0.0,45.33866328514822,0.0,0.0,0.3007956817749027,0.0,1.05e-08
5719.0,0.9214574281866008,0.0,0.553836011,0.0,0.0,0.0,1.4071282143245907,0.0,0.26898402730259324,0.0,0.0,0.21668675883539654,0.0,45.4448392797813,0.0,0.0,0.0013987572018308025,0.0,1.05e-08
5720.0,0.9102131961445483,0.0,0.53066613,0.0,0.0,0.0,1.349600860426077,0.0,0.222700905446132,0.0,0.24208562457233393,0.21668675883539654,0.0,45.55101527320318,0.0,0.0,0.0,0.0,1.050001191887853e-08
5721.0,0.9249970807414499,0.0,0.498159258,0.0,0.0,0.0,1.266928724518401,0.0,0.12524488494155467,0.0,0.44251616467519767,0.21668675883539654,0.0,45.657191265413864,0.0,0.0,2.220446049250313e-16,0.0,1.0500023837770588e-08
5722.0,0.9686677850388442,0.0,0.472480662,0.0,0.0,0.0,1.201622398568913,0.0,0.01626785469467193,0.0,0.5552360588092229,0.21668675883539654,0.0,45.76336725641337,0.0,0.0,-2.220446049250313e-16,0.0,1.0500035756676175e-08
5723.0,1.0137046710240751,0.0,0.452016455,0.0,0.0,0.0,1.1495774124396165,0.0,0.0,0.08081401741985524,0.5698764977693201,0.21668675883539654,0.0,45.86954324620168,0.0,0.0,0.0,0.0,1.1666719639550327e-08
5724.0,1.0592233608960822,0.002453274,0.38622066,0.0,0.0,0.002596291505586986,0.9822442126659324,0.0,0.0,0.29106961555995936,0.48906183346555604,0.21668675883539654,0.0,45.975719234778786,0.0,0.0,0.0,0.0,1.1666732882808823e-08
5725.0,1.122695134264674,0.201876847,0.364791397,0.0,0.0,0.21364557853740906,0.9277448765521,0.0,0.0,0.19799143801056154,0.19799166275683772,0.21668675883539654,0.0,46.081895222144716,0.0,-2.7755575615628914e-17,0.0,0.0,1.1666746126082354e-08
5726.0,1.1964175529932557,0.551537569,0.421237671,0.0,0.0,0.5836903278666778,0.8294139839619744,0.0,0.0,0.0,0.0,0.21668675883539654,0.0,46.18807120829945,0.0,-1.1102230246251565e-16,0.24188620100644764,0.0,1.05e-08
5727.0,1.2698337585849082,0.67863151,0.450398611,0.0,0.0,0.7181934120838805,0.7683271053364243,0.0,0.0,0.0,0.0,0.21668675883539654,0.0,46.29424719324298,0.0,-1.1102230246251565e-16,0.37713577344257365,0.0,1.05e-08
5728.0,1.3354939922747682,0.759595295,0.439487278,0.0,0.0,0.8038771095655606,0.7483036415446042,0.0,0.0,0.0,0.0,0.21668675883539654,0.0,46.40042317697534,0.0,-1.1102230246251565e-16,0.3694093139347939,0.0,1.05e-08
5729.0,1.3918993086373093,0.769482209,0.428794452,0.0,0.0,0.8143403969255004,0.7942456705472055,0.0,0.0,0.0,0.0,0.21668675883539654,0.0,46.506599159496496,0.0,-1.1102230246251565e-16,0.2962730730649564,0.0,1.05e-08
5730.0,1.4324714786050807,0.765839465,0.43309564,0.0,0.0,0.8104852933764357,0.8386729440640416,0.0,0.0,0.0,0.0,0.21668675883539654,0.0,46.612775140806455,0.0,0.0,0.26278466807107337,0.0,1.05e-08
5731.0,1.4604011145838447,0.763442315,0.44596336,0.0,0.0,0.8079483977085985,0.8691394757106429,0.0,0.0,0.0,0.0,0.21668675883539654,0.0,46.718951120905224,0.0,-1.1102230246251565e-16,0.26504358280583784,0.0,1.05e-08
5732.0,1.4799709177893898,0.770324416,0.457352402,0.0,0.0,0.8152317017206623,0.8814259749041242,0.0,0.0,0.0,0.0,0.21668675883539654,0.0,46.8251270997928,0.0,-1.1102230246251565e-16,0.2817219261257249,0.0,1.05e-08
5733.0,1.4872365204019748,0.773245793,0.46552261,0.0,0.0,0.8183233850343552,0.8855998942030161,0.0,0.0,0.0,0.0,0.21668675883539654,0.0,46.931303077469195,0.0,0.0,0.29832664545345877,0.0,1.05e-08
5734.0,1.4757246195339357,0.748607513,0.474619491,0.0,0.0,0.7922487773565037,1.1785226693681694,0.0,0.27836006835534083,0.0,0.0,0.21668675883539654,0.0,47.03747905393439,0.0,-1.1102230246251565e-16,0.028539242475698945,0.0,1.05e-08
5735.0,1.4453624092646038,0.648131068,0.49641648,0.0,0.0,0.6859148983584472,1.2624964561760978,0.0,0.28636218643454475,0.0,0.2505240615198067,0.21668675883539654,0.0,47.1436550291884,0.0,0.0,0.0,0.0,1.050001191887853e-08
5736.0,1.4149252517239956,0.446480717,0.540380026,0.0,0.0,0.4725090197652146,1.3743054376706987,0.0,0.21520244687652113,0.0,0.508249744933519,0.21668675883539654,0.0,47.24983100323121,0.0,0.0,0.0,0.0,1.0500023837770588e-08
5737.0,1.3634343350065716,0.110408211,0.605839908,0.0,0.0,0.1168446330765971,1.540784336692555,0.0,0.07750787592718426,0.0,0.7019313701928551,0.21668675883539654,0.0,47.35600697606283,0.0,0.0,2.220446049250313e-16,0.0,1.0500035756676175e-08
5738.0,1.283358529024368,0.000102422,0.622334159,0.0,0.0,0.00010839285321787549,1.5827328502366242,0.0,0.08279595523007745,0.0,0.7716876617439647,0.21668675883539654,0.0,47.46218294768326,0.0,0.0,2.220446049250313e-16,0.0,1.0500047675595293e-08
5739.0,1.2002698427368572,0.0,0.615550628,0.0,0.0,0.0,1.5654808366695876,0.0,0.1485242350973338,0.0,0.8462031454852189,0.21668675883539654,0.0,47.5683589180925,0.0,0.0,0.0,0.0,1.050005959452794e-08
5740.0,1.1228450288072267,0.0,0.597694572,0.0,0.0,0.0,1.520068953040579,0.0,0.18053716539795567,0.0,0.9798739965222428,0.21668675883539654,0.0,47.67453488729054,0.0,0.0,0.0,0.0,1.0500071513474118e-08
5741.0,1.0546687081530912,0.0,0.574874136,0.0,0.0,0.0,1.462031557548807,0.0,0.19067609056031917,0.0,1.1423563330960331,0.21668675883539654,0.0,47.7807108552774,0.0,0.0,0.0,0.0,1.0500083432433824e-08
5742.0,1.0027516626646962,0.0,0.553974508,0.0,0.0,0.0,1.4088791999046797,0.0,0.18944077840458692,0.0,1.3139635178773763,0.21668675883539654,0.0,47.88688682205306,0.0,0.0,0.0,0.0,1.050009535140706e-08
5743.0,0.9684429432250153,0.0,0.532031955,0.0,0.0,0.0,1.353074454256517,0.0,0.16794475219610502,0.0,1.4844587269220961,0.21668675883539654,0.0,47.99306278761753,0.0,0.0,0.0,0.0,1.0500107270393827e-08
5744.0,0.9513999337367854,0.0,0.508058976,0.0,0.0,0.0,1.292105888040738,0.0,0.12401919546855596,0.0,1.635607318844956,0.21668675883539654,0.0,48.0992387519708,0.0,0.0,0.0,0.0,1.0500119189394123e-08
5745.0,0.9633572355312666,0.0,0.470460823,0.0,0.0,0.0,1.1964855030743347,0.0,0.0164415087076715,0.0,1.7472227381397207,0.21668675883539654,0.0,48.2054147151129,0.0,0.0,0.0,0.0,1.0500131108407949e-08
5746.0,1.0073427183680215,0.0,0.430504965,0.0,0.0,0.0,1.0948689549523316,0.0,0.0,0.0,1.7620181126516783,0.08752623658431019,0.0,48.31159067704379,0.0,0.0,2.220446049250313e-16,0.0,0.13107896262550334
5747.0,1.0520262815029497,0.0,0.39209334,0.0,0.0,0.0,0.9971797315033737,0.0,0.0,0.054846549999576076,1.7620161125320581,0.0,0.0,48.35447798186046,0.0,0.0,0.0,0.0,0.14564247515605386
5748.0,1.0922729661783213,0.001414028,0.323461211,0.0,0.0,0.0014964610088649515,0.8226331095976691,0.0,0.0,0.26814339557178735,1.7071675624151321,0.0,0.0,48.35447743026159,0.0,-2.168404344971009e-19,0.0,0.0,0.14564264047938436
5749.0,1.1446097163858633,0.211597762,0.330544939,0.0,0.0,0.22393318972190498,0.8406485902612347,0.0,0.0,0.08002793640272358,1.4390222289862298,0.0,0.0,48.354476878662716,0.0,0.0,0.0,0.0,0.1456428058029025
5750.0,1.2135290857009382,0.560210462,0.341324743,0.0,0.0,0.5928688209435885,0.8680640063414441,0.0,0.03071698274869777,0.0,1.3589926591062034,0.21668675883539654,0.0,48.35447632706386,0.0,0.0,0.0,0.0,0.1310786740139475
5751.0,1.2816946996020342,0.726042991,0.318311214,0.0,0.0,0.7683688206960448,0.8095355328173464,0.0,0.07952289507596035,0.0,1.3866364009466943,0.21668675883539654,0.0,48.46065228729435,0.0,0.0,-1.1102230246251565e-16,0.0,0.13107882280545163
5752.0,1.3397852588929882,0.791388426,0.279970932,0.0,0.0,0.8375236716500706,0.7120277503323807,0.0,0.11125382817828844,0.0,1.4582054325024807,0.09851233491117459,0.0,48.56682824631365,0.0,0.0,0.0,0.0,0.13107897159712464
5753.0,1.3926102370391302,0.793627931,0.253213265,0.0,0.0,0.8398937321521668,0.6439771091388409,0.0,0.09126060425187736,0.0,1.5583322226102079,0.0,0.0,48.615098736398885,0.0,-1.1102230246251565e-16,-1.1102230246251565e-16,0.0,0.13107912038896657
5754.0,1.4315678286485494,0.785402673,0.24344502,0.0,0.0,0.8311889696687828,0.6191343104155593,0.0,0.01875545143579271,0.0,1.6404649975272414,0.0,0.0,48.61509818182701,0.0,0.0,0.0,0.0,0.1310792691809774
5755.0,1.4568229177180536,0.777673796,0.248182095,0.0,0.0,0.8230095255044428,0.6311817355939908,0.0,0.0,0.0026316566196199847,1.6573430416784223,0.0,0.0,48.61509762725513,0.0,0.0,0.0,0.0,0.14564379774795236
5756.0,1.4727759797468654,0.779260569,0.26122293,0.0,0.0,0.8246888019575398,0.6643474515530526,0.0,0.016260273763726858,0.0,1.6547095037589954,0.0,0.0,48.61509707268326,0.0,-1.1102230246251565e-16,0.0,0.0,0.13107956676550575
5757.0,1.4761293347988278,0.774282206,0.272233703,0.0,0.0,0.8194202173768413,0.6923502726766774,0.0,0.03564115525469068,0.0,1.6693418718359507,0.0,0.0,48.61509651811141,0.0,-1.1102230246251565e-16,0.0,0.0,0.13107971555802328
5758.0,1.463895798775928,0.74642208,0.281631152,0.0,0.0,0.789935941067557,0.7162500554953211,0.0,0.04229019778695006,0.0,1.7014170166451332,0.0,0.0,48.61509596353955,0.0,-1.1102230246251565e-16,0.0,0.0,0.13107986435070967
5759.0,1.4361417535470113,0.64601842,0.305719235,0.0,0.0,0.6836790901867161,0.7775113565374938,0.0,0.025048693177198666,0.0,1.73947626332389,0.0,0.0,48.61509540896771,0.0,0.0,0.0,0.0,0.13108001314356502
5760.0,1.4071414422643003,0.445324253,0.36081851,0.0,0.0,0.4712851378589468,0.9176409497882502,0.0,0.0,0.018215354617103288,1.7620181126516783,0.0,0.0,48.61509485439587,0.0,0.0,0.0,0.0,0.2675051236786875
5761.0,1.3561772977964182,0.099782805,0.418288652,0.0,0.0,0.10559980215220259,1.0638001800598502,0.0,0.0,0.18677731558436544,1.7438007579149548,0.0,0.0,48.61509429982403,0.0,-1.3877787807814457e-17,0.0,0.0,0.26750542733212324
5762.0,1.2775961545385248,7.81e-05,0.409888172,0.0,0.0,8.265296358512895e-05,1.0424359090143398,0.0,0.0,0.23507759256059996,1.557021462890035,0.0,0.0,48.61509374525221,0.0,-1.3552527156068805e-20,0.0,0.0,0.2675057309859037
5763.0,1.195537457893411,0.0,0.383473291,0.0,0.0,0.0,0.9752570481255688,0.0,0.0,0.22028040976784222,1.321942102907662,0.0,0.0,48.61509319068038,0.0,0.0,1.1102230246251565e-16,0.0,0.26750603464002876
5764.0,1.1140997529245869,0.0,0.355100047,0.0,0.0,0.0,0.903097638751771,0.0,0.0,0.21100211417281592,1.1016601925636804,0.0,0.0,48.61509263610857,0.0,0.0,1.1102230246251565e-16,0.0,0.26750633829449855
5765.0,1.0463367129377747,0.0,0.338685315,0.0,0.0,0.0,0.861351359540653,0.0,0.0,0.1849853533971218,0.8906568278633301,0.0,0.0,48.61509208153676,0.0,0.0,0.0,0.0,0.26750664194931306
5766.0,0.9954646465460323,0.0,0.3303693,0.0,0.0,0.0,0.8402019015955676,0.0,0.0,0.15526274495046455,0.7056704634549233,0.0,0.0,48.61509152696496,0.0,0.0,1.1102230246251565e-16,0.0,0.26750694560447225
5767.0,0.9618797036118196,0.0,0.328626344,0.0,0.0,0.0,0.8357691805600557,0.0,0.0,0.12611052305176387,0.5504069174767456,0.0,0.0,48.61509097239316,0.0,0.0,1.1102230246251565e-16,0.0,0.26750724925997604
5768.0,0.9454148587877211,0.0,0.326308325,0.0,0.0,0.0,0.8298739476442409,0.0,0.0,0.1155409111434802,0.42429576964157745,0.0,0.0,48.61509041782138,0.0,0.0,1.1102230246251565e-16,0.0,0.26750755291582456
5769.0,0.9570873609513524,0.0,0.317824693,0.0,0.0,0.0,0.8082982027465249,0.0,0.0,0.1487891582048275,0.3087543768672402,0.0,0.0,48.61508986324959,0.0,0.0,1.1102230246251565e-16,0.0,0.2675078565720178
5770.0,1.0016381603485913,0.0,0.306544192,0.0,0.0,0.0,0.7796094039048932,0.0,0.0,0.15996468660513613,0.15996486818605699,0.0,0.062064069838562004,48.61508930867781,0.0,0.0,0.0,0.0,0.2675081602285558
5771.0,1.0443730944303358,0.0,0.287722568,0.0,0.0,0.0,0.7317418681625686,0.0,0.0,0.0,0.0,0.0,0.3126312262677673,48.55302468426748,0.0,0.0,0.0,0.0,0.2675081632801284
5772.0,1.083210770405713,0.00142095,0.235674434,0.0,0.0,0.0015037865378526116,0.5993719985611832,0.0,0.0,0.0,0.0,0.0,0.4823349853066772,48.24039290413594,0.0,0.0,1.1102230246251565e-16,0.0,0.26750816633170105
5773.0,1.1303204837793854,0.200978055,0.172183904,0.0,0.0,0.21269439002977006,0.4379015954719421,0.0,0.0,0.0,0.0,0.0,0.47972449827767333,47.758057368531794,0.0,-2.7755575615628914e-17,5.551115123125783e-17,0.0,0.2675081693832737
5774.0,1.1905374042239782,0.536183636,0.137305225,0.0,0.0,0.5674413129481438,0.3491974319163654,0.0,0.0,0.0,0.0,0.0,0.2738986593594691,47.27833232545886,0.0,-1.1102230246251565e-16,0.0,0.0,0.2675081724348465
5775.0,1.2517907383627918,0.70141264,0.123306752,0.0,0.0,0.7423026042518458,0.3135962315807585,0.0,0.0,0.0,0.0,0.0,0.19589190253018743,47.00443312677655,0.0,0.0,0.0,0.0,0.26750817548641925
5776.0,1.3041724569330997,0.77041033,0.112813797,0.0,0.0,0.8153226242137922,0.28691033569286356,0.0,0.0,0.0,0.0,0.0,0.20193949702644381,46.808540688047984,0.0,0.0,0.0,0.0,0.267508178537992
5777.0,1.3468581399508628,0.775000763,0.109158013,0.0,0.0,0.8201806637987982,0.27761287170749127,0.0,0.0,0.0,0.0,0.0,0.24906460444457326,46.60660065705779,0.0,0.0,5.551115123125783e-17,0.0,0.26750818158956485
5778.0,1.3771368375464867,0.762859878,0.110555459,0.0,0.0,0.8073320066183086,0.28116688470620854,0.0,0.0,0.0,0.0,0.0,0.28863794622196964,46.35753552095308,0.0,0.0,0.0,0.0,0.26750818464113774
5779.0,1.3958693726643452,0.75064216,0.114106225,0.0,0.0,0.7944020373360119,0.2901972647848686,0.0,0.0,0.0,0.0,0.0,0.31127007054346467,46.06889704591216,0.0,-1.1102230246251565e-16,5.551115123125783e-17,0.0,0.2675081876927107
5780.0,1.4106425505082072,0.746173637,0.120493764,0.0,0.0,0.7896730146881461,0.3064421834692496,0.0,0.0,0.0,0.0,0.0,0.31452735235081153,45.75762644984236,0.0,0.0,0.0,0.0,0.2675081907442836
5781.0,1.4181672565443475,0.737317841,0.129850099,0.0,0.0,0.7803009559902546,0.330237404329557,0.0,0.0,0.0,0.0,0.0,0.30762889622453576,45.443098575516,0.0,0.0,5.551115123125783e-17,0.0,0.2675081937958566
5782.0,1.405002233007014,0.696168676,0.144633244,0.0,0.0,0.7367529350388659,0.3678341984038339,0.0,0.0,0.0,0.0,0.0,0.3004150995643141,45.13546916090386,0.0,0.0,5.551115123125783e-17,0.0,0.26750819684742955
5783.0,1.378385244950889,0.592242221,0.173146405,0.0,0.0,0.6267679222264902,0.4403494475286787,0.0,0.0,0.0,0.0,0.0,0.3112678751957202,44.8350535464612,0.0,0.0,5.551115123125783e-17,0.0,0.26750819989900265
5784.0,1.3513421281237932,0.393632539,0.244498146,0.0,0.0,0.41657997326362156,0.6218126418096074,0.0,0.0,0.0,0.0,0.0,0.3129495130505641,44.523785159814075,0.0,0.0,1.1102230246251565e-16,0.0,0.2675082029505757
5785.0,1.303337330196021,0.084615682,0.362610874,0.0,0.0,0.08954848761942188,0.9221993262510494,0.0,0.0,0.0,0.0,0.0,0.29158951632554964,44.21083513886289,0.0,1.3877787807814457e-17,1.1102230246251565e-16,0.0,0.2675082060021488
5786.0,1.2276898372709426,5.1e-05,0.427295406,0.0,0.0,5.397312602870136e-05,1.0867063394336283,0.0,0.0,0.0,0.0,0.0,0.1409295247112857,43.91924511820665,0.0,0.0,0.0,0.0,0.26750820905372197
5787.0,1.1485990525683702,0.0,0.46160294,0.0,0.0,0.0,1.173957955445935,0.0,0.025358902877564763,0.0,0.0,0.0,0.0,43.77831509249098,0.0,0.0,2.220446049250313e-16,0.0,0.24075441492171873
5788.0,1.070942972773087,0.0,0.472891159,0.0,0.0,0.0,1.20266638286164,0.0,0.1317234100885529,0.0,0.02282301258980829,0.0,0.0,43.778314593094215,0.0,0.0,0.0,0.0,0.24075468820958798
5789.0,1.0105740164353338,0.0,0.465442694,0.0,0.0,0.0,1.1837232956650752,0.0,0.17314927922974135,0.0,0.14137405576241963,0.0,0.0,43.778314093697475,0.0,0.0,2.220446049250313e-16,0.0,0.24075496149776743
5790.0,0.9623872037058906,0.0,0.448845955,0.0,0.0,0.0,1.141514132561587,0.0,0.1791269288556962,0.0,0.29720824659125494,0.0,0.0,43.778313594300734,0.0,0.0,0.0,0.0,0.24075523478625704
5791.0,0.9316459743789615,0.0,0.429881219,0.0,0.0,0.0,1.0932826314794404,0.0,0.16163665710047898,0.0,0.4584221451913846,0.0,0.0,43.778313094904,0.0,0.0,0.0,0.0,0.24075550807505694
5792.0,0.9175601700802334,0.0,0.41181462,0.0,0.0,0.0,1.047335290624329,0.0,0.12977512054409562,0.0,0.6038946162130859,0.0,0.0,43.778312595507266,0.0,0.0,0.0,0.0,0.24075578136416706
5793.0,0.9307530311754696,0.0,0.393698292,0.0,0.0,0.0,1.0012614779682225,0.0,0.07050844679275294,0.0,0.7206915392038763,0.0,0.0,43.77831209611055,0.0,0.0,0.0,0.0,0.24075605465358738
5794.0,0.969747025745223,0.0,0.381548993,0.0,0.0,0.0,0.9703631344391684,0.0,0.00061610869394541,0.0,0.784148323238767,0.0,0.0,43.77831159671383,0.0,0.0,0.0,0.0,0.24075632794331794
5795.0,1.0110857992306204,0.0,0.366062834,0.0,0.0,0.0,0.9309784209073382,0.0,0.0,0.08010737832328226,0.7847019309530318,0.0,0.0,43.77831109731711,0.0,0.0,0.0,0.0,0.26750733470373184
5796.0,1.0449020080304856,0.00188861,0.296545574,0.0,0.0,0.001998709520569915,0.7541807158974794,0.0,0.0,0.2887225826124363,0.7045936618910467,0.0,0.0,43.77831059792041,0.0,0.0,0.0,0.0,0.2675076383596774
5797.0,1.0918275652518792,0.166047409,0.20312294,0.0,0.0,0.17572740652345725,0.5165863790784507,0.0,0.0,0.2932786472456189,0.4158702794732069,0.0,0.10623513240435227,43.778310098523704,0.0,0.0,0.0,0.0,0.26750824262102896
5798.0,1.1468666999265837,0.466963154,0.187116617,0.0,0.0,0.4941855129725859,0.47587877391612826,0.0,0.0,0.12259102100385405,0.12259116016075768,0.0,0.05421139203401557,43.672074466722655,0.0,-5.551115123125783e-17,0.0,0.0,0.26750824567260245
5799.0,1.2038737358099432,0.631401744,0.186683015,0.0,0.0,0.6682103118363496,0.47477602851897527,0.0,0.0,0.0,0.0,0.0,0.060887395454618166,43.61786257650382,0.0,0.0,5.551115123125783e-17,0.0,0.2675082487241761
5800.0,1.2543282388331465,0.70938165,0.193261206,0.0,0.0,0.7507361803509434,0.49150581723499354,0.0,0.0,0.0,0.0,0.0,0.012086241247209568,43.55697468348279,0.0,0.0,0.0,0.0,0.2675082517757497
5801.0,1.2997484265771904,0.72106188,0.201807915,0.0,0.0,0.7630973279163203,0.5132419808379189,0.0,0.0,0.0,0.0,0.0,0.02340911782295114,43.54488794536375,0.0,-1.1102230246251565e-16,0.0,0.0,0.2675082548273234
5802.0,1.3332006057737136,0.717076736,0.21732022,0.0,0.0,0.7588798636152512,0.5526931894070277,0.0,0.0,0.0,0.0,0.0,0.021627552751434787,43.52147833080684,0.0,0.0,0.0,0.0,0.26750825787889715
5803.0,1.3595477836532437,0.708021563,0.237005698,0.0,0.0,0.7492968049183748,0.6027576961557409,0.0,0.0,0.0,0.0,0.0,0.007493282579127873,43.49985028158849,0.0,0.0,1.1102230246251565e-16,0.0,0.26750826093047086
5804.0,1.3790319328344731,0.703803669,0.25611333,0.0,0.0,0.744833022086263,0.6513526132421298,0.0,0.0,0.0,0.0,0.01715370249391967,0.0,43.49235650278917,0.0,0.0,0.0,0.0,0.13107904935120188
5805.0,1.3835801615256405,0.690590798,0.269558613,0.0,0.0,0.7308498857787341,0.6855469295544826,0.0,0.009009463790173705,0.0,0.0,0.02380719001740265,0.0,43.500761320876485,0.0,0.0,0.0,0.0,0.13107905084647303
5806.0,1.3671774158691707,0.652426299,0.275133947,0.0,0.0,0.6904605266738469,0.6997262320163954,0.0,0.023009342821071744,0.0,0.008108517411156334,0.0,0.0,43.51242634775443,0.0,0.0,1.1102230246251565e-16,0.0,0.13107919963840492
5807.0,1.3370850157764336,0.545401267,0.287459108,0.0,0.0,0.5771963003922431,0.7310718313492377,0.0,0.0,0.028816884034952826,0.02881691674589953,0.0,0.0,43.51242585139077,0.0,0.0,0.0,0.0,0.14564372047833968
5808.0,1.30959221532168,0.356657111,0.384175797,0.0,0.0,0.3774490039418732,0.9770436756272233,0.0,0.0,0.0,0.0,0.044900464247416436,0.0,43.512425355027126,0.0,-5.551115123125783e-17,0.0,0.0,0.13107905533228664
5809.0,1.2649322070434386,0.088262243,0.495643085,0.0,0.0,0.09340763068656596,1.2605295423324554,0.0,0.0,0.0,0.0,0.08900496597558273,0.0,43.53442608614472,0.0,0.0,0.0,0.0,0.13107905682755788
5810.0,1.196286930606174,4.67e-05,0.521653483,0.0,0.0,4.942245069686967e-05,1.3266797138552255,0.0,0.0,0.0,0.0,0.13044220569974843,0.0,43.57803802285814,0.0,-6.776263578034403e-21,2.220446049250313e-16,0.0,0.13107905832282915
5811.0,1.1180740996528384,0.0,0.527832166,0.0,0.0,0.0,1.3423934657261054,0.0,0.007632607237870412,0.0,0.0,0.21668675883539654,0.0,43.641954206538905,0.0,0.0,0.0,0.0,0.13107817604156172
5812.0,1.040989760469863,0.0,0.519694213,0.0,0.0,0.0,1.3216968586694102,0.0,0.06402033936415064,0.0,0.0068693465140833715,0.21668675883539654,0.0,43.74813022052702,0.0,0.0,0.0,0.0,0.1310783248325006
5813.0,0.9800469221691941,0.0,0.503171296,0.0,0.0,0.0,1.2796754411729732,0.0,0.08294176016838238,0.0,0.06448764414421763,0.21668675883539654,0.0,43.85430623330394,0.0,0.0,0.0,0.0,0.13107847362360836
5814.0,0.9330142974174058,0.0,0.480120565,0.0,0.0,0.0,1.22105235476825,0.0,0.07135129851544747,0.0,0.13913515509390229,0.21668675883539654,0.0,43.960482244869674,0.0,0.0,0.0,0.0,0.13107862241488502
5815.0,0.9015471502344006,0.0,0.458784181,0.0,0.0,0.0,1.1667892304102263,0.0,0.04855532134042903,0.0,0.2033511658213164,0.21668675883539654,0.0,44.06665825522421,0.0,0.0,0.0,0.0,0.13107877120633057
5816.0,0.8872600589785304,0.0,0.444670777,0.0,0.0,0.0,1.1308957352253333,0.0,0.026948917411406214,0.0,0.24705072419769367,0.21668675883539654,0.0,44.17283426436755,0.0,0.0,0.0,0.0,0.13107891999794502
5817.0,0.8965556619673991,0.0,0.428527374,0.0,0.0,0.0,1.0898395054278804,0.0,0.04290749220278069,0.0,0.27130446943327075,0.1503763512577006,0.0,44.27901027229971,0.0,0.0,0.0,0.0,0.1310790687897284
5818.0,0.9330378522740926,0.0,0.413514387,0.0,0.0,0.0,1.0516581725194367,0.0,0.11862032024534393,0.0,0.3099209044499309,0.0,0.0,44.352694179307605,0.0,0.0,0.0,0.0,0.13107921758168065
5819.0,0.9724879545233275,0.0,0.395971195,0.0,0.0,0.0,1.007041970958165,0.0,0.03455401643483768,0.0,0.4166788408702242,0.0,0.0,44.35269367335867,0.0,0.0,2.220446049250313e-16,0.0,0.1310793663738018
5820.0,1.0073148808101189,0.000625491,0.333557317,0.0,0.0,0.000661954991623891,0.8483097310631333,0.0,0.0,0.15834319475536168,0.44777698267692545,0.0,0.0,44.35269316740976,0.0,0.0,0.0,0.0,0.14564390574010205
5821.0,1.0548442989029385,0.162863759,0.233189863,0.0,0.0,0.17235816058853026,0.5930531872223295,0.0,0.0,0.2894329510920787,0.28943327963647747,0.0,0.0,44.35269266146084,0.0,2.7755575615628914e-17,0.0,0.0,0.14564407106505642
5822.0,1.1110676004638085,0.501758934,0.229798241,0.0,0.0,0.5310097682511539,0.5844275453909202,0.0,0.0,0.0,0.0,0.0043697131782655455,0.0,44.35269215551194,0.0,0.0,0.0,0.0,0.1310790762660855
5823.0,1.1671110285736157,0.656629479,0.251946304,0.0,0.0,0.6949087377299512,0.6407549482375481,0.0,0.0,0.0,0.0,0.16855265739388361,0.0,44.35483280902038,0.0,0.0,1.1102230246251565e-16,0.0,0.13107907776135697
5824.0,1.220576270551518,0.736165839,0.246724315,0.0,0.0,0.779081796203366,0.6274742799432751,0.0,0.0,0.0,0.0,0.1859798055951232,0.0,44.43742310517006,0.0,0.0,1.1102230246251565e-16,0.0,0.13107907925662846
5825.0,1.268163505110751,0.744020882,0.244287774,0.0,0.0,0.7873947614151283,0.6212776194741711,0.0,0.0,0.0,0.0,0.14050887577854848,0.0,44.528552702996215,0.0,-1.1102230246251565e-16,1.1102230246251565e-16,0.0,0.1310790807519
5826.0,1.305703522617744,0.735872832,0.253400653,0.0,0.0,0.7787717078947721,0.6444536780995044,0.0,0.0,0.0,0.0,0.11752186337653237,0.0,44.59740154417269,0.0,0.0,0.0,0.0,0.13107908224717152
5827.0,1.329483221118409,0.722382087,0.266354922,0.0,0.0,0.7644944984809275,0.6773992376523458,0.0,0.0,0.0,0.0,0.11241051501486414,0.0,44.65498674848679,0.0,0.0,0.0,0.0,0.13107908374244304
5828.0,1.3453099434613551,0.711868241,0.276585594,0.0,0.0,0.7533677311239794,0.703418090097172,0.0,0.06128994128848645,0.0,0.0,0.050185936471309735,0.0,44.710067391446785,0.0,0.0,0.0,0.0,0.1310790852377146
5829.0,1.345980186201626,0.694127924,0.287399649,0.0,0.0,0.7345932141586831,0.7309206140149787,0.0,0.11953364197203577,0.0,0.05516094715963781,0.0,0.0,44.73465799029209,0.0,0.0,0.0,0.0,0.13107923402968552
5830.0,1.3256095178687286,0.652483289,0.299293097,0.0,0.0,0.6905208389964425,0.7611682720937651,0.0,0.1260795932214791,0.0,0.16274116231962404,0.0,0.0,44.73465747998596,0.0,0.0,0.0,0.0,0.13107938282182535
5831.0,1.2922601235013842,0.547495091,0.334912077,0.0,0.0,0.5794121871889867,0.8517551841612437,0.0,0.13890724784884614,0.0,0.27621261148657966,0.0,0.0,44.734656969679826,0.0,0.0,0.0,0.0,0.13107953161413408
5832.0,1.2590541996247688,0.372307013,0.412002608,0.0,0.0,0.3940112418434972,1.047813385517157,0.0,0.18277042773588525,0.0,0.4012288210133195,0.0,0.0,44.734656459373696,0.0,0.0,0.0,0.0,0.1310796804066117
5833.0,1.2134948240912118,0.093218545,0.498053871,0.0,0.0,0.09865286818621899,1.266660702163408,0.0,0.1518187462584153,0.0,0.5657217505287446,0.0,0.0,44.73465594906758,0.0,0.0,0.0,0.0,0.13107982919925823
5834.0,1.1535455724726058,3.87e-05,0.504802108,0.0,0.0,4.095607798648515e-05,1.283822955314102,0.0,0.13031833891948286,0.0,0.7023579799935877,0.0,0.0,44.73465543876146,0.0,-6.776263578034403e-21,0.0,0.0,0.13107997799207363
5835.0,1.0863628385005333,0.0,0.492513562,0.0,0.0,0.0,1.2525704759915846,0.0,0.16620763749105114,0.0,0.8196436877535086,0.0,0.0,44.73465492845535,0.0,0.0,0.0,0.0,0.13108012678505795
5836.0,1.0203771195182734,0.0,0.476697256,0.0,0.0,0.0,1.2123461259160253,0.0,0.1919690063977521,0.0,0.9692296310933153,0.0,0.0,44.73465441814925,0.0,0.0,2.220446049250313e-16,0.0,0.13108027557821117
5837.0,0.9654107907642372,0.0,0.455249551,0.0,0.0,0.0,1.1577998877339037,0.0,0.1923890969696666,0.0,1.1420006366496611,0.0,0.0,44.734653907843146,0.0,0.0,0.0,0.0,0.13108042437153328
5838.0,0.9215794851712508,0.0,0.424348907,0.0,0.0,0.0,1.0792127434401462,0.0,0.15763325826889557,0.0,1.3151495276031782,0.0,0.0,44.73465339753705,0.0,0.0,2.220446049250313e-16,0.0,0.1310805731650243
5839.0,0.8891615783183405,0.0,0.398885482,0.0,0.0,0.0,1.0144536447401882,0.0,0.1252920664218475,0.0,1.457017967179501,0.0,0.0,44.73465288723097,0.0,0.0,0.0,0.0,0.13108072195868423
5840.0,0.8669814687217724,0.0,0.388403316,0.0,0.0,0.0,0.9877951876558271,0.0,0.12081371893405464,0.0,1.5697791730543587,0.0,0.0,44.73465237692489,0.0,0.0,0.0,0.0,0.13108087075251304
5841.0,0.8579064248455167,0.0,0.367492327,0.0,0.0,0.0,0.9346139364861693,0.0,0.07670751164065258,0.0,1.6785097381915752,0.0,0.0,44.73465186661882,0.0,0.0,0.0,0.0,0.13108101954651075
5842.0,0.8597544104201295,0.0,0.344381614,0.0,0.0,0.0,0.875838302642984,0.0,0.01608389222285455,0.0,1.7475445933414033,0.0,0.0,44.73465135631275,0.0,0.0,1.1102230246251565e-16,0.0,0.13108116834067737
5843.0,0.8700093384813348,0.0,0.316381285,0.0,0.0,0.0,0.8046272982575841,0.0,0.0,0.0653820402237506,1.7620181126516783,0.0,0.0,44.73465084600669,0.0,0.0,1.1102230246251565e-16,0.0,0.2675014691588722
5844.0,0.9006563483815165,0.000417217,0.24959979,0.0,0.0,0.0004415393278885626,0.6347872462600319,0.0,0.0,0.26542756279359603,1.6966340723083073,0.0,0.0,44.73465033570063,0.0,0.0,0.0,0.0,0.26750177280815957
5845.0,0.9536654826799374,0.137912769,0.165971117,0.0,0.0,0.14595261298439563,0.4221011096168453,0.0,0.0,0.2932786472456189,1.431204583614477,0.0,0.09233311283307764,44.73464982539458,0.0,0.0,0.0,0.0,0.26750838909659946
5846.0,1.0168331842622085,0.499824545,0.156982713,0.0,0.0,0.5289626109710454,0.3992416183350912,0.0,0.0,0.08862895495607193,1.137924311765599,0.0,0.0,44.64231620225545,0.0,0.0,5.551115123125783e-17,0.0,0.26750238010776833
5847.0,1.0812771308067846,0.635609208,0.17916265,0.0,0.0,0.6726630566350403,0.4556500837847256,0.0,0.04703600961298132,0.0,1.0492940651175031,0.0,0.0,44.64231569300269,0.0,-1.1102230246251565e-16,5.551115123125783e-17,0.0,0.2407524153822808
5848.0,1.137187795178902,0.707883444,0.180316846,0.0,0.0,0.7491506340518267,0.4585854584518451,0.0,0.07054829732476967,0.0,1.0916252826840143,0.0,0.0,44.642315183749936,0.0,0.0,0.0,0.0,0.24075268866788027
5849.0,1.1843981520311455,0.70277237,0.179656188,0.0,0.0,0.7437416018725322,0.456905259632208,0.0,0.016248709473594688,0.0,1.1551175111396996,0.0,0.0,44.64231467449719,0.0,-1.1102230246251565e-16,0.0,0.0,0.24075296195378998
5850.0,1.2189295719340474,0.683087229,0.183823536,0.0,0.0,0.7229088843022231,0.46750374355371793,0.0,0.0,0.028516944078106236,1.1697400384573946,0.0,0.0,44.64231416524445,0.0,0.0,5.551115123125783e-17,0.0,0.2675035947111221
5851.0,1.2438548930099358,0.661531452,0.191204781,0.0,0.0,0.7000964790342313,0.4862758754834789,0.0,0.0,0.05748253849222556,1.1412217665722786,0.0,0.0,44.64231365599172,0.0,0.0,0.0,0.0,0.26750389836282223
5852.0,1.262289780393297,0.644277435,0.198700393,0.0,0.0,0.6818366117000676,0.5053388678862917,0.0,0.0,0.07511430080693793,1.083737932644989,0.0,0.0,44.642313146738985,0.0,0.0,0.0,0.0,0.2675042020148671
5853.0,1.2639214895565125,0.612725131,0.209469492,0.0,0.0,0.648444916008148,0.5327270587934702,0.0,0.0,0.08274951475489428,1.0086224016546115,0.0,0.0,44.64231263748626,0.0,0.0,0.0,0.0,0.2675045056672566
5854.0,1.2527136604747942,0.570373375,0.229840413,0.0,0.0,0.60362419710374,0.5845347980763063,0.0,0.0,0.06455466529474799,0.9258717419821705,0.0,0.0,44.64231212823355,0.0,-1.1102230246251565e-16,0.0,0.0,0.26750480931999077
5855.0,1.2288183290413028,0.477826253,0.271972047,0.0,0.0,0.5056818935880615,0.6916848238327203,0.0,0.0,0.0314516116205209,0.8613160257026321,0.0,0.0,44.64231161898083,0.0,0.0,0.0,0.0,0.26750511297306967
5856.0,1.2040771641176933,0.328186243,0.356981705,0.0,0.0,0.3473183814573531,0.9078831095256974,0.0,0.051124326865357124,0.0,0.8298634363764509,0.0,0.0,44.642311109728126,0.0,-5.551115123125783e-17,0.0,0.0,0.2407548749638439
5857.0,1.1678669253382024,0.093953124,0.448973909,0.0,0.0,0.09943027063612168,1.1418395477684986,0.0,0.07340289306641773,0.0,0.8758743885523897,0.0,0.0,44.64231060047542,0.0,0.0,-2.220446049250313e-16,0.0,0.24075514825223535
5858.0,1.113044067074895,3.17e-05,0.476776587,0.0,0.0,3.354800186489868e-05,1.2125478821235647,0.0,0.09953736305053494,0.0,0.9419359980808711,0.0,0.0,44.642310091222726,0.0,0.0,2.220446049250313e-16,0.0,0.24075542154093701
5859.0,1.0516494037959603,0.0,0.467878875,0.0,0.0,0.0,1.189919040574881,0.0,0.13826963677892048,0.0,1.0315185556065432,0.0,0.0,44.64230958197004,0.0,0.0,-2.220446049250313e-16,0.0,0.24075569482994888
5860.0,0.9942590661537879,0.0,0.441865105,0.0,0.0,0.0,1.1237602933133473,0.0,0.12950122715955933,0.0,1.1559600577999134,0.0,0.0,44.64230907271736,0.0,0.0,0.0,0.0,0.24075596811927097
5861.0,0.9428944891222296,0.0,0.410818048,0.0,0.0,0.0,1.0448007885096442,0.0,0.10190629938741465,0.0,1.2725098500785763,0.0,0.0,44.64230856346468,0.0,0.0,2.220446049250313e-16,0.0,0.24075624140890328
5862.0,0.8992816012912485,0.0,0.378321886,0.0,0.0,0.0,0.9621558904911007,0.0,0.06287428919985229,0.0,1.3642240750631436,0.0,0.0,44.64230805421201,0.0,0.0,0.0,0.0,0.24075651469884582
5863.0,0.8671313632643249,0.0,0.347481387,0.0,0.0,0.0,0.8837217081807098,0.0,0.01659034491638485,0.0,1.4208093867713363,0.0,0.0,44.642307544959344,0.0,0.0,0.0,0.0,0.24075678798909855
5864.0,0.8456065069537725,0.0,0.315221077,0.0,0.0,0.0,0.8016766337501787,0.0,0.0,0.04392987320359381,1.4357390843927234,0.0,0.0,44.64230703570668,0.0,0.0,0.0,0.0,0.26750784586629056
5865.0,0.8327541206051915,0.0,0.273265978,0.0,0.0,0.0,0.694975575384797,0.0,0.0,0.1377785452203946,1.3918075814386228,0.0,0.0,44.64230652645402,0.0,0.0,-1.1102230246251565e-16,0.0,0.2675081495228163
5866.0,0.833531430875857,0.0,0.244043992,0.0,0.0,0.0,0.6206576281493877,0.0,0.0,0.170112634081324,1.2540274563356881,0.0,0.04276116864514537,44.64230601720138,0.0,0.0,0.0,0.0,0.26750845317968686
5867.0,0.8397884573521239,0.0,0.222844382,0.0,0.0,0.0,0.5667423502010904,0.0,0.0,0.0,1.0839133987701777,0.0,0.27304610715103345,44.59954433930359,0.0,0.0,0.0,0.0,0.26750845623126274
5868.0,0.8672962472611327,0.000324297,0.168103989,0.0,0.0,0.0003432024088574463,0.42752547292862986,0.0,0.0,0.0,1.0839121683875614,0.0,0.43942757192364534,44.32649772338771,0.0,0.0,5.551115123125783e-17,0.0,0.2675084592828388
5869.0,0.9269007414318678,0.112561814,0.129668684,0.0,0.0,0.11912378378512237,0.3297760260235887,0.0,0.0,0.0,1.0839109380063416,0.0,0.4780009316231567,43.88706964581397,0.0,-1.3877787807814457e-17,0.0,0.0,0.26750846233441483
5870.0,0.9940063867820563,0.458953734,0.144084854,0.0,0.0,0.4857091711083349,0.36643952183789397,0.0,0.0,0.0,1.0839097076265187,0.0,0.1418576938358274,43.40906821355346,0.0,-5.551115123125783e-17,5.551115123125783e-17,0.0,0.2675084653859909
5871.0,1.0598058082614292,0.673139293,0.141828913,0.0,0.0,0.7123810175678417,0.3607021669502352,0.0,0.013277376256647714,0.0,1.0839084772480923,0.0,0.0,43.26721002453303,0.0,0.0,0.0,0.0,0.24075897432228852
5872.0,1.1187165048352066,0.717607815,0.133959514,0.0,0.0,0.7594419027093335,0.3406885518709459,0.0,0.0,0.0,1.0958568855020454,0.0,0.018586050254927138,43.26720953096665,0.0,0.0,0.0,0.0,0.26750847148914314
5873.0,1.1660831802818263,0.715255613,0.130855875,0.0,0.0,0.7569525753565695,0.33279531424364167,0.0,0.0,0.0,1.0958556415620189,0.0,0.0763352906816153,43.24862298714536,0.0,0.0,0.0,0.0,0.26750847454071935
5874.0,1.2044411937210353,0.701526377,0.132281557,0.0,0.0,0.7424229717309658,0.3364211376100094,0.0,0.0,0.0,1.0958543976234045,0.0,0.12559708438006012,43.1722872031094,0.0,0.0,0.0,0.0,0.26750847759229557
5875.0,1.2332916104611937,0.680440574,0.133671468,0.0,0.0,0.7201079383439979,0.33995598744396366,0.0,0.0,0.0,1.0958531536862022,0.0,0.17322768467323227,43.04668962624579,0.0,0.0,5.551115123125783e-17,0.0,0.2675084806438718
5876.0,1.254842162979041,0.659827667,0.132949713,0.0,0.0,0.6982933691806861,0.33812040549525935,0.0,0.0,0.0,1.0958519097504118,0.0,0.21842838830309566,42.87346145052175,0.0,-1.1102230246251565e-16,0.0,0.0,0.2675084836954481
5877.0,1.2640563946448098,0.621905622,0.13438439,0.0,0.0,0.6581605983169393,0.34176910512798975,0.0,0.0,0.0,1.0958506658160336,0.0,0.2641266911998807,42.65503257314393,0.0,0.0,5.551115123125783e-17,0.0,0.26750848674702443
5878.0,1.2552575849969725,0.583720216,0.141859041,0.0,0.0,0.6177491134052702,0.36077878909064376,0.0,0.0,0.0,1.0958494218830672,0.0,0.27672968250105856,42.39090539536103,0.0,0.0,0.0,0.0,0.26750848979860076
5879.0,1.2309553969479812,0.499619104,0.167455746,0.0,0.0,0.5287451934615461,0.42587684818869176,0.0,0.0,0.0,1.095848177951513,0.0,0.27633335529774333,42.114175229289955,0.0,-1.1102230246251565e-16,5.551115123125783e-17,0.0,0.26750849285017714
5880.0,1.2062142320243716,0.353966681,0.226583338,0.0,0.0,0.3746017310504731,0.5762513389030739,0.0,0.0,0.0,1.0958469340213708,0.0,0.25536116207082465,41.83784139357897,0.0,0.0,-1.1102230246251565e-16,0.0,0.2675084959017536
5881.0,1.1709568942653936,0.083849733,0.31081864,0.0,0.0,0.08873788640552861,0.7904802667177252,0.0,0.0,0.0,1.0958456900926405,0.0,0.2917387411421397,41.582479754247146,0.0,-1.3877787807814457e-17,0.0,0.0,0.26750849895333
5882.0,1.1168214095472202,2.66e-05,0.343520931,0.0,0.0,2.815068926202855e-05,0.8736493961880835,0.0,0.0,0.0,1.0958444461653223,0.0,0.24314386266987476,41.29074053875703,0.0,0.0,0.0,0.0,0.2675085020049065
5883.0,1.0559706493226908,0.0,0.334095026,0.0,0.0,0.0,0.849677243493329,0.0,0.0,0.0,1.0958432022394162,0.0,0.2062934058293618,41.047596205067165,0.0,0.0,1.1102230246251565e-16,0.0,0.26750850505648305
5884.0,0.994984984009864,0.0,0.310357543,0.0,0.0,0.0,0.7893075954791446,0.0,0.0,0.0,1.095841958314922,0.0,0.20567738853071932,40.841302330991454,0.0,0.0,1.1102230246251565e-16,0.0,0.2675085081080596
5885.0,0.9424383814427482,0.0,0.28791092,0.0,0.0,0.0,0.7322208887875762,0.0,0.0,0.0,1.09584071439184,0.0,0.210217492655172,40.635624476567656,0.0,0.0,0.0,0.0,0.26750851115963614
5886.0,0.9023180364532425,0.0,0.268841248,0.0,0.0,0.0,0.68372251234278,0.0,0.0,0.0,1.0958394704701697,0.0,0.21859552411046237,40.42540652036566,0.0,0.0,0.0,0.0,0.26750851421121286
5887.0,0.8725168600431789,0.0,0.248219053,0.0,0.0,0.0,0.6312757279288694,0.0,0.0,0.0,1.0958382265499116,0.0,0.2412411321143095,40.20681053510641,0.0,0.0,-1.1102230246251565e-16,0.0,0.2675085172627895
5888.0,0.8561997684110251,0.0,0.227312847,0.0,0.0,0.0,0.5781066409817811,0.0,0.0,0.0,1.0958369826310657,0.0,0.27809312742924386,39.96556894433694,0.0,0.0,1.1102230246251565e-16,0.0,0.2675085203143662
5889.0,0.851970600960434,0.0,0.211074825,0.0,0.0,0.0,0.5368097742252433,0.0,0.0,0.0,1.0958357387136315,0.0,0.3151608267351907,39.68747536100446,0.0,0.0,0.0,0.0,0.26750852336594294
5890.0,0.8587265621283402,0.0,0.201522197,0.0,0.0,0.0,0.5125153370277341,0.0,0.0,0.0,1.0958344947976093,0.0,0.3462112251006061,39.372314081538356,0.0,0.0,0.0,0.0,0.2675085264175197
5891.0,0.8680435786232878,0.0,0.196295225,0.0,0.0,0.0,0.49922199586683697,0.0,0.0,0.0,1.0958332508829993,0.0,0.3688215827564509,39.02610240730201,0.0,0.0,0.0,0.0,0.2675085294690965
5892.0,0.9037441759581,0.000105071,0.162363815,0.0,0.0,0.00011119628088160157,0.41292694603678665,0.0,0.0,0.0,1.0958320069698013,0.0,0.49070603364043175,38.6572803793592,0.0,0.0,-5.551115123125783e-17,0.0,0.26750853252067336
5893.0,0.9666013817022263,0.090003227,0.107478792,0.0,0.0,0.09525010811491798,0.2733422428161288,0.0,0.0,0.0842651430063822,1.095830763058015,0.0,0.5137438877647974,38.166573904739714,0.0,0.0,0.0,0.0,0.2675166520454834
5894.0,1.0429041279133204,0.426213274,0.093034343,0.0,0.0,0.4510600539746553,0.23660682727570118,0.0,0.0,0.0,1.011564376141259,0.0,0.3552372466629639,37.65282958159354,0.0,0.0,0.0,0.0,0.2675085386238272
5895.0,1.1204060304648351,0.612108325,0.122623815,0.0,0.0,0.6477921523223978,0.3118593723566418,0.0,0.0,0.0,1.0115632278841886,0.0,0.16075450578579556,37.29759190540969,0.0,0.0,0.0,0.0,0.2675085416754041
5896.0,1.183657244720814,0.676039024,0.144971145,0.0,0.0,0.7154497929935737,0.36869355507756557,0.0,0.0,0.0,1.0115620796284217,0.0,0.09951389664967462,37.136836974155344,0.0,1.1102230246251565e-16,0.0,0.0,0.26750854472698105
5897.0,1.2259981702907061,0.683768683,0.162420359,0.0,0.0,0.7236300647458461,0.4130707498839474,0.0,0.0,0.0,1.0115609313739584,0.0,0.08929735566091263,37.037322653870916,0.0,-1.1102230246251565e-16,0.0,0.0,0.2675085477785581
5898.0,1.2536772682483466,0.673379644,0.178895748,0.0,0.0,0.7126353802112559,0.4549712932072123,0.0,0.0,0.0,1.0115597831207983,0.0,0.08607059482987839,36.948024875710445,0.0,0.0,0.0,0.0,0.2675085508301351
5899.0,1.2738123880143757,0.657015015,0.192114325,0.0,0.0,0.6953167491636101,0.48858904622417676,0.0,0.0,0.0,1.0115586348689416,0.0,0.08990659262658889,36.86195385939966,0.0,0.0,5.551115123125783e-17,0.0,0.26750855388171224
5900.0,1.2925085201719,0.640420721,0.20057937,0.0,0.0,0.6777550644298979,0.510117520286664,0.0,0.0,0.0,1.0115574866183885,0.0,0.10463593545533806,36.77204684627402,0.0,0.0,0.0,0.0,0.26750855693328934
5901.0,1.3039283429637998,0.602746608,0.206110164,0.0,0.0,0.637884679156005,0.5241835477175825,0.0,0.0,0.0,1.0115563383691386,0.0,0.1418601160902123,36.66741049134524,0.0,0.0,1.1102230246251565e-16,0.0,0.26750855998486645
5902.0,1.2980267806884433,0.549940076,0.210861753,0.0,0.0,0.5819997064741492,0.5362678851950679,0.0,0.0,0.0,1.0115551901211923,0.0,0.1797591890192264,36.525549956975205,0.0,-1.1102230246251565e-16,0.0,0.0,0.26750856303644366
5903.0,1.2804955432616136,0.45487901,0.220223382,0.0,0.0,0.48139690459884127,0.5600765698635046,0.0,0.0,0.0,1.0115540418745494,0.0,0.23902206879926766,36.34579035129442,0.0,-5.551115123125783e-17,0.0,0.0,0.26750856608802087
5904.0,1.263949327114415,0.308663884,0.284378503,0.0,0.0,0.3266579355223619,0.7232371742577197,0.0,0.0,0.0,1.0115528936292097,0.0,0.21405421733433347,36.10676786788418,0.0,0.0,0.0,0.0,0.26750856913959814
5905.0,1.2235977162592566,0.075476605,0.371066149,0.0,0.0,0.07987663360555904,0.9437029530514618,0.0,0.0,0.0,1.0115517453851737,0.0,0.20001812960223578,35.8927132386655,0.0,0.0,0.0,0.0,0.26750857219117546
5906.0,1.1572501090242628,1.4e-05,0.391480732,0.0,0.0,1.4816152243172921e-05,0.9956217344178918,0.0,0.0,0.0,1.011550597142441,0.0,0.16161355845412795,35.69269469962072,0.0,0.0,0.0,0.0,0.2675085752427528
5907.0,1.0863542730981017,0.0,0.385125592,0.0,0.0,0.0,0.9794592135271613,0.0,0.0,0.0,1.0115494489010115,0.0,0.10689505957094046,35.531080734005755,0.0,0.0,0.0,0.0,0.2675085782943301
5908.0,1.0169402517926032,0.0,0.374402675,0.0,0.0,0.0,0.9521884736186667,0.0,0.0,0.0,1.0115483006608856,0.0,0.06475177817393657,35.424185269117565,0.0,0.0,0.0,0.0,0.26750858134590755
5909.0,0.9605070978721595,0.0,0.363008317,0.0,0.0,0.0,0.9232101113463226,0.0,0.0,0.0,1.0115471524220632,0.0,0.03729698652583687,35.359433086845776,0.0,0.0,1.1102230246251565e-16,0.0,0.2675085843974849
5910.0,0.9178728072689859,0.0,0.345466869,0.0,0.0,0.0,0.8785983451612087,0.0,0.0,0.0,1.011546004184544,0.0,0.039274462107777276,35.32213569696074,0.0,0.0,0.0,0.0,0.2675085874490624
5911.0,0.8928318532602711,0.0,0.324515637,0.0,0.0,0.0,0.8253147471780731,0.0,0.0,0.0,1.0115448559483284,0.0,0.06751710608219796,35.28286083191924,0.0,0.0,1.1102230246251565e-16,0.0,0.26750859050063996
5912.0,0.8846518939381153,0.0,0.306467425,0.0,0.0,0.0,0.7794141685141357,0.0,0.0,0.0,1.011543707713416,0.0,0.10523772542397954,35.21534332335133,0.0,0.0,0.0,0.0,0.26750859355221746
5913.0,0.9043458954789183,0.0,0.282872364,0.0,0.0,0.0,0.7194067310177841,0.0,0.0,0.0,1.011542559479807,0.0,0.1849391644611343,35.11010519621184,0.0,0.0,0.0,0.0,0.26750859660379506
5914.0,0.9535434256952875,0.0,0.260627738,0.0,0.0,0.0,0.6628337471918591,0.0,0.0,0.0,1.0115414112475016,0.0,0.29070967850342855,34.925165631235686,0.0,0.0,-1.1102230246251565e-16,0.0,0.26750859965537266
5915.0,1.0017794894887122,0.0,0.248632938,0.0,0.0,0.0,0.6323283286518842,0.0,0.0,0.0,1.0115402630164994,0.0,0.36945116083682805,34.63445555432693,0.0,0.0,0.0,0.0,0.26750860270695026
5916.0,1.0535444990839467,0.000129463,0.196724101,0.0,0.0,0.00013701025127556399,0.5003127220049761,0.0,0.0,0.03935087906289767,1.0115391147868007,0.0,0.5137438877647974,34.265003998401006,0.0,0.0,0.0,0.0,0.26752363646269806
5917.0,1.1133224426539212,0.129794041,0.144128533,0.0,0.0,0.13736059083661628,0.36655060715623256,0.0,0.0,0.09566735689627495,0.9721870874955075,0.0,0.5137438877647974,33.7512597197616,0.0,0.0,0.0,0.0,0.26752394013714825
5918.0,1.180541579586328,0.467933337,0.160227847,0.0,0.0,0.4952122543319958,0.4074947089150344,0.0,0.0,0.0,0.876518627040504,0.0,0.2778346163392979,33.237515446982684,0.0,-5.551115123125783e-17,5.551115123125783e-17,0.0,0.2675086118616834
5919.0,1.2455080156792302,0.624346777,0.173191852,0.0,0.0,0.6607440643261666,0.4404650292604614,0.0,0.0,0.0,0.8765176320779149,0.0,0.1442989220926022,32.95968045148975,0.0,0.0,0.0,0.0,0.2675086149132612
5920.0,1.3037506108633445,0.692656683,0.171858524,0.0,0.0,0.7330362048270832,0.43707408245925855,0.0,0.0,0.0,0.8765166371164552,0.0,0.13364032357700265,32.81538115341289,0.0,0.0,0.0,0.0,0.267508617964839
5921.0,1.3513485521756168,0.696843901,0.167694448,0.0,0.0,0.7374675233530371,0.4264839199544844,0.0,0.0,0.0,0.8765156421561249,0.0,0.18739710886809516,32.68174045549771,0.0,0.0,0.0,0.0,0.2675086210164168
5922.0,1.387188337299942,0.682409162,0.16425906,0.0,0.0,0.7221912883091467,0.41774697154457285,0.0,0.0,0.0,0.8765146471969241,0.0,0.24725007744622254,32.494342973815925,0.0,0.0,5.551115123125783e-17,0.0,0.26750862406799475
5923.0,1.4114262848306964,0.661894354,0.161465335,0.0,0.0,0.7004805369828994,0.4106419134851978,0.0,0.0,0.0,0.8765136522388526,0.0,0.30030383436259933,32.24709252569374,0.0,0.0,5.551115123125783e-17,0.0,0.2675086271195727
5924.0,1.4289168365959763,0.644209087,0.158102093,0.0,0.0,0.6817642792448164,0.4020884482451587,0.0,0.0,0.0,0.8765126572819105,0.0,0.3450641091060012,31.94678832347565,0.0,0.0,0.0,0.0,0.2675086301711506
5925.0,1.4350004136730037,0.611555489,0.156542613,0.0,0.0,0.6472070878694332,0.39812234709259925,0.0,0.0,0.0,0.8765116623260979,0.0,0.3896709787109714,31.601723849939855,0.0,-1.1102230246251565e-16,0.0,0.0,0.26750863322272866
5926.0,1.4219767192757913,0.563619524,0.159673488,0.0,0.0,0.5964766196291896,0.40608485186728027,0.0,0.0,0.0,0.8765106673714146,0.0,0.41941524777932143,31.21205251073538,0.0,0.0,0.0,0.0,0.26750863627430665
5927.0,1.3938436549892772,0.467346493,0.180884273,0.0,0.0,0.4945911993286391,0.4600285503021371,0.0,0.0,0.0,0.8765096724178607,0.0,0.4392239053585009,30.792636906907692,0.0,0.0,5.551115123125783e-17,0.0,0.2675086393258847
5928.0,1.3650981644289055,0.309640658,0.239433303,0.0,0.0,0.32769165211458856,0.6089316304084785,0.0,0.0,0.0,0.8765086774654363,0.0,0.4284748819058385,30.35341265028526,0.0,-5.551115123125783e-17,0.0,0.0,0.2675086423774628
5929.0,1.3131211611234896,0.065267692,0.330903512,0.0,0.0,0.06907257580232282,0.841560520384466,0.0,0.0,0.0,0.8765076825141412,0.0,0.40248806493670086,29.924937422125904,0.0,-1.3877787807814457e-17,0.0,0.0,0.2675086454290409
5930.0,1.2348933407158986,1.37e-05,0.368752278,0.0,0.0,1.4498663266533502e-05,0.9378182694133427,0.0,0.0,0.0,0.8765066875639755,0.0,0.2970605726392895,29.52244901582347,0.0,-1.6940658945086007e-21,0.0,0.0,0.26750864848061906
5931.0,1.1529331461987482,0.0,0.371513779,0.0,0.0,0.0,0.9448413747426152,0.0,0.0,0.0,0.8765056926149394,0.0,0.208091771456133,29.225388106409795,0.0,0.0,1.1102230246251565e-16,0.0,0.2675086515321973
5932.0,1.0758509483663805,0.0,0.355015457,0.0,0.0,0.0,0.9028825077488116,0.0,0.0,0.0,0.8765046976670324,0.0,0.17296844061756883,29.017296001567967,0.0,0.0,1.1102230246251565e-16,0.0,0.26750865458377554
5933.0,1.012571896552499,0.0,0.334710726,0.0,0.0,0.0,0.8512431042158973,0.0,0.0,0.0,0.876503702720255,0.0,0.1613287923366017,28.844327229938497,0.0,0.0,0.0,0.0,0.2675086576353538
5934.0,0.9629268240590799,0.0,0.317188865,0.0,0.0,0.0,0.8066811520862859,0.0,0.0,0.0,0.8765027077746069,0.0,0.15624567197279407,28.68299810856312,0.0,0.0,0.0,0.0,0.2675086606869321
5935.0,0.9303483159105775,0.0,0.299347905,0.0,0.0,0.0,0.7613076609105306,0.0,0.0,0.0,0.8765017128300883,0.0,0.16904065500004684,28.52675210939189,0.0,0.0,1.1102230246251565e-16,0.0,0.26750866373851045
5936.0,0.9180055710066753,0.0,0.284598024,0.0,0.0,0.0,0.7237954645154407,0.0,0.0,0.0,0.8765007178866989,0.0,0.19421010649123444,28.35771112897577,0.0,0.0,1.1102230246251565e-16,0.0,0.26750866679008883
5937.0,0.932442556805098,0.0,0.266604911,0.0,0.0,0.0,0.6780350147453685,0.0,0.0,0.0,0.8764997229444391,0.0,0.25440754205972943,28.16350069899678,0.0,0.0,1.1102230246251565e-16,0.0,0.2675086698416672
5938.0,0.980087607830744,0.0,0.250095817,0.0,0.0,0.0,0.6360487521827758,0.0,0.0,0.0,0.8764987280033086,0.0,0.3440388556479682,27.90909283566473,0.0,0.0,0.0,0.0,0.26750867289324565
5939.0,1.025869683827522,0.0,0.232013555,0.0,0.0,0.0,0.5900615768685161,0.0,0.0,0.0,0.8764977330633075,0.0,0.43580810695900596,27.565053661646576,0.0,0.0,0.0,0.0,0.2675086759448241
5940.0,1.0669043855265985,0.000162932,0.186301071,0.0,0.0,0.00017243037980604645,0.47380466079472544,0.0,0.0,0.07918340658726968,0.8764967381244357,0.0,0.5137438877647974,27.129245240241975,0.0,0.0,0.0,0.0,0.26753092474464296
5941.0,1.1204145958672669,0.109137203,0.130492161,0.0,0.0,0.11549952964586203,0.33187030942498286,0.0,0.0,0.15930086903162463,0.7973123365994238,0.0,0.5137438877647974,26.61550104300303,0.0,0.0,0.0,0.0,0.26753122842736626
5942.0,1.1837835844066797,0.438743445,0.150853428,0.0,0.0,0.4643206912010118,0.3836534964592959,0.0,0.0,0.0,0.6380105625146465,0.0,0.33580939674637195,26.10175685162456,0.0,-5.551115123125783e-17,0.0,0.0,0.2675086850995598
5943.0,1.2454437751609932,0.601177853,0.160151239,0.0,0.0,0.6362244710908451,0.40729987789630046,0.0,0.0,0.0,0.6380098382897167,0.0,0.20191942617384762,25.76594715712501,0.0,0.0,0.0,0.0,0.2675086881511384
5944.0,1.2992794707940614,0.679284854,0.154963452,0.0,0.0,0.7188848438103922,0.39410619282183146,0.0,0.0,0.0,0.6380091140656089,0.0,0.18628843416183757,25.564027437028695,0.0,0.0,0.0,0.0,0.26750869120271703
5945.0,1.346365629311047,0.684320919,0.150854985,0.0,0.0,0.7242144942208576,0.38365745625326214,0.0,0.0,0.0,0.6380083898423232,0.0,0.23849367883692743,25.37773871124777,0.0,-1.1102230246251565e-16,5.551115123125783e-17,0.0,0.26750869425429574
5946.0,1.3799933992574176,0.661529646,0.148547784,0.0,0.0,0.7000945677505921,0.37778973589436926,0.0,0.0,0.0,0.6380076656198598,0.0,0.30210909561245625,25.139244742916823,0.0,-1.1102230246251565e-16,0.0,0.0,0.2675086973058744
5947.0,1.4045461253275324,0.632242869,0.148056461,0.0,0.0,0.6691004715546024,0.37654019327979327,0.0,0.0,0.0,0.6380069413982182,0.0,0.3589054604931367,24.83713536053095,0.0,0.0,5.551115123125783e-17,0.0,0.26750870035745317
5948.0,1.4208139658957046,0.603671641,0.149806704,0.0,0.0,0.6388636384244306,0.3809914467614405,0.0,0.0,0.0,0.6380062171773989,0.0,0.4009588807098335,24.47822961671067,0.0,0.0,0.0,0.0,0.267508703409032
5949.0,1.4246148632247169,0.559735899,0.150909784,0.0,0.0,0.5923665925395186,0.3837968221810452,0.0,0.0,0.0,0.6380054929574016,0.0,0.4484514485041529,24.077270456767884,0.0,0.0,0.0,0.0,0.2675087064606108
5950.0,1.406659638377524,0.503607102,0.154099659,0.0,0.0,0.5329656781410795,0.39190937695187944,0.0,0.0,0.0,0.6380047687382263,0.0,0.48178458328456514,23.628818733604675,0.0,1.1102230246251565e-16,0.0,0.0,0.2675087095121897
5951.0,1.3762995694588,0.409565524,0.172427402,0.0,0.0,0.4334417969384924,0.43852086452216776,0.0,0.0,0.0,0.6380040445198731,0.0,0.5043369079981399,23.14703388077672,0.0,-5.551115123125783e-17,5.551115123125783e-17,0.0,0.26750871256376857
5952.0,1.3498346172958355,0.269663889,0.221573668,0.0,0.0,0.2853843738507203,0.5635106445941103,0.0,0.0,0.0,0.6380033203023422,0.0,0.5009395988510049,22.642696708731105,0.0,-5.551115123125783e-17,0.0,0.0,0.26750871561534745
5953.0,1.299005377916251,0.065862895,0.303378728,0.0,0.0,0.06970247710686518,0.7715589316841622,0.0,0.0,0.0,0.6380025960856331,0.0,0.4577439691252236,22.141756851585804,0.0,0.0,0.0,0.0,0.26750871866692644
5954.0,1.2204756270729469,1.1e-05,0.329795752,0.0,0.0,1.1641262476778723e-05,0.8387432426939799,0.0,0.0,0.0,0.6380018718697463,0.0,0.38172074311649007,21.6840126298807,0.0,0.0,0.0,0.0,0.2675087217185055
5955.0,1.1388045148878623,0.0,0.32616921,0.0,0.0,0.0,0.8295201475558537,0.0,0.0,0.0,0.6380011476546815,0.0,0.3092843673320087,21.302291639406004,0.0,0.0,-1.1102230246251565e-16,0.0,0.26750872477008447
5956.0,1.0661977398259934,0.0,0.313668583,0.0,0.0,0.0,0.7977282995344518,0.0,0.0,0.0,0.6380004234404387,0.0,0.2684694402915416,20.993007029070235,0.0,0.0,1.1102230246251565e-16,0.0,0.26750872782166357
5957.0,1.0057795324242587,0.0,0.302557146,0.0,0.0,0.0,0.7694694676851869,0.0,0.0,0.0,0.637999699227018,0.0,0.23631006473907173,20.724537349303063,0.0,0.0,1.1102230246251565e-16,0.0,0.2675087308732427
5958.0,0.9572693757530234,0.0,0.291472887,0.0,0.0,0.0,0.7412797554765229,0.0,0.0,0.0,0.6379989750144196,0.0,0.2159896202765005,20.488227048150907,0.0,0.0,0.0,0.0,0.26750873392482183
5959.0,0.9297273242342882,0.0,0.280907081,0.0,0.0,0.0,0.7144085834484627,0.0,0.0,0.0,0.637998250802643,0.0,0.21531874078582558,20.272237194157004,0.0,0.0,0.0,0.0,0.26750873697640093
5960.0,0.9163824272458916,0.0,0.269274943,0.0,0.0,0.0,0.6848254942594184,0.0,0.0,0.0,0.6379975265916886,0.0,0.23155693298647312,20.056918222117655,0.0,0.0,1.1102230246251565e-16,0.0,0.26750874002798014
5961.0,0.9322862382107218,0.0,0.253031485,0.0,0.0,0.0,0.6435148025574724,0.0,0.0,0.0,0.6379968023815563,0.0,0.28877143565324936,19.825361060333893,0.0,0.0,1.1102230246251565e-16,0.0,0.2675087430795594
5962.0,0.9779955082868313,0.0,0.240264315,0.0,0.0,0.0,0.6110450769746356,0.0,0.0,0.0,0.637996078172246,0.0,0.3669504313121957,19.53658939852482,0.0,0.0,1.1102230246251565e-16,0.0,0.2675087461311387
5963.0,1.0215077526392415,0.0,0.229308371,0.0,0.0,0.0,0.5831816980754021,0.0,0.0,0.0,0.6379953539637577,0.0,0.4383260545638395,19.169638744350937,0.0,0.0,1.1102230246251565e-16,0.0,0.267508749182718
5964.0,1.0601334349044371,7.29e-05,0.195873278,0.0,0.0,7.7149821323379e-05,0.498148891701975,0.0,0.0,0.04816350561634139,0.6379946297560916,0.0,0.5137438877647974,18.73131247111136,0.0,0.0,0.0,0.0,0.26753821322514615
5965.0,1.106200310532065,0.0596047,0.130737135,0.0,0.0,0.06307945068633207,0.33249333226833266,0.0,0.0,0.1968836398126029,0.5898303999329061,0.0,0.5137438877647974,18.21756836967099,0.0,0.0,-5.551115123125783e-17,0.0,0.2675385169161429
5966.0,1.161213748999475,0.365188367,0.134524735,0.0,0.0,0.3864776030648362,0.3421260333773139,0.0,0.0,0.0,0.39294609058612134,0.0,0.4326101125573248,17.7038242740911,0.0,-5.551115123125783e-17,5.551115123125783e-17,0.0,0.26750875833745613
5967.0,1.2151971978244878,0.544209991,0.14757865,0.0,0.0,0.5759355770651261,0.3753250146575567,0.0,0.0,0.0,0.39294564454122555,0.0,0.263936606101805,17.27121395957917,0.0,0.0,0.0,0.0,0.2675087613890356
5968.0,1.2641249178642624,0.622188751,0.141224209,0.0,0.0,0.6584602327718292,0.35916427147779734,0.0,0.0,0.0,0.39294519849683607,0.0,0.24650041361463587,17.007277156457718,0.0,0.0,5.551115123125783e-17,0.0,0.26750876444061505
5969.0,1.3061853265045202,0.628820541,0.131243176,0.0,0.0,0.6654786335064542,0.33378030599889813,0.0,0.0,0.0,0.3929447524529529,0.0,0.3069263869991679,16.76077654883427,0.0,0.0,0.0,0.0,0.2675087674921946
5970.0,1.3375839504680729,0.621384913,0.121773491,0.0,0.0,0.6576095337584829,0.30969681112055736,0.0,0.0,0.0,0.39294430640957606,0.0,0.3702776055890328,16.453849970638217,0.0,0.0,0.0,0.0,0.26750877054377414
5971.0,1.3553271816050843,0.606206942,0.114828771,0.0,0.0,0.641546738824307,0.2920348584208096,0.0,0.0,0.0,0.39294386036670553,0.0,0.4217455843599677,16.08357217735354,0.0,-1.1102230246251565e-16,0.0,0.0,0.26750877359535374
5972.0,1.362699851748064,0.589811573,0.110422388,0.0,0.0,0.6241955757395213,0.28082845584115596,0.0,0.0,0.0,0.39294341432434127,0.0,0.45767582016738667,15.661826409521826,0.0,0.0,0.0,0.0,0.26750877664693334
5973.0,1.3552436689313765,0.559222907,0.108996802,0.0,0.0,0.591823694855838,0.27720287662393445,0.0,0.0,0.0,0.3929429682824834,0.0,0.4862170974516041,15.204150410693721,0.0,0.0,0.0,0.0,0.26750877969851306
5974.0,1.3307316285228115,0.513926343,0.110697633,0.0,0.0,0.5438864956903647,0.2815284645054134,0.0,0.0,0.0,0.3929425222411318,0.0,0.5053166683270335,14.717933139802291,0.0,-1.1102230246251565e-16,0.0,0.0,0.26750878275009277
5975.0,1.3037527522139525,0.427539555,0.127006731,0.0,0.0,0.452463652632743,0.32300609318613066,0.0,0.0,0.014539118630281336,0.3929420762002865,0.0,0.5137438877647974,14.212616303581907,0.0,0.0,0.0,0.0,0.26754155384507006
5976.0,1.2843371262521757,0.297635785,0.194382776,0.0,0.0,0.3149869359697345,0.49435821679746056,0.0,0.0,0.0,0.3784025115296662,0.0,0.47499197348498073,13.69887225368811,0.0,0.0,5.551115123125783e-17,0.0,0.26750878885325224
5977.0,1.2381760311978005,0.065160158,0.283146324,0.0,0.0,0.068958772936943,0.7201034716439898,0.0,0.0,0.0,0.3784020819936233,0.0,0.4491137866168678,13.223880123934613,0.0,0.0,0.0,0.0,0.267508791904832
5978.0,1.1691560184041545,6.15e-06,0.309655591,0.0,0.0,6.5085240211081045e-06,0.7875223769215219,0.0,0.0,0.0,0.378401652458068,0.0,0.38162713295861145,12.774766186467657,0.0,0.0,1.1102230246251565e-16,0.0,0.2675087949564119
5979.0,1.096245171555965,0.0,0.296609427,0.0,0.0,0.0,0.7543431081416212,0.0,0.0,0.0,0.37840122292300027,0.0,0.3419020634143436,12.393138907782175,0.0,0.0,1.1102230246251565e-16,0.0,0.2675087980079917
5980.0,1.0260581226810168,0.0,0.272971241,0.0,0.0,0.0,0.6942259942709628,0.0,0.0,0.0,0.37840079338842003,0.0,0.33183212841005405,12.05123670299434,0.0,0.0,0.0,0.0,0.26750880105957164
5981.0,0.9662737550592185,0.0,0.249185768,0.0,0.0,0.0,0.6337342971158397,0.0,0.0,0.0,0.37840036385432746,0.0,0.33253945794337886,11.719404437111008,0.0,0.0,0.0,0.0,0.2675088041111516
5982.0,0.9225088313350769,0.0,0.229352066,0.0,0.0,0.0,0.5832928240852651,0.0,0.0,0.0,0.3783999343207224,0.0,0.3392160072498119,11.386864845479693,0.0,0.0,0.0,0.0,0.2675088071627315
5983.0,0.8960867061842703,0.0,0.213776445,0.0,0.0,0.0,0.5436805889813016,0.0,0.0,0.0,0.378399504787605,0.0,0.3524061172029688,11.047648708335359,0.0,0.0,0.0,0.0,0.26750881021431155
5984.0,0.8842150584141049,0.0,0.201146933,0.0,0.0,0.0,0.5115609580149132,0.0,0.0,0.0,0.37839907525497507,0.0,0.37265410039919167,10.695242465107443,0.0,0.0,0.0,0.0,0.2675088132658916
5985.0,0.8964657252418676,0.0,0.189090459,0.0,0.0,0.0,0.480898688907773,0.0,0.0,0.0,0.3783986457228328,0.0,0.41556703633409464,10.322588242703342,0.0,0.0,0.0,0.0,0.2675088163174717
5986.0,0.9375196990964152,0.0,0.180205478,0.0,0.0,0.0,0.4583022250963944,0.0,0.0,0.0,0.3783982161911781,0.0,0.47921747400002074,9.907021088615354,0.0,0.0,0.0,0.0,0.2675088193690518
5987.0,0.9799505613918388,0.0,0.173568246,0.0,0.0,0.0,0.4414222821121917,0.0,0.0,0.02478439151484967,0.378397786660011,0.0,0.5137438877647974,9.42780350160198,0.0,0.0,5.551115123125783e-17,0.0,0.26754519820528755
5988.0,1.0114626769376098,1.12e-05,0.145577588,0.0,0.0,1.1852921794538337e-05,0.3702358732100595,0.0,0.0,0.12747106304095848,0.35361296561448174,0.0,0.5137438877647974,8.914059506290457,0.0,0.0,0.0,0.0,0.2675455019042131
5989.0,1.055358223048833,0.078237437,0.091488213,0.0,0.0,0.08279841269340359,0.23267467811379672,0.0,0.0,0.22614124447683537,0.2261415011768376,0.0,0.5137438877647974,8.400315516839418,0.0,0.0,0.0,0.0,0.26754580560348346
5990.0,1.1036563860098867,0.434132282,0.074779039,0.0,0.0,0.4594407131277199,0.1901795680388254,0.0,0.0,0.0,0.0,0.0,0.4540361048433414,7.88657153324886,0.0,0.0,2.7755575615628914e-17,0.0,0.2675088315753726
5991.0,1.151678314742522,0.628474819,0.088746587,0.0,0.0,0.6651127570931819,0.22570211928746556,0.0,0.0,0.0,0.0,0.0,0.2608634383618746,7.4325353384402435,0.0,0.0,0.0,0.0,0.26750883462695285
5992.0,1.1930856114473722,0.676714107,0.105153859,0.0,0.0,0.7161642310296292,0.26742942607534115,0.0,0.0,0.0,0.0,0.0,0.20949195434240184,7.171671815292465,0.0,1.1102230246251565e-16,0.0,0.0,0.2675088376785332
5993.0,1.2320817473677335,0.677204279,0.11486751,0.0,0.0,0.7166829783851537,0.2921333802309957,0.0,0.0,0.0,0.0,0.0,0.22326538875158403,6.962179779139934,0.0,-1.1102230246251565e-16,0.0,0.0,0.26750884073011355
5994.0,1.2593539887098741,0.667535686,0.119159273,0.0,0.0,0.7064507393947768,0.30304827890286834,0.0,0.0,0.0,0.0,0.0,0.24985497041222887,6.73891431096798,0.0,0.0,5.551115123125783e-17,0.0,0.26750884378169393
5995.0,1.2755361752537306,0.654572243,0.121326844,0.0,0.0,0.6927315718887987,0.3085608894149329,0.0,0.0,0.0,0.0,0.0,0.27424371394999913,6.48905926368226,0.0,-1.1102230246251565e-16,0.0,0.0,0.26750884683327436
5996.0,1.2860930337506489,0.647476125,0.12425727,0.0,0.0,0.6852217744156901,0.31601360822895436,0.0,0.0,0.0,0.0,0.0,0.28485765110600453,6.214815475708966,0.0,-1.1102230246251565e-16,0.0,0.0,0.26750884988485485
5997.0,1.281418465373616,0.632243884,0.130722665,0.0,0.0,0.6691015457256401,0.33245653187097096,0.0,0.0,0.0,0.0,0.0,0.27986038777700506,5.929957753708075,0.0,-1.1102230246251565e-16,0.0,0.0,0.2675088529364353
5998.0,1.2578122162721903,0.599300202,0.145025998,0.0,0.0,0.6342373594425917,0.36883305833924335,0.0,0.0,0.0,0.0,0.0,0.2547417984903553,5.65009729828567,0.0,0.0,5.551115123125783e-17,0.0,0.2675088559880158
5999.0,1.2291909240470764,0.515623181,0.177749306,0.0,0.0,0.5456822535575077,0.4520556386700957,0.0,0.0,0.0,0.0,0.0,0.231453031819473,5.3953554353423945,0.0,0.0,5.551115123125783e-17,0.0,0.2675088590395964
6000.0,1.2036745902034092,0.359184807,0.271785071,0.0,0.0,0.38012405599619165,0.6912093026788094,0.0,0.0,0.0,0.0,0.0,0.13234123152840818,5.163902341975944,0.0,-5.551115123125783e-17,0.0,0.0,0.267508862091177
6001.0,1.1615692132003854,0.058405485,0.383910321,0.0,0.0,0.061810325542596606,0.9763685116818205,0.0,0.0,0.0,0.0,0.0,0.12339037597596851,5.0315610515408355,0.0,-6.938893903907228e-18,-1.1102230246251565e-16,0.0,0.2675088651427577
6002.0,1.1018340966425688,4.83e-06,0.411701589,0.0,0.0,5.111572523894658e-06,1.0470478278935629,0.0,0.0,0.0,0.0,0.0,0.054781157176482034,4.908170618167838,0.0,0.0,0.0,0.0,0.26750886819433833
6003.0,1.0400347180987422,0.0,0.404800407,0.0,0.0,0.0,1.0294966019180951,0.0,0.0,0.0,0.0,0.0,0.010538116180647048,4.85338940500189,0.0,0.0,0.0,0.0,0.26750887124591904
6004.0,0.9779355504698104,0.0,0.389117599,0.0,0.0,0.0,0.9896117666626456,0.0,0.0,0.0,0.0,0.011676216192835202,0.0,4.842851233456688,0.0,0.0,1.1102230246251565e-16,0.0,0.13107934840577487
6005.0,0.9235024180171397,0.0,0.379568278,0.0,0.0,0.0,0.9653257398945819,0.0,0.0,0.0,0.0,0.041823321877442095,0.0,4.848572524146837,0.0,0.0,0.0,0.0,0.13107934990104947
6006.0,0.882836028622621,0.0,0.37007734,0.0,0.0,0.0,0.9411881939557624,0.0,0.0,0.0,0.0,0.0583521653331414,0.0,4.869065896557177,0.0,0.0,0.0,0.0,0.13107935139632404
6007.0,0.8541247996719755,0.0,0.363908002,0.0,0.0,0.0,0.9254982084783413,0.0,0.000793226743591848,0.0,0.0,0.07058018206277397,0.0,4.897658402027033,0.0,0.0,0.0,0.0,0.13107935289159867
6008.0,0.836203836434509,0.0,0.361164942,0.0,0.0,0.0,0.9185220026741374,0.0,0.08231816623962843,0.0,0.0007139040692326631,0.0,0.0,4.932242635368244,0.0,0.0,1.1102230246251565e-16,0.0,0.13107950168387342
6009.0,0.8304992784150789,0.0,0.357032255,0.0,0.0,0.0,0.9080116693105372,0.0,0.07751239089545837,0.0,0.07480025287452433,0.0,0.0,4.932242579104179,0.0,0.0,0.0,0.0,0.13107965047631703
6010.0,0.8385015056367795,0.0,0.356138488,0.0,0.0,0.0,0.9057386229560987,0.0,0.06723711731931917,0.0,0.1445613197724258,0.0,0.0,4.932242522840116,0.0,0.0,0.0,0.0,0.1310797992689296
6011.0,0.8524245672893076,0.0,0.355475988,0.0,0.0,0.0,0.9040537395247175,0.0,0.05162917223540984,0.0,0.20507456126392215,0.0,0.0,4.932242466576052,0.0,0.0,0.0,0.0,0.13107994806171105
6012.0,0.8828338872720131,4.08e-05,0.317543641,0.0,0.0,4.3178500822961084e-05,0.8075834256021376,0.0,0.0,0.0752072831690525,0.25154058348950425,0.0,0.0,4.932242410311989,0.0,0.0,1.1102230246251565e-16,0.0,0.1456445520607349
6013.0,0.9265067329200153,0.105996202,0.250862462,0.0,0.0,0.11217541900215071,0.6379984992895703,0.0,0.0,0.1763328146282942,0.17633301478918925,0.0,0.0,4.9322423540479265,0.0,0.0,1.1102230246251565e-16,0.0,0.1456447173864229
6014.0,0.9740425750646587,0.490951927,0.256057652,0.0,0.0,0.519572749607937,0.6512110118237262,0.0,0.0,0.0,0.0,0.19674118636700455,0.0,4.932242297783866,0.0,0.0,0.0,0.0,0.13107936335852147
6015.0,1.0197668345950235,0.655835346,0.291485272,0.0,0.0,0.6940683094849993,0.6632075612841675,0.0,0.1208222773387467,0.0,0.0,0.21668675883539654,0.0,5.028645422839637,0.0,-1.1102230246251565e-16,0.07810369197544631,0.0,1.05e-08
6016.0,1.0562276113956381,0.744457147,0.308363111,0.0,0.0,0.7878564591764402,0.7783365583002134,0.0,0.2932786472456189,0.0,0.10874004960487205,0.21668675883539654,0.0,5.134821877305211,0.0,0.0,0.005898757281849298,0.0,1.05e-08
6017.0,1.0818424473672685,0.744636878,0.304552747,0.0,0.0,0.7880466678806415,0.774544720606769,0.0,0.2640621822847454,0.0,0.37269070869183657,0.21668675883539654,0.0,5.240998330559588,0.0,0.0,0.0,0.0,1.0500023837770588e-08
6018.0,1.0993694020928826,0.736891063,0.298756109,0.0,0.0,0.7798492982886805,0.7598025933253868,0.0,0.2235957306857882,0.0,0.6103462496957033,0.21668675883539654,0.0,5.347174782602767,0.0,0.0,0.0,0.0,1.0500035756676175e-08
6019.0,1.1128320733647135,0.727666991,0.298530901,0.0,0.0,0.7700874943562528,0.7592298397739686,0.0,0.19979850193011156,0.0,0.8115817144905743,0.21668675883539654,0.0,5.453351233434751,0.0,0.0,1.1102230246251565e-16,0.0,1.0500047675595293e-08
6020.0,1.1217336678417296,0.729710079,0.300421134,0.0,0.0,0.7722496874172671,0.7640371186617427,0.0,0.19786637940188367,0.0,0.9913994449769231,0.21668675883539654,0.0,5.559527683055536,0.0,0.0,-1.1102230246251565e-16,0.0,1.050005959452794e-08
6021.0,1.1258964534234759,0.726512059,0.304730842,0.0,0.0,0.7688652337603591,0.7749976554214284,0.0,0.20127967692291515,0.0,1.1694780610713664,0.21668675883539654,0.0,5.665704131465124,0.0,0.0,0.0,0.0,1.0500071513474118e-08
6022.0,1.1191876019689433,0.699204874,0.313291725,0.0,0.0,0.7399661330251814,0.7967698666285146,0.0,0.20086163884935596,0.0,1.3506284427923587,0.21668675883539654,0.0,5.771880578663515,0.0,-1.1102230246251565e-16,0.0,0.0,1.0500083432433824e-08
6023.0,1.10719175586352,0.603917286,0.331672408,0.0,0.0,0.639123603689986,0.8435159922800968,0.0,0.15876108127116614,0.0,1.5314023846179148,0.21668675883539654,0.0,5.878057024650709,0.0,-1.1102230246251565e-16,0.0,0.0,1.050009535140706e-08
6024.0,1.0947633569353021,0.39598044,0.389218361,0.0,0.0,0.41906474888275713,0.9898680266238726,0.0,0.09748265973593112,0.0,1.6742856194211753,0.21668675883539654,0.0,5.984233469426705,0.0,0.0,1.1102230246251565e-16,0.0,1.0500107270393827e-08
6025.0,1.0633840051272205,0.055136645,0.45682312,0.0,0.0,0.058350923321269926,1.1618018203169007,0.0,0.0,0.059918020324446535,1.7620181126516783,0.21668675883539654,0.0,6.090409912991504,0.0,0.0,0.0,0.0,0.13107820143627394
6026.0,1.0158010532692034,2.7e-06,0.470245626,0.0,0.0,2.8574007897547777e-06,1.1959382097010773,0.0,0.0,0.03654674500273282,1.7020980922076117,0.21668675883539654,0.0,6.196586355345106,0.0,0.0,2.220446049250313e-16,0.0,0.13107835022724162
6027.0,0.9647298412709269,0.0,0.462450395,0.0,0.0,0.0,1.176113220183054,0.0,0.0,0.005303379923269372,1.6655494151022712,0.21668675883539654,0.0,6.302762796487512,0.0,0.0,2.220446049250313e-16,0.0,0.13107849901837823
6028.0,0.9073823306409122,0.0,0.441443922,0.0,0.0,0.0,1.1226891321687744,0.0,0.0,0.0013799573075344166,1.6602441445638942,0.21668675883539654,0.0,6.4089392364187185,0.0,0.0,0.0,0.0,0.1310786478096837
6029.0,0.8592661824815295,0.0,0.415124261,0.0,0.0,0.0,1.055752436714473,0.0,0.0,0.020200504602453012,1.6588623026634242,0.21668675883539654,0.0,6.51511567513873,0.0,0.0,0.0,0.0,0.1310787966011581
6030.0,0.823858950179999,0.0,0.392876968,0.0,0.0,0.0,0.9991726701200777,0.0,0.0,0.04137303889531781,1.6386599150366055,0.21668675883539654,0.0,6.621292112647544,0.0,0.0,1.1102230246251565e-16,0.0,0.13107894539280138
6031.0,0.7968543776638451,0.0,0.374452744,0.0,0.0,0.0,0.9523158101145546,0.0,0.0,0.06122532638468706,1.5972850160492582,0.21668675883539654,0.0,6.72746854894516,0.0,0.0,1.1102230246251565e-16,0.0,0.13107909418461355
6032.0,0.7798756086938521,0.0,0.358762751,0.0,0.0,0.0,0.9124127018214379,0.0,0.0,0.08414966570781071,1.5360578765384312,0.21668675883539654,0.0,6.833644984031579,0.0,0.0,1.1102230246251565e-16,0.0,0.13107924297659462
6033.0,0.77323742180938,0.0,0.337596369,0.0,0.0,0.0,0.8585819299963979,0.0,0.0,0.06825910170789894,1.4519064672052429,0.15360360989491686,0.0,6.939821417906802,0.0,0.0,0.0,0.0,0.1310793917687446
6034.0,0.7745436456801955,0.0,0.319530229,0.0,0.0,0.0,0.8126357564793921,0.0,0.0,0.0,1.3836457173947558,0.03809211079919652,0.0,7.015087107589992,0.0,0.0,0.0,0.0,0.13107939326401968
6035.0,0.7833617274835039,0.0,0.30700424,0.0,0.0,0.0,0.7807794073054065,0.0,0.0,0.002582320178097356,1.3836441467769927,0.0,0.0,7.033752161857693,0.0,0.0,1.1102230246251565e-16,0.0,0.13107968935355124
6036.0,0.8054133560435983,5.06e-05,0.265148057,0.0,0.0,5.354980739318213e-05,0.6743299141166263,0.0,0.0,0.1310298921195787,1.381060255982915,0.0,0.0,7.033752081620869,0.0,-6.776263578034403e-21,1.1102230246251565e-16,0.0,0.13107983814620794
6037.0,0.8479170242596903,0.114880673,0.22048542,0.0,0.0,0.12157782435472606,0.5607429902176062,0.0,0.0,0.16559620968735803,1.250028796180408,0.0,0.0,7.033752001384045,0.0,0.0,0.0,0.0,0.1310799869390335
6038.0,0.8925192160715186,0.518421877,0.233188521,0.0,0.0,0.5486441039873905,0.593049774220722,0.0,0.03248790330119724,0.0,1.0844311675478626,0.21668675883539654,0.0,7.033751921147223,0.0,-1.1102230246251565e-16,0.0,0.0,0.11797212215882517
6039.0,0.935926534244142,0.745770303,0.23239772,0.0,0.0,0.7892461676917999,0.5910385930849941,0.0,0.22767146769725544,0.0,1.1136690495485888,0.21668675883539654,0.0,7.139928352739745,0.0,0.0,0.0,0.0,0.11797225607267221
6040.0,0.9746057502745349,0.785239066,0.218429551,0.0,0.0,0.8310158249387793,0.5555144624965639,0.0,0.19523777832541164,0.0,1.3185721063169704,0.21668675883539654,0.0,7.24610478312107,0.0,-1.1102230246251565e-16,0.0,0.0,0.11797238998667127
6041.0,1.0043041418554195,0.777425308,0.208461309,0.0,0.0,0.8227465515016856,0.5301630273481865,0.0,0.13191867815905609,0.0,1.4942846100590859,0.21668675883539654,0.0,7.352281212291199,0.0,0.0,0.0,0.0,0.11797252390082233
6042.0,1.0257326373886169,0.764471718,0.203665679,0.0,0.0,0.8090378113919969,0.5179666839066235,0.0,0.08458509907460708,0.0,1.613009724194947,0.21668675883539654,0.0,7.4584576402501295,0.0,0.0,1.1102230246251565e-16,0.0,0.11797265781512538
6043.0,1.0416043280943286,0.753944793,0.200835019,0.0,0.0,0.7978972025739638,0.5107676920064363,0.0,0.050373807650674986,0.0,1.6891344823863652,0.21668675883539654,0.0,7.564634066997864,0.0,0.0,0.0,0.0,0.11797279172958046
6044.0,1.0581976539549007,0.755511599,0.197974555,0.0,0.0,0.7995553480190721,0.5034929019692094,0.0,0.02816383719798419,0.0,1.7344689918847478,0.21668675883539654,0.0,7.670810492534402,0.0,0.0,0.0,0.0,0.11797292564418754
6045.0,1.0721357050616842,0.750058908,0.195613565,0.0,0.0,0.7937847837340022,0.4974883843350099,0.0,0.0024507041719313734,0.0,1.7598144765151467,0.21668675883539654,0.0,7.776986916859743,0.0,0.0,0.0,0.0,0.11797305955894664
6046.0,1.076189281762428,0.716933442,0.191827288,0.0,0.0,0.758728216063856,0.48785904790645085,0.0,0.0,0.0,1.7620181126516783,0.17039798220787897,0.0,7.883163339973887,0.0,-1.1102230246251565e-16,5.551115123125783e-17,0.0,0.1310794112073219
6047.0,1.0739901146881206,0.606048537,0.203714697,0.0,0.0,0.6413790993531584,0.5180913474780039,0.0,0.0,0.0,1.7620161125320581,0.08548033214304168,0.0,7.96665826132935,0.0,0.0,0.0,0.0,0.1310794127025972
6048.0,1.0727695448416208,0.361913989,0.278402204,0.0,0.0,0.38301233999700074,0.7080381294787292,0.0,6.667057832708889e-06,0.0,1.7620141124147082,0.01827425757627645,0.0,8.008543533200582,0.0,-5.551115123125783e-17,1.1102230246251565e-16,0.0,0.1310794141978725
6049.0,1.044878453173799,0.056398297,0.369324664,0.0,0.0,0.05968612532912019,0.9392739730929724,0.0,0.0,0.045918354751706324,1.7620181126516783,0.0,0.0,8.017497828056298,0.0,0.0,0.0,0.0,0.26750570497206755
6050.0,0.9944260915012036,2.74e-06,0.384630975,0.0,0.0,2.8997326533067e-06,0.9782012935450033,0.0,0.0,0.01622189822354699,1.7160977577803518,0.0,0.0,8.017497736597493,0.0,0.0,1.1102230246251565e-16,0.0,0.26750600862616314
6051.0,0.9341320824347266,0.0,0.366702279,0.0,0.0,0.0,0.9326046703953075,0.0,0.0,0.0015274120394191174,1.6998739115627568,0.0,0.0,8.01749764513869,0.0,0.0,0.0,0.0,0.2675063122806034
6052.0,0.878868105946193,0.0,0.33798122,0.0,0.0,0.0,0.8595606908619837,0.0,0.0,0.019307415084209287,1.6983445699454647,0.0,0.0,8.017497553679886,0.0,0.0,0.0,0.0,0.2675066159353884
6053.0,0.8342059563173437,0.0,0.303429989,0.0,0.0,0.0,0.7716892996986167,0.0,0.0,0.06251665661872705,1.6790352270193836,0.0,0.0,8.017497462221083,0.0,0.0,1.1102230246251565e-16,0.0,0.26750691959051803
6054.0,0.803719547712754,0.0,0.272060029,0.0,0.0,0.0,0.6919085814388483,0.0,0.0,0.11181096627390577,1.6165166644773994,0.0,0.0,8.017497370762284,0.0,0.0,0.0,0.0,0.2675072232459923
6055.0,0.7848157045462639,0.0,0.244015871,0.0,0.0,0.0,0.6205861102520688,0.0,0.0,0.16422959429419526,1.504703863246932,0.0,0.0,8.017497279303484,0.0,0.0,-1.1102230246251565e-16,0.0,0.2675075269018113
6056.0,0.7787085726125497,0.0,0.222950614,0.0,0.0,0.0,0.5670125215772149,0.0,0.0,0.2116960510353347,1.3404725609182406,0.0,0.0,8.017497187844686,0.0,0.0,0.0,0.0,0.26750783055797506
6057.0,0.7957216031922691,0.0,0.20750978,0.0,0.0,0.0,0.5277430795042939,0.0,0.0,0.26797852368797526,1.128774988272288,0.0,0.0,8.017497096385888,0.0,0.0,0.0,0.0,0.2675081342144834
6058.0,0.8439940699460281,0.0,0.196922464,0.0,0.0,0.0,0.5008172028081445,0.0,0.0,0.2932786472456189,0.8607951832779602,0.0,0.04989821989226469,8.01749700492709,0.0,0.0,0.0,0.0,0.2675090390829114
6059.0,0.8938232985917262,0.0,0.189931789,0.0,0.0,0.0,0.483038376420715,0.0,0.0,0.2932786472456189,0.567515558917905,0.0,0.11750627492539227,7.967598693576031,0.0,0.0,5.551115123125783e-17,0.0,0.267509042134494
6060.0,0.9299029149841356,5.14e-05,0.160318898,0.0,0.0,5.4396444664220584e-05,0.4077262716641826,0.0,0.0,0.2314107340546859,0.2742362674683496,0.0,0.29071151282060287,7.850092327761053,0.0,0.0,0.0,0.0,0.2675090451860767
6061.0,0.9680489347131628,0.119583871,0.112033029,0.0,0.0,0.12655520275456794,0.2849246706861424,0.0,0.0,0.04282517350765501,0.0428252221198494,0.0,0.5137438877647974,7.559380725391307,0.0,0.0,0.0,0.0,0.2675093488439639
6062.0,1.0031820741368829,0.544644793,0.078767562,0.0,0.0,0.5763957265385287,0.20032326059487604,0.0,0.0,0.0,0.0,0.0,0.2264630870034781,7.04563675139363,0.0,0.0,0.0,0.0,0.2675090512892422
6063.0,1.0374372598113666,0.693414733,0.078134866,0.0,0.0,0.7338384465562215,0.19871417530053448,0.0,0.0,0.0,0.0,0.0,0.10488463795461049,6.819173584017755,0.0,0.0,2.7755575615628914e-17,0.0,0.267509054340825
6064.0,1.0683048288241614,0.774171147,0.07886954,0.0,0.0,0.8193026840159859,0.2005826131119559,0.0,0.0,0.0,0.0,0.0,0.048419531696219625,6.714288868274103,0.0,0.0,0.0,0.0,0.2675090573924078
6065.0,1.0936669854240604,0.772649943,0.078062969,0.0,0.0,0.81769279901192,0.19853132539251028,0.0,0.0,0.0,0.0,0.0,0.07744286101963015,6.665869259985305,0.0,-1.1102230246251565e-16,2.7755575615628914e-17,0.0,0.26750906044399064
6066.0,1.1139755545893288,0.759603307,0.081310284,0.0,0.0,0.80388558863783,0.20678996273587064,0.0,0.0,0.0,0.0,0.0,0.10330000321562828,6.588426322925438,0.0,-1.1102230246251565e-16,0.0,0.0,0.2675090634955736
6067.0,1.129251949826046,0.750718997,0.087791419,0.0,0.0,0.7944833536710054,0.22327291666499657,0.0,0.0,0.0,0.0,0.0,0.11149567949004417,6.485126244552994,0.0,-1.1102230246251565e-16,0.0,0.0,0.2675090665471565
6068.0,1.1425797160095796,0.753258234,0.095854145,0.0,0.0,0.7971706195262552,0.24377820489015561,0.0,0.0,0.0,0.0,0.0,0.10163089159316874,6.37363049108452,0.0,0.0,0.0,0.0,0.2675090695987395
6069.0,1.152307871821243,0.753844407,0.105669501,0.0,0.0,0.7977909644126007,0.26874081726375526,0.0,0.0,0.0,0.0,0.0,0.0857760901448869,6.2719995267848,0.0,0.0,5.551115123125783e-17,0.0,0.2675090726503225
6070.0,1.1507018588653224,0.72705691,0.118191329,0.0,0.0,0.7694418477150623,0.30058658409818156,0.0,0.0,0.0,0.0,0.0,0.08067342705207868,6.186223365092705,0.0,0.0,0.0,0.0,0.2675090757019055
6071.0,1.1460379972413288,0.614440032,0.150577956,0.0,0.0,0.6502597898865743,0.3829529104840363,0.0,0.0,0.0,0.0,0.0,0.11282529687071817,6.105549867471902,0.0,0.0,5.551115123125783e-17,0.0,0.26750907875348856
6072.0,1.1370999998039784,0.375384944,0.270089944,0.0,0.0,0.397268605721353,0.6868982213257722,0.0,0.0,0.0,0.0,0.0,0.05293317275685314,5.992724500952734,0.0,-5.551115123125783e-17,0.0,0.0,0.2675090818050717
6073.0,1.1012537906278295,0.043261637,0.399896013,0.0,0.0,0.045783642862920186,1.0170236476666745,0.0,0.0,0.0,0.0,0.0,0.0384465000982347,5.939791259834475,0.0,0.0,0.0,0.0,0.2675090848566548
6074.0,1.0455122929537355,1.76e-06,0.444637795,0.0,0.0,1.8626019962845959e-06,1.1308118547342632,0.0,0.0,0.0,0.0,0.08530142438252403,0.0,5.901344691978666,0.0,0.0,0.0,0.0,0.13107945307503663
6075.0,0.9813295911833226,0.0,0.454772218,0.0,0.0,0.0,1.156585924770958,0.0,0.0,0.0,0.0,0.17525633358763545,0.0,5.943142322607103,0.0,0.0,2.220446049250313e-16,0.0,0.1310794545703124
6076.0,0.9170740834922414,0.0,0.450178934,0.0,0.0,0.0,1.144904191778914,0.0,0.01114334945127596,0.0,0.0,0.21668675883539654,0.0,6.029017858269242,0.0,0.0,0.0,0.0,0.1310790141752382
6077.0,0.8665275023928988,0.0,0.440905705,0.0,0.0,0.0,1.1213203277826798,0.0,0.03810606655438421,0.0,0.010029014506148364,0.21668675883539654,0.0,6.135194301323168,0.0,0.0,-2.220446049250313e-16,0.0,0.13107916296712846
6078.0,0.8308033502013998,0.0,0.43106402,0.0,0.0,0.0,1.0962907549624914,0.0,0.04880064592569514,0.0,0.04432446302085892,0.21668675883539654,0.0,6.241370743165897,0.0,0.0,2.220446049250313e-16,0.0,0.1310793117591876
6079.0,0.8100900657712392,0.0,0.418469531,0.0,0.0,0.0,1.064260195199752,0.0,0.04308971004614774,0.0,0.08824499403995685,0.21108041938236488,0.0,6.347547183797428,0.0,0.0,0.0,0.0,0.13107946055141567
6080.0,0.7990514033875447,0.0,0.40158815,0.0,0.0,0.0,1.021327124791093,0.0,0.22227572140354843,0.0,0.1270256329119497,0.0,0.0,6.450976516885778,0.0,0.0,0.0,0.0,0.13107960934381263
6081.0,0.816066575317872,0.0,0.377466828,0.0,0.0,0.0,0.9599812896502401,0.0,0.14391471433236816,0.0,0.32707363798453665,0.0,0.0,6.4509764432969074,0.0,0.0,1.1102230246251565e-16,0.0,0.13107975813637848
6082.0,0.8589749587988559,0.0,0.356940872,0.0,0.0,0.0,0.907779262212258,0.0,0.04880430341340226,0.0,0.4565965096125693,0.0,0.0,6.450976369708039,0.0,0.0,1.1102230246251565e-16,0.0,0.13107990692911323
6083.0,0.9039133426561237,0.0,0.342560219,0.0,0.0,0.0,0.8712060939524168,0.0,0.0,0.03270724870370697,0.5005198643882354,0.0,0.0,6.450976296119171,0.0,0.0,0.0,0.0,0.14564450635779655
6084.0,0.9379800894771124,5.69e-05,0.300165638,0.0,0.0,6.0217075902609945e-05,0.7633873360546722,0.0,0.0,0.1745325363465376,0.4678120475294148,0.0,0.0,6.450976222530303,0.0,0.0,0.0,0.0,0.14564467168343267
6085.0,0.9744751278874533,0.139693659,0.201122158,0.0,0.0,0.14783732279642023,0.5114979497326302,0.0,0.0,0.2932786472456189,0.2932789801553876,0.0,0.021861208112783928,6.450976148941438,0.0,0.0,0.0,0.0,0.26750912147565525
6086.0,1.0121029407693702,0.541149914,0.206360679,0.0,0.0,0.5726971080145666,0.5248206625444694,0.0,0.0,0.0,0.0,0.08541482978966572,0.0,6.429114867239788,0.0,0.0,0.0,0.0,0.13107947101834702
6087.0,1.0503324731721053,0.718291312,0.251217833,0.0,0.0,0.7601652452528872,0.5068539867546148,0.0,0.0,0.0,0.0,0.21668675883539654,0.0,6.470968060497239,0.0,-1.1102230246251565e-16,0.13204829926687023,0.0,1.05e-08
6088.0,1.084564103989902,0.793527771,0.266831529,0.0,0.0,0.8397877331658328,0.4614631296594659,0.0,0.0,0.0,0.0,0.21668675883539654,0.0,6.5771444985096625,0.0,0.0,0.21714822457790695,0.0,1.05e-08
6089.0,1.1191062306458435,0.787974661,0.274637121,0.0,0.0,0.8339108957956123,0.5018820936856278,0.0,0.0,0.0,0.0,0.21668675883539654,0.0,6.683320935310888,0.0,0.0,0.19658060037502512,0.0,1.05e-08
6090.0,1.1453013726322132,0.775774308,0.282113048,0.0,0.0,0.8209993038335801,0.5409888276340296,0.0,0.0,0.0,0.0,0.21668675883539654,0.0,6.789497370900917,0.0,-1.1102230246251565e-16,0.17648679553834656,0.0,1.05e-08
6091.0,1.1662823258883606,0.766492685,0.290427989,0.0,0.0,0.8111765938741704,0.6711630415219674,0.0,0.0993705506723806,0.0,0.0,0.21668675883539654,0.0,6.895673805279749,0.0,0.0,0.06745930817692003,0.0,1.05e-08
6092.0,1.1848521183600191,0.77095007,0.29717772,0.0,0.0,0.8158938292146302,0.7557884024206702,0.0,0.17014335443988482,0.0,0.08943349560514254,0.21668675883539654,0.0,7.001850238447384,0.0,-1.1102230246251565e-16,1.1102230246251565e-16,0.0,1.050001191887853e-08
6093.0,1.195336170936269,0.775261928,0.302916291,0.0,0.0,0.8204570538274117,0.7703828525304148,0.0,0.17881697658616094,0.0,0.242562413082395,0.21668675883539654,0.0,7.108026670403821,0.0,0.0,0.0,0.0,1.0500023837770588e-08
6094.0,1.1904945772118203,0.752079293,0.310342887,0.0,0.0,0.795922950287561,0.7892703220428121,0.0,0.17801193628315629,0.0,0.40349741667006794,0.21668675883539654,0.0,7.214203101149063,0.0,0.0,0.0,0.0,1.0500035756676175e-08
6095.0,1.1832675189101773,0.644214542,0.339655569,0.0,0.0,0.6817700522527083,0.8638189291841722,0.0,0.1456347036913067,0.0,0.5637077013028859,0.21668675883539654,0.0,7.320379530683105,0.0,0.0,0.0,0.0,1.0500047675595293e-08
6096.0,1.1744130341465349,0.362169797,0.421914895,0.0,0.0,0.38328306073078794,1.0730225147751147,0.0,0.06520578252397123,0.0,0.694778294743539,0.21668675883539654,0.0,7.4265559590059524,0.0,5.551115123125783e-17,0.0,0.0,1.050005959452794e-08
6097.0,1.1374576053554968,0.043818262,0.536113931,0.0,0.0,0.04637271720165991,1.3634558183768135,0.0,0.05568417138758008,0.0,0.7534627103514275,0.21668675883539654,0.0,7.532732386117602,0.0,-6.938893903907228e-18,0.0,0.0,1.0500071513474118e-08
6098.0,1.0775468980478329,7.69e-07,0.57330332,0.0,0.0,8.138300767857126e-07,1.4580366264512237,0.0,0.16380378339807097,0.0,0.8035776093221232,0.21668675883539654,0.0,7.638908812018054,0.0,-1.0587911840678754e-22,0.0,0.0,1.0500083432433824e-08
6099.0,1.008563288214521,0.0,0.563230073,0.0,0.0,0.0,1.432418140457998,0.0,0.20716809340808046,0.0,0.9510001022153354,0.21668675883539654,0.0,7.74508523670731,0.0,0.0,0.0,0.0,1.050009535140706e-08
6100.0,0.9451450486111265,0.0,0.530578084,0.0,0.0,0.0,1.3493769400538513,0.0,0.18754513260732833,0.0,1.1374503067738617,0.21668675883539654,0.0,7.8512616601853695,0.0,0.0,0.0,0.0,1.0500107270393827e-08
6101.0,0.8911637411367216,0.0,0.492101219,0.0,0.0,0.0,1.2515217969142316,0.0,0.14367129694211364,0.0,1.3062396349664904,0.21668675883539654,0.0,7.9574380824522315,0.0,0.0,2.220446049250313e-16,0.0,1.0500119189394123e-08
6102.0,0.8522018668260866,0.0,0.449729053,0.0,0.0,0.0,1.143760045298924,0.0,0.07487141963744104,0.0,1.435542319462596,0.21668675883539654,0.0,8.063614503507896,0.0,0.0,2.220446049250313e-16,0.0,1.0500131108407949e-08
6103.0,0.829079562962045,0.0,0.415293433,0.0,0.0,0.0,1.0561826783746295,0.0,0.010416356577187928,0.0,1.5029249676091399,0.21668675883539654,0.0,8.169790923352364,0.0,0.0,0.0,0.0,1.0500143027435302e-08
6104.0,0.8200195085400447,0.0,0.38499081,0.0,0.0,0.0,0.9791164332122202,0.0,0.0,0.05758983416322106,1.5122979825133904,0.21668675883539654,0.0,8.275967341985636,0.0,0.0,0.0,0.0,1.1666838829417986e-08
6105.0,0.8375935729790324,0.0,0.359356497,0.0,0.0,0.0,0.9139227286861156,0.0,0.0,0.1403576031283133,1.4547064316953606,0.21668675883539654,0.0,8.38214375940771,0.0,0.0,1.1102230246251565e-16,0.0,1.1666852072811778e-08
6106.0,0.8842214824659286,0.0,0.33455405,0.0,0.0,0.0,0.850844642636282,0.0,0.0,0.25006359866504313,1.3143471772861355,0.21668675883539654,0.0,8.488320175618586,0.0,0.0,0.0,0.0,1.1666865316220604e-08
6107.0,0.92916629037502,0.0,0.317492124,0.0,0.0,0.0,0.8074524065232931,0.0,0.0,0.2932786472456189,1.0642820866661808,0.171564763393892,0.0,8.594496590618268,0.0,0.0,1.1102230246251565e-16,0.0,0.13107950241914615
6108.0,0.9633336806745798,4.95e-05,0.273171615,0.0,0.0,5.238568114550425e-05,0.6947355894901018,0.0,0.0,0.2932786472456189,0.7710022313220369,0.024732941742286407,0.0,8.678563226640414,0.0,0.0,0.0,0.0,0.1310795039144225
6109.0,1.00308357200892,0.139716541,0.202848173,0.0,0.0,0.1478615387389651,0.5158875860734842,0.0,0.0,0.2932786472456189,0.47772270888865526,0.0,0.0460557999508518,8.690682269094292,0.0,0.0,0.0,0.0,0.26750919471367113
6110.0,1.044510140869241,0.536965261,0.199937493,0.0,0.0,0.568268504019363,0.5084850856869888,0.0,0.0,0.18444330999828568,0.1844435193656578,0.21668675883539654,0.0,8.644626370005351,0.0,0.0,0.0,0.0,1.1666918290006239e-08
6111.0,1.0856048003853387,0.767816201,0.236800295,0.0,0.0,0.8125772663421901,0.48971429287854523,0.0,0.0,0.0,0.0,0.21668675883539654,0.0,8.750802783221985,0.0,0.0,0.1125210182032999,0.0,1.05e-08
6112.0,1.1254553351982497,0.792935473,0.254374378,0.0,0.0,0.8391609062128809,0.5029811878207655,0.0,0.0,0.0,0.0,0.21668675883539654,0.0,8.856979195227419,0.0,-1.1102230246251565e-16,0.1439488874398286,0.0,1.05e-08
6113.0,1.1638261967411059,0.789587622,0.268345701,0.0,0.0,0.8356178869197766,0.5448950686567259,0.0,0.0,0.0,0.0,0.21668675883539654,0.0,8.96315560602166,0.0,0.0,0.13756715850904178,0.0,1.05e-08
6114.0,1.1988094416222734,0.770837222,0.285276114,0.0,0.0,0.8157744025611774,0.5997217978964926,0.0,0.0,0.0,0.0,0.21668675883539654,0.0,9.069332015604703,0.0,0.0,0.12579819885439802,0.0,1.05e-08
6115.0,1.2276363035057452,0.757075643,0.304565635,0.0,0.0,0.8012105704490022,0.6431124918921394,0.0,0.0,0.0,0.0,0.21668675883539654,0.0,9.175508423976549,0.0,0.0,0.13146500573751818,0.0,1.05e-08
6116.0,1.2498206958035292,0.75871877,0.322785055,0.0,0.0,0.8029494861480642,0.6635579684908613,0.0,0.0,0.0,0.0,0.21668675883539654,0.0,9.281684831137198,0.0,1.1102230246251565e-16,0.15735552745936743,0.0,1.05e-08
6117.0,1.2620006980612313,0.756821406,0.342604613,0.0,0.0,0.800941512299156,0.6777459445974717,0.0,0.0,0.0,0.0,0.21668675883539654,0.0,9.38786123708665,0.0,0.0,0.19357305307577932,0.0,1.05e-08
6118.0,1.2526280064504784,0.726301967,0.362693908,0.0,0.0,0.7686428941134255,0.7006718711724497,0.0,0.0,0.0,0.0,0.21668675883539654,0.0,9.494037641824907,0.0,-1.1102230246251565e-16,0.22173862883081308,0.0,1.05e-08
6119.0,1.2336663468175753,0.611059559,0.403661913,0.0,0.0,0.6466822468421504,0.8036708588108213,0.0,0.0,0.0,0.0,0.21668675883539654,0.0,9.600214045351967,0.0,0.0,0.22293030208489328,0.0,1.05e-08
6120.0,1.2140537165998724,0.334461144,0.511206212,0.0,0.0,0.3539590877806987,1.2137867258034498,0.0,0.1370053381488794,0.0,0.0,0.21668675883539654,0.0,9.706390447667829,0.0,-5.551115123125783e-17,0.08632327663886863,0.0,1.05e-08
6121.0,1.172265259486817,0.027857525,0.607529963,0.0,0.0,0.029481523679856837,1.5450825188323638,0.0,0.18561202419000702,0.0,0.12330480433399149,0.21668675883539654,0.0,9.812566848772494,0.0,0.0,2.220446049250313e-16,0.0,1.050001191887853e-08
6122.0,1.1068384330132175,0.0,0.615763217,0.0,0.0,0.0,1.566021497324371,0.0,0.2424963054757567,0.0,0.29035548613801526,0.21668675883539654,0.0,9.918743248665963,0.0,0.0,0.0,0.0,1.0500023837770588e-08
6123.0,1.035381563227788,0.0,0.600292376,0.0,0.0,0.0,1.5266757408406941,0.0,0.27460741877750944,0.0,0.5086018314749733,0.21668675883539654,0.0,10.024919647348234,0.0,0.0,0.0,0.0,1.0500035756676175e-08
6124.0,0.966588533598579,0.0,0.578977084,0.0,0.0,0.0,1.4724662580846852,0.0,0.2891909656507097,0.0,0.755747931045535,0.21668675883539654,0.0,10.13109604481931,0.0,0.0,0.0,0.0,1.0500047675595293e-08
6125.0,0.9101618037299589,0.0,0.549511911,0.0,0.0,0.0,1.3975298327405554,0.0,0.27068127017519994,0.0,1.0160189422590244,0.21668675883539654,0.0,10.23727244107919,0.0,0.0,0.0,0.0,1.050005959452794e-08
6126.0,0.8690928404211561,0.0,0.515439515,0.0,0.0,0.0,1.3108762244569854,0.0,0.22509662520043264,0.0,1.2596309321031225,0.21668675883539654,0.0,10.343448836127873,0.0,0.0,0.0,0.0,1.0500071513474118e-08
6127.0,0.8440947134245992,0.0,0.483309746,0.0,0.0,0.0,1.2291631445442142,0.0,0.1683816722842183,0.0,1.4622164649386522,0.21668675883539654,0.0,10.449625229965358,0.0,0.0,0.0,0.0,1.0500083432433824e-08
6128.0,0.8341053128387727,0.0,0.460113013,0.0,0.0,0.0,1.170168742893078,0.0,0.11937667121890885,0.0,1.6137583101886726,0.21668675883539654,0.0,10.555801622591646,0.0,0.0,2.220446049250313e-16,0.0,1.050009535140706e-08
6129.0,0.8502318242668239,0.0,0.43166756,0.0,0.0,0.0,1.0978256901265306,0.0,0.030907107024310227,0.0,1.72119548246022,0.21668675883539654,0.0,10.66197801400674,0.0,0.0,0.0,0.0,1.0500107270393827e-08
6130.0,0.8964742906442992,0.0,0.41198611,0.0,0.0,0.0,1.0477714274690801,0.0,0.0,0.06538962201061566,1.7490099250014712,0.21668675883539654,0.0,10.768154404210637,0.0,0.0,0.0,0.0,1.16667990993268e-08
6131.0,0.9439373268682741,0.0,0.395533646,0.0,0.0,0.0,1.0059291874705916,0.0,0.0,0.15469489823307908,1.6836183176372193,0.21668675883539654,0.0,10.874330793203336,0.0,0.0,2.220446049250313e-16,0.0,1.1666812342675498e-08
6132.0,0.9772331874704211,4.22e-05,0.344224948,0.0,0.0,4.4660116047278384e-05,0.8754398664955715,0.0,0.0,0.2932786472456189,1.5289215082784795,0.19152998638681654,0.0,10.980507180984837,0.0,-6.776263578034403e-21,0.0,0.0,0.13107953980105966
6133.0,1.0191586910223815,0.106838198,0.276286205,0.0,0.0,0.11306650049673234,0.7026566779226244,0.0,0.0,0.2932786472456189,1.2356411255081887,0.089843134642594,0.0,11.07435674905534,0.0,-1.3877787807814457e-17,0.0,0.0,0.13107954129633642
6134.0,1.0644418323275202,0.527183814,0.265913768,0.0,0.0,0.557916832025754,0.6762772858556851,0.0,0.0,0.04693447328147757,0.9423610756492592,0.21668675883539654,0.0,11.118379758700593,0.0,0.0,1.1102230246251565e-16,0.0,1.1666852072811778e-08
6135.0,1.1094166191451222,0.762981482,0.276091065,0.0,0.0,0.8074606997166929,0.7021603939183984,0.0,0.18351771565457237,0.0,0.8954255326654538,0.21668675883539654,0.0,11.224556143698132,0.0,0.0,0.0,0.0,1.0500178784598546e-08
6136.0,1.1522650448090852,0.791708776,0.278275842,0.0,0.0,0.837862696962292,0.7077167630784935,0.0,0.17662765639630376,0.0,1.060590460330184,0.21668675883539654,0.0,11.330732527484475,0.0,0.0,0.0,0.0,1.0500190703680018e-08
6137.0,1.1944004007206193,0.789813222,0.279852665,0.0,0.0,0.8358566386302094,0.7117269713002612,0.0,0.13649645037445501,0.0,1.219554147178808,0.21668675883539654,0.0,11.436908910059621,0.0,0.0,0.0,0.0,1.0500202622775022e-08
6138.0,1.2295549536504184,0.77836732,0.284394604,0.0,0.0,0.8237434795878924,0.7232781226473478,0.0,0.1007798897494253,0.0,1.3423995681633185,0.21668675883539654,0.0,11.543085291423571,0.0,0.0,1.1102230246251565e-16,0.0,1.0500214541883553e-08
6139.0,1.2550070469758488,0.768557804,0.291362939,0.0,0.0,0.8133621022673324,0.741000133493861,0.0,0.08266842994994816,0.0,1.4330999451397795,0.21668675883539654,0.0,11.649261671576324,0.0,0.0,0.0,0.0,1.0500226461005616e-08
6140.0,1.272773832969547,0.772541325,0.296162041,0.0,0.0,0.8175778489530379,0.7532053069962145,0.0,0.08132256414430869,0.0,1.5074999053399922,0.21668675883539654,0.0,11.75543805051788,0.0,0.0,1.1102230246251565e-16,0.0,1.050023838014121e-08
6141.0,1.2815747839679923,0.776538485,0.301957086,0.0,0.0,0.8218080297459179,0.7679433829277006,0.0,0.09148986987022978,0.0,1.5806885018615024,0.21668675883539654,0.0,11.86161442824824,0.0,0.0,0.0,0.0,1.0500250299290332e-08
6142.0,1.2713498348152974,0.756764911,0.303658074,0.0,0.0,0.8008817238333719,0.7722693700947626,0.0,0.08511450027744044,0.0,1.66302759045777,0.21668675883539654,0.0,11.967790804767404,0.0,0.0,0.0,0.0,1.0500262218452982e-08
6143.0,1.253910675464607,0.655059879,0.315438292,0.0,0.0,0.6932476354041737,0.8022290593419484,0.0,0.024879260446118656,0.0,1.7396287529549577,0.21668675883539654,0.0,12.073967180075371,0.0,0.0,0.0,0.0,1.0500274137629165e-08
6144.0,1.2351374546851985,0.383907559,0.409417694,0.0,0.0,0.40628806010349217,1.0412393798263708,0.0,0.0,0.0,1.7620181126516783,0.21238998524466457,0.0,12.18014355417214,0.0,0.0,0.0,0.0,0.13107955774438193
6145.0,1.1914153579732147,0.042693463,0.500367503,0.0,0.0,0.04518234625687644,1.2725447779718817,0.0,0.0,0.0,1.7620161125320581,0.1263117662555432,0.0,12.284214507998257,0.0,-6.938893903907228e-18,0.0,0.0,0.13107955923965892
6146.0,1.1258300715546312,1.96e-07,0.494745996,0.0,0.0,2.074261314044209e-07,1.2582480474002673,0.0,0.0,0.0,1.7620141124147082,0.13241818327176774,0.0,12.346107133332525,0.0,0.0,2.220446049250313e-16,0.0,0.1310795607349359
6147.0,1.0523025157313681,0.0,0.474086363,0.0,0.0,0.0,1.2057060499057468,0.0,0.0,0.0,1.7620121122996288,0.15340353417437858,0.0,12.410991902298708,0.0,0.0,0.0,0.0,0.1310795622302129
6148.0,0.9819591482620436,0.0,0.446865315,0.0,0.0,0.0,1.1364769287585208,0.0,0.0,0.0,1.76201011218682,0.1545177804964772,0.0,12.486159492467005,0.0,0.0,0.0,0.0,0.1310795637254899
6149.0,0.9211983247630456,0.0,0.416107389,0.0,0.0,0.0,1.058252747775797,0.0,0.0,0.0,1.7620081120762812,0.13705442301275136,0.0,12.561873062475662,0.0,0.0,0.0,0.0,0.13107956522076694
6150.0,0.8791186439673166,0.0,0.379318714,0.0,0.0,0.0,0.9646910436701756,0.0,0.0,0.0,1.762006111968013,0.08557239970285882,0.0,12.6290295864536,0.0,0.0,0.0,0.0,0.131079566716044
6151.0,0.8520926579450839,0.0,0.348631244,0.0,0.0,0.0,0.8866460478150614,0.0,1.7778770434137055e-05,0.0,1.762004111862015,0.034535611099543305,0.0,12.670959918243607,0.0,0.0,1.1102230246251565e-16,0.0,0.13107956821132108
6152.0,0.8412874027776498,0.0,0.32409333,0.0,0.0,0.0,0.8242407274539126,0.0,0.0,0.017046675323737225,1.7620181126516783,0.0,0.0,12.687882223139676,0.0,0.0,0.0,0.0,0.2675048168731214
6153.0,0.8535273628523731,0.0,0.296805563,0.0,0.0,0.0,0.75484192519324,0.0,0.0,0.09868543765913301,1.7449694372083209,0.0,0.0,12.687882078403927,0.0,0.0,1.1102230246251565e-16,0.0,0.26750512052620884
6154.0,0.8961059783397414,0.0,0.272659067,0.0,0.0,0.0,0.6934320670252149,0.0,0.0,0.20267391131452656,1.6462820187820306,0.0,0.0,12.687881933668182,0.0,0.0,0.0,0.0,0.267505424179641
6155.0,0.9428174005003455,0.0,0.256879003,0.0,0.0,0.0,0.6532998883388182,0.0,0.0,0.2895175121615272,1.443606238723396,0.0,0.0,12.687881788932435,0.0,0.0,0.0,0.0,0.26750572783341786
6156.0,0.9798306457577968,4.46e-05,0.216712525,0.0,0.0,4.7200027860393736e-05,0.5511476871627509,0.0,0.0,0.2932786472456189,1.1540870878811191,0.0,0.13535711132156655,12.687881644196693,0.0,0.0,1.1102230246251565e-16,0.0,0.2675093381381769
6157.0,1.0264949582050271,0.127299212,0.145397418,0.0,0.0,0.1347203218162818,0.36977766121333194,0.0,0.0,0.2932786472456189,0.8608071305966242,0.0,0.22871832792979443,12.552524388139386,0.0,0.0,5.551115123125783e-17,0.0,0.26750934118976294
6158.0,1.0766004210791436,0.53158069,0.123556667,0.0,0.0,0.5625700308979221,0.31423182047548104,0.0,0.0,0.19979856970574048,0.5675275062230071,0.0,0.0,12.323805917017923,0.0,-1.1102230246251565e-16,0.0,0.0,0.26750663879681646
6159.0,1.1254960208597997,0.767374517,0.12441646,0.0,0.0,0.8121098336716635,0.31641846346433794,0.0,0.003032276276201519,0.0,0.36772829229976844,0.0,0.0,12.32380577643534,0.0,-1.1102230246251565e-16,0.0,0.0,0.24075624820677485
6160.0,1.1717920210024724,0.788250644,0.13009489,0.0,0.0,0.8342029676630787,0.33085996176359667,0.0,0.0,0.006729091575797166,0.37045692352893334,0.0,0.0,12.323805635852757,0.0,-1.1102230246251565e-16,5.551115123125783e-17,0.0,0.26750724610747234
6161.0,1.213636153231333,0.783139222,0.138674881,0.0,0.0,0.8287935671965712,0.3526807688236742,0.0,0.0,0.03216181721108767,0.3637274114363686,0.0,0.0,12.323805495270175,0.0,0.0,0.0,0.0,0.26750754976331725
6162.0,1.245490884874367,0.767901553,0.149935677,0.0,0.0,0.8126675940726371,0.38131945350981106,0.0,0.0,0.051503837291919034,0.3315651813473844,0.0,0.0,12.323805354687599,0.0,0.0,0.0,0.0,0.26750785341950695
6163.0,1.2708187798645396,0.757007657,0.157681704,0.0,0.0,0.8011386210971162,0.40101930641748323,0.0,0.0,0.06866085234994013,0.28006096768588107,0.0,0.0,12.32380521410502,0.0,0.0,0.0,0.0,0.2675081570760413
6164.0,1.289735471134677,0.761228329,0.160901897,0.0,0.0,0.8056053438771518,0.409208966540578,0.0,0.0,0.07492116071694724,0.21139979743033466,0.0,0.0,12.323805073522443,0.0,0.0,0.0,0.0,0.2675084607329203
6165.0,1.2957355355379965,0.766886764,0.163680492,0.0,0.0,0.8115936463355873,0.4162755456772107,0.0,0.0,0.06786634352519856,0.13647839674713538,0.0,0.0,12.323804932939868,0.0,0.0,0.0,0.0,0.26750876439014404
6166.0,1.2769280531488618,0.747821428,0.170020007,0.0,0.0,0.7914168662824983,0.43239832875116346,0.0,0.0,0.05311285811520005,0.06861189830121432,0.0,0.0,12.323804792357297,0.0,0.0,0.0,0.0,0.2675090680477124
6167.0,1.2461439968097747,0.642742615,0.199900355,0.0,0.0,0.6802123169296485,0.5083906355724611,0.0,0.0,0.01549894470925307,0.01549896230259015,0.0,0.04204209959841204,12.323804651774726,0.0,0.0,0.0,0.0,0.2675093717056255
6168.0,1.2150751408398377,0.371357811,0.310238158,0.0,0.0,0.39300670460481685,0.7890039731267591,0.0,0.0,0.0,0.0,0.0,0.03306446310826181,12.281762411593744,0.0,-5.551115123125783e-17,0.0,0.0,0.267509374757212
6169.0,1.1713316306217751,0.038865337,0.435738089,0.0,0.0,0.04113105356958725,1.108177942004353,0.0,0.0,0.0,0.0,0.0,0.02202263504783478,12.248697808382506,0.0,0.0,2.220446049250313e-16,0.0,0.26750937780879847
6170.0,1.1147571475612104,0.0,0.460011817,0.0,0.0,0.0,1.1699113791742521,0.0,0.05515423161304184,0.0,0.0,0.0,0.0,12.226675033608876,0.0,0.0,2.220446049250313e-16,0.0,0.24075627841720806
6171.0,1.0499042030505266,0.0,0.44701894,0.0,0.0,0.0,1.1368676309730805,0.0,0.08696342792255406,0.0,0.049638808451737654,0.0,0.0,12.226674894134304,0.0,0.0,2.220446049250313e-16,0.0,0.2407565517071926
6172.0,0.9845865854579298,0.0,0.419122173,0.0,0.0,0.0,1.0659200075656743,0.0,0.08133342210774444,0.0,0.12790583723553567,0.0,0.0,12.226674754659731,0.0,0.0,0.0,0.0,0.24075682499748738
6173.0,0.9268814692763968,0.0,0.38535243,0.0,0.0,0.0,0.9800361125276257,0.0,0.05315464325122883,0.0,0.20110577194275264,0.0,0.0,12.22667461518516,0.0,0.0,0.0,0.0,0.24075709828809236
6174.0,0.8828060497141105,0.0,0.358401615,0.0,0.0,0.0,0.9114942534246451,0.0,0.028688203710534495,0.0,0.2489447225876637,0.0,0.0,12.226674475710592,0.0,0.0,-1.1102230246251565e-16,0.0,0.24075737157900753
6175.0,0.8509149151107421,0.0,0.333351756,0.0,0.0,0.0,0.8477869441604341,0.0,0.0,0.003127970950308068,0.2747638233425218,0.0,0.0,12.226674336236025,0.0,0.0,1.1102230246251565e-16,0.0,0.2675084943002588
6176.0,0.8314800169934944,0.0,0.309623668,0.0,0.0,0.0,0.7874411897007221,0.0,0.0,0.04403882729277234,0.2716355404995549,0.0,0.0,12.226674196761461,0.0,0.0,0.0,0.0,0.26750879795752064
6177.0,0.8250495411179881,0.0,0.28316835,0.0,0.0,0.0,0.7201594886137401,0.0,0.0,0.10489005250424803,0.22759640486513152,0.0,0.0,12.226674057286896,0.0,0.0,0.0,0.0,0.26750910161512714
6178.0,0.8342980343934832,0.0,0.26417541,0.0,0.0,0.0,0.6718562585469919,0.0,0.0,0.12270595472200793,0.12270609400937643,0.0,0.03973582112448322,12.226673917812336,0.0,0.0,1.1102230246251565e-16,0.0,0.26750940527307837
6179.0,0.8491804211183479,0.0,0.251639231,0.0,0.0,0.0,0.6399739939584167,0.0,0.0,0.0,0.0,0.0,0.20920642715993118,12.18693795721329,0.0,0.0,0.0,0.0,0.26750940832466524
6180.0,0.8820415875470923,1.41e-05,0.21729655,0.0,0.0,1.4921981902052728e-05,0.5526329913831473,0.0,0.0,0.0,0.0,0.0,0.329393674182043,11.977731391032084,0.0,0.0,0.0,0.0,0.26750941137625206
6181.0,0.9399372839327278,0.088828467,0.160067193,0.0,0.0,0.09400686361426155,0.40708613040517005,0.0,0.0,0.0,0.0,0.0,0.4388442899132962,11.648337580215268,0.0,0.0,0.0,0.0,0.26750941442783893
6182.0,1.0046317684984274,0.486019871,0.145017605,0.0,0.0,0.5143531715673759,0.3688117130914855,0.0,0.0,0.0,0.0,0.0,0.12146688383956587,11.209493157424724,0.0,0.0,0.0,0.0,0.2675094174794259
6183.0,1.070313415694366,0.718793154,0.162349261,0.0,0.0,0.7606963429296028,0.41288993200892193,0.0,0.0,0.0,0.0,0.10327285924415865,0.0,11.088026145713986,0.0,0.0,5.551115123125783e-17,0.0,0.13107961606019633
6184.0,1.1256245018962734,0.760664531,0.191450911,0.0,0.0,0.8050086783769805,0.48690183828946515,0.0,0.0,0.0,0.0,0.16628601477017227,0.0,11.138629720258074,0.0,0.0,0.0,0.0,0.13107961755547393
6185.0,1.170239541811749,0.751634825,0.215269295,0.0,0.0,0.7954525713193312,0.5474772353670188,0.0,0.0,0.0,0.0,0.17269026487460093,0.0,11.220109740432655,0.0,-1.1102230246251565e-16,1.1102230246251565e-16,0.0,0.13107961905075158
6186.0,1.2029593791003723,0.738594079,0.235189408,0.0,0.0,0.781651594312149,0.5981384706046713,0.0,0.0,0.0,0.0,0.17683068581644804,0.0,11.304727842228928,0.0,0.0,0.0,0.0,0.13107962054602926
6187.0,1.226507811735385,0.725778158,0.249727577,0.0,0.0,0.7680885488355437,0.635112236749158,0.0,0.0,0.0,0.0,0.17669297384931654,0.0,11.391374749321436,0.0,-1.1102230246251565e-16,0.0,0.0,0.13107962204130694
6188.0,1.243692150363736,0.726535542,0.259385475,0.0,0.0,0.768890085739154,0.6596743987448882,0.0,0.0,0.0,0.0,0.1848723341203062,0.0,11.477954176561633,0.0,-1.1102230246251565e-16,0.0,0.0,0.13107962353658464
6189.0,1.2498935017241974,0.728361806,0.269486882,0.0,0.0,0.7708228147005987,0.6853645018210238,0.0,0.0,0.0,0.0,0.2062938147974249,0.0,11.568541489346966,0.0,-1.1102230246251565e-16,0.0,0.0,0.13107962503186235
6190.0,1.2359426025137668,0.708722542,0.285416516,0.0,0.0,0.7500386486028939,0.7258770699637702,0.0,0.023286357217500695,0.0,0.0,0.21668675883539654,0.0,11.669625326630724,0.0,-1.1102230246251565e-16,0.0,0.0,0.1310765333219508
6191.0,1.2079358779131186,0.610357835,0.320092849,0.0,0.0,0.6459396147266726,0.814066623069828,0.0,0.03538360104798546,0.0,0.020957721495750627,0.21668675883539654,0.0,11.775801705339985,0.0,0.0,0.0,0.0,0.13107668211102494
6192.0,1.1833039218705115,0.36293268,0.423423365,0.0,0.0,0.38409041720734005,1.0768588862615085,0.0,0.060958622762940416,0.0,0.05280293864919914,0.21668675883539654,0.0,11.88197808283805,0.0,-5.551115123125783e-17,0.0,0.0,0.131076830900268
6193.0,1.1405989666972776,0.032868599,0.514341235,0.0,0.0,0.03478472620027152,1.3080830564946948,0.0,0.0,0.0,0.10766563919764577,0.20226881599768862,0.0,11.988154459124916,0.0,0.0,0.0,0.0,0.1310796310129734
6194.0,1.0833863611555603,0.0,0.525891464,0.0,0.0,0.0,1.3374578330543334,0.0,0.03738471306337668,0.0,0.10766551698314875,0.21668675883539654,0.0,12.087266042210109,0.0,0.0,2.220446049250313e-16,0.0,0.1310771284792608
6195.0,1.0201972460672104,0.0,0.516930173,0.0,0.0,0.0,1.3146672961038626,0.0,0.07778329120125556,0.0,0.14131163652582948,0.21668675883539654,0.0,12.193442416155175,0.0,0.0,0.0,0.0,0.13107727726901056
6196.0,0.9596227200710992,0.0,0.499050317,0.0,0.0,0.0,1.2691948838323381,0.0,0.09288540492584257,0.0,0.2113164381998815,0.21668675883539654,0.0,12.299618788889045,0.0,0.0,2.220446049250313e-16,0.0,0.13107742605892922
6197.0,0.9064251469191835,0.0,0.480489186,0.0,0.0,0.0,1.2219898391687922,0.0,0.09887793341421215,0.0,0.2949130627615113,0.21668675883539654,0.0,12.405795160411717,0.0,0.0,0.0,0.0,0.13107757484901675
6198.0,0.8635231874900232,0.0,0.464138358,0.0,0.0,0.0,1.1804060819060498,0.0,0.10019613558063015,0.0,0.3839028680696373,0.21668675883539654,0.0,12.511971530723194,0.0,0.0,2.220446049250313e-16,0.0,0.13107772363927317
6199.0,0.832865470836802,0.0,0.444785035,0.0,0.0,0.0,1.131186318487375,0.0,0.08163408881517646,0.0,0.4740789543125418,0.21668675883539654,0.0,12.618147899823473,0.0,0.0,2.220446049250313e-16,0.0,0.1310778724296985
6200.0,0.8124798130496491,0.0,0.426929127,0.0,0.0,0.0,1.0857748112549672,0.0,0.05660823936992154,0.0,0.5475490961049573,0.21668675883539654,0.0,12.724324267712557,0.0,0.0,0.0,0.0,0.13107802122029272
6201.0,0.8034497375361593,0.0,0.401999328,0.0,0.0,0.0,1.0223728410168267,0.0,0.002236344645270916,0.0,0.5984958899984812,0.21668675883539654,0.0,12.830500634390443,0.0,0.0,2.220446049250313e-16,0.0,0.13107817001105584
6202.0,0.8059229974882771,0.0,0.378062951,0.0,0.0,0.0,0.9614973617495085,0.0,0.0,0.0,0.6005079208085855,0.1555743642612315,0.0,12.936676999857134,0.0,0.0,1.1102230246251565e-16,0.0,0.13107964447047424
6203.0,0.8172229046461348,0.0,0.359032528,0.0,0.0,0.0,0.9130988041572384,0.0,0.0,0.0,0.6005072391540293,0.09587589951110362,0.0,13.01290829077129,0.0,0.0,0.0,0.0,0.13107964596575222
6204.0,0.8467649776326432,6.84e-06,0.30862973,0.0,0.0,7.2387486673787706e-06,0.7849133864282384,0.0,0.0,0.06184435245573736,0.6005065575002468,0.0,0.0,13.059887333088279,0.0,-8.470329472543003e-22,1.1102230246251565e-16,0.0,0.1456429070937318
6205.0,0.9014293759509664,0.078255307,0.233656504,0.0,0.0,0.0828173244534454,0.5942399580741079,0.0,0.0,0.22437209342341316,0.5386615233915009,0.0,0.0,13.05988718410892,0.0,-1.3877787807814457e-17,0.0,0.0,0.1456430724175526
6206.0,0.9652137865083109,0.475050126,0.236293425,0.0,0.0,0.5027439278538913,0.6009462290216726,0.0,0.0,0.0,0.31428881851723267,0.13847637036725308,0.0,13.059887035129563,0.0,0.0,0.0,0.0,0.13107965045158618
6207.0,1.0309768050273498,0.713149063,0.265373244,0.0,0.0,0.754723220677437,0.6749026142604189,0.0,0.18196227107510954,0.0,0.3142884617585661,0.21668675883539654,0.0,13.127740307630162,0.0,-1.1102230246251565e-16,0.0,0.0,0.13107906275918144
6208.0,1.0949582198406205,0.743565899,0.274158128,0.0,0.0,0.7869132544582672,0.6972445093520526,0.0,0.1725127851343027,0.0,0.47805414896790316,0.21668675883539654,0.0,13.23391666970612,0.0,-1.1102230246251565e-16,0.0,0.0,0.13107921155112684
6209.0,1.1495883565492173,0.737709683,0.267663088,0.0,0.0,0.7807156410422024,0.6807261919450196,0.0,0.09516671760260824,0.0,0.6333151129351694,0.21668675883539654,0.0,13.340093030570882,0.0,0.0,1.1102230246251565e-16,0.0,0.13107936034324116
6210.0,1.1914581849853727,0.726872861,0.256906001,0.0,0.0,0.7692470692861907,0.6533685501997699,0.0,0.014470675665191168,0.0,0.7189644398825327,0.21668675883539654,0.0,13.446269390224451,0.0,0.0,0.0,0.0,0.13107950913552438
6211.0,1.2228760811043964,0.715799475,0.2472836,0.0,0.0,0.7575281426559463,0.628896664894098,0.0,0.03933748587657507,0.0,0.7319872318631001,0.1242112405690728,0.0,13.55244574866682,0.0,1.1102230246251565e-16,0.0,0.0,0.13107965792797646
6212.0,1.2471440075436613,0.716409757,0.239796712,0.0,0.0,0.7581740020147513,0.6098558595449537,0.0,0.12088585401604363,0.0,0.7673901382513512,0.0,0.0,13.613309101947497,0.0,-1.1102230246251565e-16,1.1102230246251565e-16,0.0,0.13107980672059746
6213.0,1.261848662168071,0.716053634,0.236505681,0.0,0.0,0.7577971182586587,0.6014860427841048,0.0,0.09743449887469265,0.0,0.8761865357782228,0.0,0.0,13.613308946655033,0.0,0.0,0.0,0.0,0.1310799555133874
6214.0,1.254923534302141,0.693154765,0.239609315,0.0,0.0,0.7335633233086248,0.6093792676953076,0.0,0.08801905670179161,0.0,0.9638765901798239,0.0,0.0,13.613308791362572,0.0,0.0,0.0,0.0,0.13108010430634617
6215.0,1.2388377085356397,0.589871864,0.26775746,0.0,0.0,0.6242593814991566,0.6809662007286972,0.0,0.06638787369221413,0.0,1.0430926470862025,0.0,0.0,13.613308636070114,0.0,0.0,0.0,0.0,0.13108025309947385
6216.0,1.219987399134347,0.351095151,0.374141011,0.0,0.0,0.3715628006468418,0.9515230044289474,0.0,0.10309840594144203,0.0,1.1028405493634388,0.0,0.0,13.613308480777656,0.0,5.551115123125783e-17,0.0,0.0,0.13108040189277045
6217.0,1.1766378974281368,0.032541624,0.479604214,0.0,0.0,0.03443868967314927,1.2197391604366616,0.0,0.07753995268167392,0.0,1.1956278628433437,0.0,0.0,13.613308325485201,0.0,0.0,0.0,0.0,0.13108055068623597
6218.0,1.1146629281344629,0.0,0.49397726,0.0,0.0,0.0,1.2562929824198803,0.0,0.1416300542854174,0.0,1.2654124630637944,0.0,0.0,13.613308170192749,0.0,0.0,0.0,0.0,0.1310806994798704
6219.0,1.0421760687066364,0.0,0.471980201,0.0,0.0,0.0,1.200349616007475,0.0,0.15817354730083852,0.0,1.3928780755130208,0.0,0.0,13.613308014900294,0.0,0.0,0.0,0.0,0.13108084827367367
6220.0,0.9724387034593459,0.0,0.435428964,0.0,0.0,0.0,1.1073917690372197,0.0,0.13495306557787387,0.0,1.5352326869860857,0.0,0.0,13.613307859607845,0.0,0.0,2.220446049250313e-16,0.0,0.13108099706764587
6221.0,0.9154038300180839,0.0,0.394362507,0.0,0.0,0.0,1.0029507230223733,0.0,0.0875468930042895,0.0,1.6566887033174922,0.0,0.0,13.613307704315396,0.0,0.0,0.0,0.0,0.13108114586178699
6222.0,0.8746325144437783,0.0,0.355503055,0.0,0.0,0.0,0.9041225768678679,0.0,0.0294900624240896,0.0,1.735479026464305,0.0,0.0,13.61330754902295,0.0,0.0,1.1102230246251565e-16,0.0,0.131081294656097
6223.0,0.8502874993826292,0.0,0.318839734,0.0,0.0,0.0,0.810879675596446,0.0,0.0,0.039407823786183044,1.7620181126516783,0.0,0.0,13.613307393730507,0.0,0.0,1.1102230246251565e-16,0.0,0.2675077389604543
6224.0,0.842882708980531,0.0,0.288749441,0.0,0.0,0.0,0.734353432394769,0.0,0.0,0.10852927658576192,1.722608288745875,0.0,0.0,13.613307238438063,0.0,0.0,1.1102230246251565e-16,0.0,0.2675080426168587
6225.0,0.8605659823005213,0.0,0.260823875,0.0,0.0,0.0,0.663332566786698,0.0,0.0,0.1972334155138233,1.6140770567757663,0.0,0.0,13.61330708314562,0.0,0.0,-1.1102230246251565e-16,0.0,0.2675083462736078
6226.0,0.9106286181624799,0.0,0.238956656,0.0,0.0,0.0,0.6077194120946405,0.0,0.0,0.2932786472456189,1.4168418090746535,0.0,0.00963055882222043,13.613306927853182,0.0,0.0,0.0,0.0,0.26750955174928553
6227.0,0.9598668340403991,0.0,0.222695545,0.0,0.0,0.0,0.5663638249252013,0.0,0.0,0.2932786472456189,1.123561553529392,0.0,0.1002243618695788,13.603676213738524,0.0,0.0,1.1102230246251565e-16,0.0,0.267509554800874
6228.0,0.9968029906759661,9.57e-06,0.18943271,0.0,0.0,1.012789835479749e-05,0.4817691085896956,0.0,0.0,0.2932786472456189,0.8302816308953468,0.0,0.22174510694229677,13.50345169668637,0.0,0.0,0.0,0.0,0.2675095578524626
6229.0,1.0454287802800277,0.084054312,0.117525782,0.0,0.0,0.08895439166336833,0.298893951474626,0.0,0.0,0.22203495419562924,0.5370020411721401,0.0,0.43554548294640416,13.281706435704796,0.0,0.0,-5.551115123125783e-17,0.0,0.2675095609040512
6230.0,1.1021552992337529,0.483013114,0.090676867,0.0,0.0,0.5111711308909314,0.2306112465175438,0.0,0.0,0.0,0.31496647740938394,0.0,0.36037292182527786,12.846160801248654,0.0,-1.1102230246251565e-16,0.0,0.0,0.26750956395563974
6231.0,1.16022230366802,0.747656775,0.091334239,0.0,0.0,0.791242614574263,0.2322830883153612,0.0,0.0,0.0,0.3149661198814864,0.0,0.13669660077839574,12.48578773288208,0.0,0.0,2.7755575615628914e-17,0.0,0.2675095670072284
6232.0,1.2178867341880029,0.775724533,0.092030397,0.0,0.0,0.8209466271208726,0.23405357145471758,0.0,0.0,0.0,0.31496576235399476,0.0,0.16288653561241273,12.34909098967331,0.0,0.0,2.7755575615628914e-17,0.0,0.2675095700588171
6233.0,1.2675831990960116,0.765294077,0.094407731,0.0,0.0,0.8099081111164642,0.2400996554810717,0.0,0.0,0.0,0.31496540482690893,0.0,0.2175754324984755,12.186204313189878,0.0,0.0,2.7755575615628914e-17,0.0,0.2675095731104058
6234.0,1.3039797353783893,0.750813331,0.098832371,0.0,0.0,0.7945831870214131,0.2513524896332639,0.0,0.0,0.0,0.31496504730022895,0.0,0.2580440587237124,11.968628741678494,0.0,0.0,0.0,0.0,0.26750957616199456
6235.0,1.33213635452159,0.739446674,0.102958328,0.0,0.0,0.7825538926922754,0.2618457071244216,0.0,0.0,0.0,0.3149646897739548,0.0,0.28773675470489307,11.710584546423846,0.0,0.0,0.0,0.0,0.2675095792135833
6236.0,1.3517061577271352,0.74289224,0.104242714,0.0,0.0,0.786200323436554,0.265112183638985,0.0,0.0,0.0,0.3149643322480865,0.0,0.3003936506515963,11.422847658131628,0.0,0.0,0.0,0.0,0.26750958226517213
6237.0,1.359036000857957,0.748665851,0.103273136,0.0,0.0,0.792310516262901,0.2626463332123708,0.0,0.0,0.0,0.314963974722624,0.0,0.30407915138268515,11.12245387717504,0.0,0.0,0.0,0.0,0.267509585316761
6238.0,1.3491365369976622,0.728229301,0.107330366,0.0,0.0,0.7706825851111,0.27296476280377224,0.0,0.0,0.0,0.31496361719756744,0.0,0.30548918908278994,10.818374598914074,0.0,-1.1102230246251565e-16,0.0,0.0,0.26750958836834987
6239.0,1.3287530205611173,0.622650288,0.134341555,0.0,0.0,0.6589486758045332,0.3416601662875623,0.0,0.0,0.0,0.3149632596729166,0.0,0.3281441784690219,10.512885286421758,0.0,0.0,0.0,0.0,0.2675095914199388
6240.0,1.3026970663642605,0.354453503,0.240796496,0.0,0.0,0.375116933112425,0.6123985304831578,0.0,0.0,0.0,0.3149629021486717,0.0,0.3151816027686777,10.184740988028048,0.0,0.0,0.0,0.0,0.2675095944715277
6241.0,1.249377436227695,0.032732002,0.342871878,0.0,0.0,0.03464016606113147,0.8719987114397237,0.0,0.0,0.0,0.3149625446248326,0.0,0.34273855872683984,9.869559269077957,0.0,0.0,0.0,0.0,0.2675095975231167
6242.0,1.1763702286021502,0.0,0.362668372,0.0,0.0,0.0,0.9223455563303514,0.0,0.0,0.0,0.3149621871013993,0.0,0.2540246722717987,9.526820597765106,0.0,0.0,0.0,0.0,0.26750960057470574
6243.0,1.094219453880897,0.0,0.3493698,0.0,0.0,0.0,0.8885243584075857,0.0,0.0,0.0,0.3149618295783718,0.0,0.2056950954733113,9.272795816817053,0.0,0.0,0.0,0.0,0.2675096036262948
6244.0,1.0078073914499344,0.0,0.326895165,0.0,0.0,0.0,0.8313664110297079,0.0,0.0,0.0,0.31496147205575026,0.0,0.17644098042022643,9.067100615565252,0.0,0.0,0.0,0.0,0.2675096066778839
6245.0,0.9555926982270423,0.0,0.303601928,0.0,0.0,0.0,0.7721265784492708,0.0,0.0,0.0,0.3149611145335345,0.0,0.1834661197777715,8.89065953171298,0.0,0.0,0.0,0.0,0.2675096097294731
6246.0,0.9115322681190112,0.0,0.279968389,0.0,0.0,0.0,0.7120212829232245,0.0,0.0,0.0,0.31496075701172455,0.0,0.19951098519578678,8.7071933105159,0.0,0.0,0.0,0.0,0.26750961278106217
6247.0,0.8830373155797631,0.0,0.25775677,0.0,0.0,0.0,0.6555322431688763,0.0,0.0,0.0,0.31496039949032045,0.0,0.22750507241088688,8.507682225993676,0.0,0.0,0.0,0.0,0.26750961583265137
6248.0,0.8736346450604996,0.0,0.242312412,0.0,0.0,0.0,0.6162538387877102,0.0,0.0,0.0,0.31496004196932215,0.0,0.2573808062727894,8.280177056532255,0.0,0.0,0.0,0.0,0.26750961888424063
6249.0,0.8881701329868855,0.0,0.224381675,0.0,0.0,0.0,0.5706520249254354,0.0,0.0,0.0,0.31495968444872974,0.0,0.31751810806145003,8.022796155804173,0.0,0.0,0.0,0.0,0.2675096219358299
6250.0,0.9358622937259051,0.0,0.206374935,0.0,0.0,0.0,0.5248569186926924,0.0,0.0,0.0,0.3149593269285431,0.0,0.41100537503321277,7.705277956223478,0.0,0.0,0.0,0.0,0.2675096249874192
6251.0,0.984053389156564,0.0,0.190831397,0.0,0.0,0.0,0.48532627772477266,0.0,0.0,0.0,0.31495896940876233,0.0,0.49872711143179144,7.294272493293077,0.0,0.0,0.0,0.0,0.2675096280390085
6252.0,1.0184049356084028,4.69e-06,0.170608535,0.0,0.0,4.963411001462929e-06,0.4338950850924525,0.0,0.0,0.0707609993401515,0.3149586118893874,0.0,0.5137438877647974,6.795545298652602,0.0,-8.470329472543003e-22,5.551115123125783e-17,0.0,0.2675165451361278
6253.0,1.0660628347376961,0.08601446,0.104603891,0.0,0.0,0.09102880960530768,0.26603073630780916,0.0,0.0,0.19525940105978198,0.2441972550302668,0.0,0.5137438877647974,6.281801333368301,0.0,0.0,0.0,0.0,0.2675168488025284
6254.0,1.1220184674725795,0.498385115,0.088614122,0.0,0.0,0.5274392671122318,0.22536523161389888,0.0,0.0,0.0,0.048937576774854705,0.0,0.36921396874644896,5.768057373944482,0.0,-1.1102230246251565e-16,0.0,0.0,0.26750963719377674
6255.0,1.182061938517933,0.755701557,0.09334665,0.0,0.0,0.799756379922487,0.23740109276974558,0.0,0.0,0.0,0.04893752122434319,0.0,0.1449044658257002,5.3988433393994955,0.0,0.0,0.0,0.0,0.2675096402453662
6256.0,1.2358441003858036,0.776067501,0.098664777,0.0,0.0,0.8213095889853395,0.2509262611746994,0.0,0.0,0.0,0.04893746567389472,0.0,0.16360825022576475,5.253938811987029,0.0,0.0,5.551115123125783e-17,0.0,0.26750964329695576
6257.0,1.278765331970435,0.764855774,0.103645251,0.0,0.0,0.8094442565467044,0.2635927036245496,0.0,0.0,0.0,0.04893741012350931,0.0,0.20572837179918105,5.090330501827483,0.0,0.0,0.0,0.0,0.2675096463485453
6258.0,1.3117549794356531,0.751029666,0.109895569,0.0,0.0,0.7948121336139506,0.27948863907974175,0.0,0.0,0.0,0.04893735457318695,0.0,0.23745420674196063,4.884602071960866,0.0,0.0,0.0,0.0,0.26750964940013483
6259.0,1.3339136755261423,0.738880485,0.114927525,0.0,0.0,0.7819546968049604,0.2922860115957268,0.0,0.0,0.0,0.048937299022927656,0.0,0.25967296712545507,4.647147809498296,0.0,0.0,0.0,0.0,0.2675096524517245
6260.0,1.3495990687289672,0.740426601,0.117489564,0.0,0.0,0.7835909460936467,0.2988018411227501,0.0,0.0,0.0,0.048937243472731415,0.0,0.26720628151257064,4.387474789360966,0.0,-1.1102230246251565e-16,0.0,0.0,0.2675096555033141
6261.0,1.3529866853906558,0.742487785,0.11967135,0.0,0.0,0.7857722900897317,0.30435060351100646,0.0,0.0,0.0,0.048937187922598234,0.0,0.2628637917899176,4.120268457798716,0.0,0.0,0.0,0.0,0.26750965855490383
6262.0,1.3359393932012102,0.715132575,0.128718416,0.0,0.0,0.7568223646608769,0.32735928518046126,0.0,0.0,0.0,0.04893713237252811,0.0,0.25175774335987194,3.8574046190072475,0.0,0.0,0.0,0.0,0.2675096616064936
6263.0,1.3096179115289746,0.612635686,0.16288145,0.0,0.0,0.648350256669763,0.4142434058632064,0.0,0.0,0.0,0.04893707682252104,0.0,0.24702424899600528,3.605646831644418,0.0,-1.1102230246251565e-16,0.0,0.0,0.2675096646580833
6264.0,1.285182959742294,0.326832366,0.28652145,0.0,0.0,0.34588557804660097,0.7286871605137626,0.0,0.0,0.0,0.04893702127257703,0.0,0.21061022118193043,3.3586225415173567,0.0,-5.551115123125783e-17,0.0,0.0,0.2675096677096731
6265.0,1.2307798061981339,0.030564958,0.417410731,0.0,0.0,0.03234679078815615,1.06156743357387,0.0,0.0,0.0,0.04893696572269607,0.0,0.13686558183610747,3.148012282022276,0.0,0.0,2.220446049250313e-16,0.0,0.2675096707612629
6266.0,1.1603165230947674,0.0,0.437237003,0.0,0.0,0.0,1.1119900104778107,0.0,0.0,0.0,0.04893691017287816,0.0,0.04832651261695669,3.011146664275533,0.0,0.0,0.0,0.0,0.2675096738128528
6267.0,1.0801379322833848,0.0,0.420537348,0.0,0.0,0.0,1.0695191093166254,0.0,0.0,0.0,0.04893685462312332,0.0,0.0106188229667595,2.9628201173092217,0.0,0.0,0.0,0.0,0.26750967686444266
6268.0,1.0014154598853702,0.0,0.396155265,0.0,0.0,0.0,1.0075101015139605,0.0,0.006094641628590302,0.0,0.048936799073431535,0.0,0.0,2.9522012605443875,0.0,0.0,0.0,0.0,0.24076926345591138
6269.0,0.9409180225111433,0.0,0.367524756,0.0,0.0,0.0,0.9346964105764278,0.0,0.0,0.0,0.05442192098953407,0.0,0.006221611934715502,2.952201226867447,0.0,0.0,0.0,0.0,0.26750968296762256
6270.0,0.8962280353243913,0.0,0.34114317,0.0,0.0,0.0,0.8676022262066725,0.0,0.0,0.0,0.0544218592135789,0.0,0.028625809117718903,2.9459795812557914,0.0,0.0,0.0,0.0,0.26750968601921254
6271.0,0.8661120803749673,0.0,0.319063809,0.0,0.0,0.0,0.8114495476792941,0.0,0.0,0.0,0.054421797437693854,0.0,0.054662532695673234,2.917353738532105,0.0,0.0,0.0,0.0,0.2675096890708026
6272.0,0.8548078905158938,0.0,0.301120332,0.0,0.0,0.0,0.7658153331907314,0.0,0.0,0.0,0.05442173566187893,0.0,0.08899255732516247,2.8626911725570108,0.0,0.0,0.0,0.0,0.2675096921223927
6273.0,0.8678658465228326,0.0,0.275829152,0.0,0.0,0.0,0.701494291466831,0.0,0.0,0.0,0.05442167388613413,0.0,0.16637155505600168,2.773698582575985,0.0,0.0,0.0,0.0,0.26750969517398276
6274.0,0.9140355069796395,0.0,0.257468224,0.0,0.0,0.0,0.6547984071317571,0.0,0.0,0.0,0.05442161211045945,0.0,0.2592370998478824,2.6073269958792937,0.0,0.0,1.1102230246251565e-16,0.0,0.2675096982255729
6275.0,0.9584000088739916,0.0,0.249227356,0.0,0.0,0.0,0.6338400645605858,0.0,0.0,0.0,0.0544215503348549,0.0,0.32455994431340573,2.348089866288589,0.0,0.0,0.0,0.0,0.26750970127716306
6276.0,0.9946252371077378,2.11e-06,0.21966162,0.0,0.0,2.233005802363919e-06,0.5586478853560636,0.0,0.0,0.0,0.05442148855932046,0.0,0.43597511874587175,2.0235298951895833,0.0,0.0,1.1102230246251565e-16,0.0,0.2675097043287533
6277.0,1.0425422396605863,0.092658558,0.147968603,0.0,0.0,0.09806023585434773,0.37631675103297924,0.0,0.0,0.05442136500846197,0.054421426783856156,0.0,0.5137438877647974,1.5875547533604963,0.0,0.0,5.551115123125783e-17,0.0,0.2675241368995537
6278.0,1.0981017225330092,0.393063336,0.16306863,0.0,0.0,0.41597758767038795,0.4147194458340531,0.0,0.0,0.0,0.0,0.0,0.26740468902856807,1.073810847485827,0.0,0.0,0.0,0.0,0.26750971043193383
6279.0,1.1556226825622633,0.622310423,0.178322187,0.0,0.0,0.6585889978343813,0.4535126012437609,0.0,0.0,0.0,0.0,0.0,0.043521083484120926,0.8064061462078689,0.0,0.0,0.0,0.0,0.2675097134835241
6280.0,1.2128010264942541,0.659283491,0.182275045,0.0,0.0,0.6977174695761804,0.4635655898487471,0.0,0.0,0.0,0.0,0.0,0.05151796706932669,0.7628850535247504,0.0,-1.1102230246251565e-16,5.551115123125783e-17,0.0,0.26750971653511446
6281.0,1.2640199916844757,0.650673251,0.192450612,0.0,0.0,0.6886052819554477,0.4894442981403865,0.0,0.0,0.0,0.0,0.0,0.0859704115886415,0.7113670777528888,0.0,-1.1102230246251565e-16,0.0,0.0,0.26750971958670483
6282.0,1.3038876573022498,0.632040819,0.205132763,0.0,0.0,0.6688866427288357,0.5216978016787664,0.0,0.0,0.0,0.0,0.0,0.11330321289464754,0.6253966580493986,0.0,0.0,1.1102230246251565e-16,0.0,0.2675097226382953
6283.0,1.3292262590454618,0.611117324,0.220104322,0.0,0.0,0.6467433793446022,0.559773774057708,0.0,0.0,0.0,0.0,0.0,0.12270910564315136,0.5120934380206011,0.0,0.0,0.0,0.0,0.26750972568988574
6284.0,1.3435818735207845,0.5899485,0.235532538,0.0,0.0,0.6243404851165357,0.5990111257772146,0.0,0.0,0.0,0.0,0.0,0.12023026262703415,0.389384326535795,0.0,0.0,0.0,0.0,0.2675097287414762
6285.0,1.342723191927019,0.559458882,0.255150496,0.0,0.0,0.5920734263933797,0.6489039142930421,0.0,0.0,0.0,0.0,0.0,0.1017458512405973,0.26915405946689813,0.0,0.0,0.0,0.0,0.26750973179306675
6286.0,1.319183324694438,0.509821159,0.281013343,0.0,0.0,0.5395419934667763,0.7146788311211955,0.0,0.0,0.0,0.0,0.0,0.0649625001064662,0.1674082051559528,0.0,0.0,0.0,0.0,0.2675097348446573
6287.0,1.2902579606830031,0.419189933,0.329309442,0.0,0.0,0.4436272761523898,0.8375064492426365,0.0,0.0,0.0,0.0,0.0,0.009124235287976965,0.10244570313979423,0.0,-5.551115123125783e-17,0.0,0.0,0.2675097378962479
6288.0,1.2621955609665496,0.236489312,0.41976624,0.0,0.0,0.2502758321768015,1.067558011817749,0.0,0.02114301747141923,0.0,0.0,0.03449526555658176,0.0,0.09332146668317816,0.0,0.0,0.0,0.0,0.13107977306444088
6289.0,1.209546173570255,0.02630269,0.481578343,0.0,0.0,0.027836047103212996,1.224759805332525,0.0,0.04304967886548297,0.0,0.01902871572427731,0.0,0.0,0.11022414574134791,0.0,0.0,2.220446049250313e-16,0.0,0.13107992185719256
6290.0,1.13986448343877,0.0,0.486396122,0.0,0.0,0.0,1.2370124785599321,0.0,0.09714799512116225,0.0,0.0577734051031459,0.0,0.0,0.110224144483977,0.0,0.0,0.0,0.0,0.13108007065011315
6291.0,1.0622255344483498,0.0,0.467573864,0.0,0.0,0.0,1.1891433304159538,0.0,0.1269177959676041,0.0,0.1452065351318666,0.0,0.0,0.11022414322660608,0.0,0.0,2.220446049250313e-16,0.0,0.13108021944320264
6292.0,0.9863360689045793,0.0,0.439063426,0.0,0.0,0.0,1.1166350064799146,0.0,0.13029893757533528,0.0,0.2594323866744161,0.0,0.0,0.11022414196923519,0.0,0.0,0.0,0.0,0.13108036823646105
6293.0,0.9259606885150024,0.0,0.415354557,0.0,0.0,0.0,1.0563381301706443,0.0,0.130377441655642,0.0,0.37670113600273275,0.0,0.0,0.1102241407118643,0.0,0.0,0.0,0.0,0.13108051702988835
6294.0,0.883664731307876,0.0,0.390166599,0.0,0.0,0.0,0.9922796047298442,0.0,0.10861487342196817,0.0,0.49404040588805004,0.0,0.0,0.11022413945449344,0.0,0.0,1.1102230246251565e-16,0.0,0.13108066582348452
6295.0,0.8572104858979511,0.0,0.369944614,0.0,0.0,0.0,0.9408506425017044,0.0,0.08364015660375312,0.0,0.5917932311677355,0.0,0.0,0.1102241381971226,0.0,0.0,0.0,0.0,0.13108081461724963
6296.0,0.8462253572794539,0.0,0.36167753,0.0,0.0,0.0,0.9198256268678355,0.0,0.07360026958838169,0.0,0.6670687003488628,0.0,0.0,0.11022413693975175,0.0,0.0,0.0,0.0,0.13108096341118364
6297.0,0.8611848326262027,0.0,0.351534147,0.0,0.0,0.0,0.8940287695774876,0.0,0.0328439369512848,0.0,0.7333081857687125,0.0,0.0,0.11022413568238093,0.0,0.0,0.0,0.0,0.13108111220528654
6298.0,0.9108577426775245,0.0,0.338788922,0.0,0.0,0.0,0.8616148549635588,0.0,0.0,0.04924288771396567,0.7628668966247479,0.0,0.0,0.11022413442501013,0.0,0.0,1.1102230246251565e-16,0.0,0.1456458455550648
6299.0,0.9560809261656421,0.0,0.324012633,0.0,0.0,0.0,0.824035497207479,0.0,0.0,0.13204542895816307,0.7136231429576819,0.0,0.0,0.11022413316763933,0.0,0.0,0.0,0.0,0.14564601088222112
6300.0,0.9892568711337469,1.1e-07,0.285914034,0.0,0.0,1.1641262476778724e-07,0.7271423678279423,0.0,0.0,0.26211438689317995,0.5815769039444806,0.0,0.0,0.11022413191026856,0.0,0.0,0.0,0.0,0.14564617620956513
6301.0,1.0374244117077192,0.065409543,0.222040908,0.0,0.0,0.0692226962317404,0.5646989388348328,0.0,0.0,0.2932786472456189,0.3194618568859096,0.0,0.11022412939552703,0.11022413065289778,0.0,0.0,0.0,0.0,0.2675097806185198
6302.0,1.092078103273003,0.377359183,0.262084003,0.0,0.0,0.399357936120525,0.6665373498638598,0.0,0.0,0.02618281728861798,0.026182847009553104,0.0,0.0,0.0,0.0,5.551115123125783e-17,1.1102230246251565e-16,0.0,0.14564650686481614
6303.0,1.1495005611742937,0.641083994,0.309899244,0.0,0.0,0.6784570039832397,0.6877303160264505,0.0,0.0,0.0,0.0,0.21668675883539654,0.0,0.0,0.0,0.0,0.10041172414443966,0.0,1.05e-08
6304.0,1.2023683663325937,0.69396556,0.343659887,0.0,0.0,0.7344213848913395,0.6846337402766509,0.0,0.0,0.0,0.0,0.21668675883539654,0.0,0.10617651182934432,0.0,0.0,0.1893690516277965,0.0,1.05e-08
6305.0,1.249657953157329,0.695158618,0.378439902,0.0,0.0,0.7356839941029777,0.730660717889748,0.0,0.0,0.0,0.0,0.21668675883539654,0.0,0.21235302244749069,0.0,0.0,0.23179531328518355,0.0,1.05e-08
6306.0,1.2860052383757252,0.686722939,0.416076141,0.0,0.0,0.7267565437930823,0.7759354534180397,0.0,0.0,0.0,0.0,0.21668675883539654,0.0,0.31852953185443916,0.0,-1.1102230246251565e-16,0.28223782381064233,0.0,1.05e-08
6307.0,1.3098084917330772,0.673006465,0.446805277,0.0,0.0,0.7122404461485449,0.8142548044199288,0.0,0.0,0.0,0.0,0.21668675883539654,0.0,0.42470604005018964,0.0,0.0,0.32206943447979464,0.0,1.05e-08
6308.0,1.324202650519342,0.666181453,0.464261296,0.0,0.0,0.705017559230439,0.8358718501242995,0.0,0.0,0.0,0.0,0.21668675883539654,0.0,0.5308825470347422,0.0,0.0,0.34484689019576875,0.0,1.05e-08
6309.0,1.3265966804989677,0.648823322,0.470729464,0.0,0.0,0.6866475084052291,0.8566359309291353,0.0,0.0,0.0,0.0,0.21668675883539654,0.0,0.637059052808097,0.0,-1.1102230246251565e-16,0.340532785382769,0.0,1.05e-08
6310.0,1.3071682064335437,0.617696237,0.479856459,0.0,0.0,0.6537058205305016,1.0074511503902248,0.0,0.1373020056517862,0.0,0.0,0.21668675883539654,0.0,0.7432355573702539,0.0,-1.1102230246251565e-16,0.2129295246443974,0.0,1.05e-08
6311.0,1.2842236346699574,0.52907361,0.492896976,0.0,0.0,0.5599167966860783,1.2342722440648946,0.0,0.2932786472456189,0.0,0.12357180508660759,0.21668675883539654,0.0,0.8494120607212129,0.0,-1.1102230246251565e-16,0.019273338184742306,0.0,1.05e-08
6312.0,1.261542449031142,0.334777721,0.510076016,0.0,0.0,0.3542941201398906,1.2972356650617693,0.0,0.1733005773351213,0.0,0.3875224473376015,0.21668675883539654,0.0,0.955588562860974,0.0,-5.551115123125783e-17,0.0,0.0,1.0500023837770588e-08
6313.0,1.2118845284340753,0.024567095,0.520744047,0.0,0.0,0.02599927283517802,1.3243668177823171,0.0,0.0,0.07820519665197675,0.543492527050855,0.21668675883539654,0.0,1.0617650637895373,0.0,-3.469446951953614e-18,2.220446049250313e-16,0.0,1.166670639630686e-08
6314.0,1.1446332712425502,0.0,0.491845483,0.0,0.0,0.0,1.2508714039342956,0.0,0.0,0.11044862614365117,0.4652867134642061,0.21668675883539654,0.0,1.1679415635069028,0.0,0.0,0.0,0.0,1.1666719639550327e-08
6315.0,1.0708102090353977,0.0,0.461901185,0.0,0.0,0.0,1.1747164581764895,0.0,0.0,0.11278050969430474,0.3548375591596478,0.21668675883539654,0.0,1.2741180620130705,0.0,0.0,0.0,0.0,1.1666732882808823e-08
6316.0,0.9995974532192681,0.0,0.443368388,0.0,0.0,0.0,1.127583473116181,0.0,0.0,0.08870073893848374,0.24205664667858456,0.21668675883539654,0.0,1.3802945593080405,0.0,0.0,0.0,0.0,1.1666746126082354e-08
6317.0,0.9404876110389566,0.0,0.43636334,0.0,0.0,0.0,1.1097680930237563,0.0,0.0,0.0474062768505969,0.1533556329743395,0.21668675883539654,0.0,1.4864710553918126,0.0,0.0,0.0,0.0,1.1666759369370917e-08
6318.0,0.8985385526303092,0.0,0.436552367,0.0,0.0,0.0,1.1102488303224487,0.0,0.0,0.004976481143257003,0.10594918204516293,0.21668675883539654,0.0,1.5926475502643869,0.0,0.0,2.220446049250313e-16,0.0,1.1666772612674513e-08
6319.0,0.8716389062939423,0.0,0.441424987,0.0,0.0,0.0,1.1226409762928904,0.0,0.03431531116355147,0.0,0.10097258063581091,0.21668675883539654,0.0,1.6988240439257634,0.0,0.0,0.0,0.0,1.0500107270393827e-08
6320.0,0.8598529125480926,0.0,0.446118837,0.0,0.0,0.0,1.1345784707749875,0.0,0.058038799391498405,0.0,0.1318562460660018,0.21668675883539654,0.0,1.8050005363759425,0.0,0.0,2.220446049250313e-16,0.0,1.0500119189394123e-08
6321.0,0.8761807109332859,0.0,0.446087249,0.0,0.0,0.0,1.1344981355329795,0.0,0.041630665764296984,0.0,0.18409101584436974,0.21668675883539654,0.0,1.9111770276149236,0.0,0.0,0.0,0.0,1.0500131108407949e-08
6322.0,0.9259521231125707,0.0,0.452397743,0.0,0.0,0.0,1.1505471118113666,0.0,0.007908229863399499,0.0,0.22155840606500224,0.21668675883539654,0.0,2.017353517642707,0.0,0.0,2.220446049250313e-16,0.0,1.0500143027435302e-08
6323.0,0.9705371841195359,0.0,0.459643098,0.0,0.0,0.0,1.1689736455381232,0.0,0.0,0.01825029741680913,0.2286755614444683,0.21668675883539654,0.0,2.123530006459293,0.0,0.0,2.220446049250313e-16,0.0,1.1666838829417986e-08
6324.0,1.005608224375627,0.0,0.448084661,0.0,0.0,0.0,1.1395779942264772,0.0,0.0,0.08271698898454641,0.2104250044511691,0.21668675883539654,0.0,2.2297064940646805,0.0,0.0,0.0,0.0,1.1666852072811778e-08
6325.0,1.0468463543824535,0.063446383,0.420207562,0.0,0.0,0.06714509070047558,1.0686803908754154,0.0,0.0,0.12770763164195895,0.1277077766068874,0.21668675883539654,0.0,2.335882980458871,0.0,0.0,2.220446049250313e-16,0.0,1.1666865316220604e-08
6326.0,1.090577016496869,0.438512823,0.431881125,0.0,0.0,0.46407662472510997,0.8431871506071554,0.0,0.0,0.0,0.0,0.21668675883539654,0.0,2.4420594656418637,0.0,0.0,0.25518168235714567,0.0,1.05e-08
6327.0,1.1311920134767983,0.715670919,0.450978109,0.0,0.0,0.7573920922796769,0.590486680032518,0.0,0.0,0.0,0.0,0.21668675883539654,0.0,2.5482359496136593,0.0,0.0,0.5564499898086969,0.0,1.05e-08
6328.0,1.1656185071999134,0.756324877,0.448445011,0.0,0.0,0.8004160373522167,0.5818892286830932,0.0,0.0,0.0,0.0,0.21668675883539654,0.0,2.654412432374256,0.0,0.0,0.5586052149690419,0.0,1.05e-08
6329.0,1.1964089875908241,0.75539187,0.430890332,0.0,0.0,0.799428639226792,0.6136671071994289,0.0,0.0,0.0,0.0,0.21668675883539654,0.0,2.760588913923656,0.0,-1.1102230246251565e-16,0.4821819209201499,0.0,1.05e-08
6330.0,1.2181458376115581,0.741775906,0.408609526,0.0,0.0,0.7850189109723946,0.64981368547456,0.0,0.0,0.0,0.0,0.21668675883539654,0.0,2.8667653942618583,0.0,0.0,0.389370345109588,0.0,1.05e-08
6331.0,1.2272101747347743,0.731066051,0.386066799,0.0,0.0,0.7736847079593728,0.6702122256107982,0.0,0.0,0.0,0.0,0.21668675883539654,0.0,2.972941873388863,0.0,-1.1102230246251565e-16,0.3116406846405898,0.0,1.05e-08
6332.0,1.2289211138704816,0.734019857,0.365573739,0.0,0.0,0.7768107107731441,0.9268040332551295,0.0,0.25800687132239536,0.0,0.0,0.21668675883539654,0.0,3.0791183513046705,0.0,0.0,0.00293051133240263,0.0,1.05e-08
6333.0,1.2189252892328315,0.73637568,0.348170987,0.0,0.0,0.7793038702178561,0.8854755128815107,0.0,0.2291673350311387,0.0,0.23220618419015585,0.21668675883539654,0.0,3.1852948280092797,0.0,0.0,1.1102230246251565e-16,0.0,1.050001191887853e-08
6334.0,1.191899303210599,0.713016343,0.335905869,0.0,0.0,0.7545827635541718,0.8542826161235674,0.0,0.20027931763174373,0.0,0.4384565221339748,0.21668675883539654,0.0,3.291471303502692,0.0,-1.1102230246251565e-16,1.1102230246251565e-16,0.0,1.0500023837770588e-08
6335.0,1.1652908805569056,0.6102563,0.343975531,0.0,0.0,0.645832160582529,0.8748055441245454,0.0,0.13866006531477235,0.0,0.6187074102973922,0.21668675883539654,0.0,3.3976477777849063,0.0,0.0,0.0,0.0,1.0500035756676175e-08
6336.0,1.143849536920061,0.355639825,0.414435996,0.0,0.0,0.3763724136382411,1.0540020272127377,0.0,0.06983814509552115,0.0,0.7435007667673446,0.21668675883539654,0.0,3.5038242508559234,0.0,0.0,0.0,0.0,1.0500047675595293e-08
6337.0,1.1024615123706818,0.026313297,0.474125711,0.0,0.0,0.027847272455130377,1.2058061205370796,0.0,0.0,0.08549487821386852,0.8063542533832884,0.21668675883539654,0.0,3.6100007227157427,0.0,0.0,0.0,0.0,1.1666732882808823e-08
6338.0,1.0509577475496106,0.0,0.475376385,0.0,0.0,0.0,1.2089868600097733,0.0,0.0,0.058657646375234046,0.7208584598525161,0.21668675883539654,0.0,3.7161771933643646,0.0,0.0,-2.220446049250313e-16,0.0,1.1666746126082354e-08
6339.0,0.9920663231313042,0.0,0.467459819,0.0,0.0,0.0,1.1888532888598302,0.0,0.0,0.019899793106870546,0.6621999952092186,0.21668675883539654,0.0,3.8223536628017896,0.0,0.0,0.0,0.0,1.1666759369370917e-08
6340.0,0.931877240244614,0.0,0.460138512,0.0,0.0,0.0,1.1702335924668394,0.0,0.021669593386828705,0.0,0.6422994504192675,0.21668675883539654,0.0,3.9285301310280167,0.0,0.0,-2.220446049250313e-16,0.0,1.050009535140706e-08
6341.0,0.8794783908694429,0.0,0.451909248,0.0,0.0,0.0,1.1493047614237248,0.0,0.05313961171888549,0.0,0.6618013553740382,0.21668675883539654,0.0,4.034706598043046,0.0,0.0,2.220446049250313e-16,0.0,1.0500107270393827e-08
6342.0,0.8409726242382894,0.0,0.444355605,0.0,0.0,0.0,1.1300941834052043,0.0,0.07243480033151829,0.0,0.7096262546904625,0.21668675883539654,0.0,4.1408830638468785,0.0,0.0,0.0,0.0,1.0500119189394123e-08
6343.0,0.8136596972345989,0.0,0.437010304,0.0,0.0,0.0,1.1114134649849643,0.0,0.08106700891496885,0.0,0.7748167694707786,0.21668675883539654,0.0,4.247059528439514,0.0,0.0,0.0,0.0,1.0500131108407949e-08
6344.0,0.7977109179070029,0.0,0.427424932,0.0,0.0,0.0,1.0870357525828103,0.0,0.07263807584041077,0.0,0.847776197976491,0.21668675883539654,0.0,4.3532359918209504,0.0,0.0,0.0,0.0,1.0500143027435302e-08
6345.0,0.794289039635588,0.0,0.418496958,0.0,0.0,0.0,1.0643299481022008,0.0,0.0533541496312164,0.0,0.913149503896665,0.21668675883539654,0.0,4.459412453991191,0.0,0.0,0.0,0.0,1.0500154946476186e-08
6346.0,0.8047281238490721,0.0,0.412357555,0.0,0.0,0.0,1.0487160939236755,0.0,0.027301211239206716,0.0,0.9611672020213635,0.21668675883539654,0.0,4.565588914950232,0.0,0.0,0.0,0.0,1.0500166865530601e-08
6347.0,0.8208846141856339,0.0,0.404966132,0.0,0.0,0.0,1.029918077097968,0.0,0.0,0.007653295923062594,0.9857372010869234,0.21668675883539654,0.0,4.6717653746980785,0.0,0.0,0.0,0.0,1.1666865316220604e-08
6348.0,0.8493131848560374,0.0,0.380974709,0.0,0.0,0.0,0.9689026037274591,0.0,0.0,0.09709733996397475,0.9780827862239918,0.21668675883539654,0.0,4.777941833234726,0.0,0.0,1.1102230246251565e-16,0.0,1.1666878559644462e-08
6349.0,0.8929774651016079,0.083394509,0.308985983,0.0,0.0,0.0882561243991896,0.7858194162804346,0.0,0.0,0.23558868325738025,0.8809843360089039,0.21668675883539654,0.0,4.884118290560177,0.0,0.0,0.0,0.0,1.1666891803083355e-08
6350.0,0.9327616180456743,0.479931379,0.300264529,0.0,0.0,0.5079097412528517,0.7636388376507669,0.0,0.12210020202254766,0.0,0.6453946527197744,0.21668675883539654,0.0,4.990294746674429,0.0,-1.1102230246251565e-16,0.0,0.0,1.0500214541883553e-08
6351.0,0.9699397472999334,0.738801976,0.279521452,0.0,0.0,0.7818716109980705,0.6980335423828784,0.0,0.2932786472456189,0.0,0.7552841019332351,0.21668675883539654,0.0,5.096471201577486,0.0,0.0,0.012851081300842337,0.0,1.05e-08
6352.0,1.0011820526691098,0.774117257,0.260032135,0.0,0.0,0.8192456524128157,0.6613189975671329,0.0,0.2626958384754422,0.0,1.0192340271086495,0.21668675883539654,0.0,5.2026476552693435,0.0,-1.1102230246251565e-16,0.0,0.0,1.050023838014121e-08
6353.0,1.0242208438594436,0.767035475,0.246137378,0.0,0.0,0.8117510266796041,0.6259815698654416,0.0,0.1968249938502056,0.0,1.2556591247734263,0.21668675883539654,0.0,5.308824107750006,0.0,0.0,0.0,0.0,1.0500250299290332e-08
6354.0,1.0402167329004133,0.754034119,0.235647668,0.0,0.0,0.7979917359750548,0.5993039267273352,0.0,0.14039217096658008,0.0,1.432800193902269,0.21668675883539654,0.0,5.41500055901947,0.0,-1.1102230246251565e-16,0.0,0.0,1.0500262218452982e-08
6355.0,1.0501868613307686,0.742304735,0.226803208,0.0,0.0,0.7855785688991522,0.5768105167446705,0.0,0.0955154654776577,0.0,1.559151521357707,0.21668675883539654,0.0,5.521177009077737,0.0,0.0,0.0,0.0,1.0500274137629165e-08
6356.0,1.0549513664333332,0.747044623,0.216574049,0.0,0.0,0.7905947762008371,0.5507955121921185,0.0,0.06975216312422576,0.0,1.6451136704479326,0.21668675883539654,0.0,5.627353457924806,0.0,0.0,0.0,0.0,1.0500286056818876e-08
6357.0,1.0563839299900144,0.75062074,0.20799409,0.0,0.0,0.7943793686230798,0.5289747865150898,0.0,0.05028346631275871,0.0,1.707888749841855,0.21668675883539654,0.0,5.733529905560678,0.0,1.1102230246251565e-16,0.0,0.0,1.0500297976022117e-08
6358.0,1.0485829897254557,0.727095286,0.198823487,0.0,0.0,0.769482460904954,0.5056519230426727,0.0,0.009864635386774416,0.0,1.7531419308475813,0.21668675883539654,0.0,5.839706351985353,0.0,0.0,0.0,0.0,1.0500309895238888e-08
6359.0,1.040364486092358,0.620951105,0.226132669,0.0,0.0,0.6571504362318895,0.5751051883655082,0.0,0.0,0.024795620330356826,1.7620181126516783,0.21668675883539654,0.0,5.945882797198831,0.0,0.0,1.1102230246251565e-16,0.0,0.019952582304420256
6360.0,1.0297904967905762,0.335567597,0.330326961,0.0,0.0,0.355130043216264,0.840094224192396,0.0,0.0,0.05125298821731271,1.7372204922017012,0.21668675883539654,0.0,6.052059241201112,0.0,5.551115123125783e-17,0.0,0.0,0.019952604953220713
6361.0,0.9999058077068048,0.023770747,0.411699991,0.0,0.0,0.025156500463281856,1.0470437638275654,0.0,0.0,0.14439230225135408,1.6859655320132914,0.21668675883539654,0.0,6.158235683992196,0.0,-3.469446951953614e-18,2.220446049250313e-16,0.0,0.019952627602046885
6362.0,0.9593871715042308,0.0,0.435656727,0.0,0.0,0.0,1.1079710205164377,0.0,0.0,0.06810290982318977,1.541571315971883,0.21668675883539654,0.0,6.264412125572082,0.0,0.0,0.0,0.0,0.019952650250898766
6363.0,0.9104701582174957,0.0,0.431094129,0.0,0.0,0.0,1.0963673287817148,0.0,0.0,0.03078958827117734,1.4734666562648453,0.21668675883539654,0.0,6.370588565940771,0.0,0.0,0.0,0.0,0.019952672899776355
6364.0,0.8589985136555428,0.0,0.412736566,0.0,0.0,0.0,1.0496800023828625,0.0,0.0,0.026005270108077037,1.4426753954174623,0.21668675883539654,0.0,6.4767650050982635,0.0,0.0,0.0,0.0,0.01995269554867965
6365.0,0.8129187899242675,0.0,0.39184369,0.0,0.0,0.0,0.9965448165620236,0.0,0.0,0.03306073219764034,1.4166684876852638,0.21668675883539654,0.0,6.582941443044558,0.0,0.0,1.1102230246251565e-16,0.0,0.019952718197608663
6366.0,0.7793938048070759,0.0,0.372968978,0.0,0.0,0.0,0.9485422663418045,0.0,0.0,0.04753829730066811,1.383606147384723,0.21668675883539654,0.0,6.689117879779657,0.0,0.0,-1.1102230246251565e-16,0.0,0.01995274084656338
6367.0,0.7553078931694819,0.0,0.357218944,0.0,0.0,0.0,0.9084864605602295,0.0,0.0,0.06350819144464905,1.3360662795112088,0.21668675883539654,0.0,6.795294315303558,0.0,0.0,0.0,0.0,0.019952763495543806
6368.0,0.7408644833192355,0.0,0.34790535,0.0,0.0,0.0,0.8847999394776438,0.0,0.0,0.0727513026769882,1.272556571457644,0.21668675883539654,0.0,6.90147074961626,0.0,0.0,1.1102230246251565e-16,0.0,0.019952786144549938
6369.0,0.7356288810829342,0.0,0.336019952,0.0,0.0,0.0,0.8545727543220614,0.0,0.0,0.09774288559626935,1.1998038242635147,0.21668675883539654,0.0,7.0076471827177675,0.0,0.0,1.1102230246251565e-16,0.0,0.019952808793581786
6370.0,0.7418901902604168,0.0,0.32787727,0.0,0.0,0.0,0.8338641203766918,0.0,0.0,0.12471282871912155,1.10205957673393,0.21668675883539654,0.0,7.113823614608077,0.0,0.0,0.0,0.0,0.01995283144263934
6371.0,0.754558420456719,0.0,0.324212975,0.0,0.0,0.0,0.8245450110435694,0.0,0.0,0.1467001682485462,0.9773454970339214,0.21668675883539654,0.0,7.220000045287191,0.0,0.0,0.0,0.0,0.019952854091722604
6372.0,0.7804966003701413,0.0,0.301901817,0.0,0.0,0.0,0.7678028216863889,0.0,0.0,0.22938053751914905,0.8306442193711812,0.21668675883539654,0.0,7.326176474755106,0.0,0.0,0.0,0.0,0.01995287674083158
6373.0,0.8226041187237729,0.072601346,0.221228372,0.0,0.0,0.07683375681394809,0.5626324808064541,0.0,0.0,0.23701427637333683,0.6012627389628594,0.05387639526996603,0.0,7.432352903011824,0.0,0.0,0.0,0.0,0.019952899389966264
6374.0,0.8636816474350074,0.456702149,0.130985568,0.0,0.0,0.48332632638344597,0.3331251521106094,0.0,0.0,0.04723016894095208,0.3642477800781497,0.0,0.0,7.458752251910285,0.0,0.0,0.0,0.0,0.019952922039126658
6375.0,0.9028983424679817,0.686825522,0.127849414,0.0,0.0,0.7268651070320509,0.3251492216761031,0.0,0.0,0.0,0.31701719766861497,0.1491159862401723,0.0,7.458752166825314,0.0,0.0,0.0,0.0,0.01995289984518768
6376.0,0.9372284754137415,0.739006004,0.145306785,0.0,0.0,0.7820875331344899,0.3695471615302582,0.0,0.0,0.0,0.31701683781288337,0.21440621925100642,0.0,7.53181891499803,0.0,-1.1102230246251565e-16,0.0,0.0,0.0199529000727984
6377.0,0.9648047885422031,0.738012881,0.161587826,0.0,0.0,0.7810365144513329,0.41095343507975385,0.0,0.010498402153486963,0.0,0.3170164779575603,0.21668675883539654,0.0,7.636877876512551,0.0,-1.1102230246251565e-16,0.0,0.0,0.017957690988085893
6378.0,0.9880341599366395,0.726007,0.184481916,0.0,0.0,0.7683307315435174,0.4691781489175713,0.0,0.03278796168905266,0.0,0.32646468004078394,0.21668675883539654,0.0,7.743054301224975,0.0,-1.1102230246251565e-16,0.0,0.0,0.017957711372422802
6379.0,1.0084647860865579,0.716299765,0.205365163,0.0,0.0,0.7580575978563562,0.5222888460703937,0.0,0.055194899004795496,0.0,0.35597347498107906,0.21668675883539654,0.0,7.849230724726201,0.0,0.0,0.0,0.0,0.01795773175678285
6380.0,1.0273236608902823,0.719947044,0.220547059,0.0,0.0,0.761917500780451,0.5608997517720619,0.0,0.07880683282683414,0.0,0.4056484800092244,0.21668675883539654,0.0,7.95540714701623,0.0,0.0,1.1102230246251565e-16,0.0,0.017957752141166038
6381.0,1.0430283262485782,0.720652049,0.23315696,0.0,0.0,0.7626636051670366,0.5929695076456611,0.0,0.09591802772872293,0.0,0.476574169089616,0.21668675883539654,0.0,8.061583568095063,0.0,0.0,0.0,0.0,0.017957772525572364
6382.0,1.047850647817556,0.69168313,0.247886195,0.0,0.0,0.7320058970081692,0.6304291967149784,0.0,0.09789768707019496,0.0,0.5628998530718301,0.21668675883539654,0.0,8.167759987962699,0.0,-1.1102230246251565e-16,0.0,0.0,0.01795779291000183
6383.0,1.049407409709495,0.561632804,0.303063804,0.0,0.0,0.5943740806302927,0.7707580105826614,0.0,0.09903792266806254,0.0,0.6510071324704952,0.21668675883539654,0.0,8.273936406619137,0.0,0.0,0.0,0.0,0.017957813294454433
6384.0,1.046574402855251,0.270839728,0.399848279,0.0,0.0,0.286628760253396,1.0169022495901257,0.0,0.04026984815287397,0.0,0.7401405238940253,0.21668675883539654,0.0,8.38011282406438,0.0,-5.551115123125783e-17,0.0,0.0,0.01795783367893018
6385.0,1.0160430258878956,0.019373479,0.457572837,0.0,0.0,0.020502886738850964,1.1637085157909006,0.0,0.0,0.0,0.776382547075899,0.16816837664185588,0.0,8.486289240298424,0.0,-3.469446951953614e-18,0.0,0.0,0.019952902121294927
6386.0,0.9693872788430967,0.0,0.472354048,0.0,0.0,0.0,1.201300391277168,0.0,0.015226353598674778,0.0,0.7763816657807783,0.21668675883539654,0.0,8.568691648046437,0.0,0.0,0.0,0.0,0.017957874447951085
6387.0,0.9117228483231138,0.0,0.463257347,0.0,0.0,0.0,1.1781654768694239,0.0,0.04975586971091357,0.0,0.7900845027254654,0.21668675883539654,0.0,8.674868062129288,0.0,0.0,0.0,0.0,0.017957894832496248
6388.0,0.8541033861658966,0.0,0.445965419,0.0,0.0,0.0,1.1341882950070243,0.0,0.06339815000573114,0.0,0.834863888616666,0.21668675883539654,0.0,8.781044475000943,0.0,0.0,0.0,0.0,0.017957915217064545
6389.0,0.8114669542121152,0.0,0.425725211,0.0,0.0,0.0,1.0827129876758352,0.0,0.05455927462832342,0.0,0.8919212759427781,0.21668675883539654,0.0,8.8872208866614,0.0,0.0,0.0,0.0,0.017957935601655983
6390.0,0.7825822758622303,0.0,0.409591067,0.0,0.0,0.0,1.0416803055548975,0.0,0.04241127085727064,0.0,0.9410236106616713,0.21668675883539654,0.0,8.99339729711066,0.0,0.0,0.0,0.0,0.017957955986270563
6391.0,0.7649246987495347,0.0,0.397572486,0.0,0.0,0.0,1.0111144066935918,0.0,0.029502949108660567,0.0,0.9791926862490836,0.21668675883539654,0.0,9.099573706348725,0.0,0.0,0.0,0.0,0.01795797637090828
6392.0,0.7626591498063827,0.0,0.388233197,0.0,0.0,0.0,0.9873625375660712,0.0,0.008016628924291943,0.0,1.0057442289358842,0.21668675883539654,0.0,9.205750114375592,0.0,0.0,1.1102230246251565e-16,0.0,0.01795799675556914
6393.0,0.7851154936313691,0.0,0.374143287,0.0,0.0,0.0,0.9515287927982904,0.0,0.0,0.0,1.0129580533173004,0.1664132991669213,0.0,9.311926521191262,0.0,0.0,1.1102230246251565e-16,0.0,0.01995290394218091
6394.0,0.8393687526329766,0.0,0.359050119,0.0,0.0,0.0,0.9131435419450744,0.0,0.0,0.0,1.0129569034782253,0.0737747893120979,0.0,9.393468931558182,0.0,0.0,1.1102230246251565e-16,0.0,0.01995290416979167
6395.0,0.8918339838769924,0.0,0.343542107,0.0,0.0,0.0,0.8737032514206011,0.0,0.0,0.01813073245639133,1.0129557536404554,0.0,0.0,9.429618471166053,0.0,0.0,0.0,0.0,0.019953397677433937
6396.0,0.92483433809525,0.0,0.298617607,0.0,0.0,0.0,0.7594503522310273,0.0,0.0,0.16538398586422268,0.9948238713475996,0.0,0.0,9.429618363598623,0.0,0.0,0.0,0.0,0.019953420327159955
6397.0,0.9554727825930002,0.066653358,0.216466036,0.0,0.0,0.07053902140333627,0.5505208113406864,0.0,0.0,0.2932786472456189,0.8294387562289558,0.0,0.04113430260335856,9.429618256031194,0.0,-1.3877787807814457e-17,0.0,0.0,0.04072021398494686
6398.0,0.9965438872524109,0.440240732,0.16923126,0.0,0.0,0.46590526492556356,0.43039237138987774,0.0,0.0,0.10024625093696964,0.5361591674625215,0.0,0.0,9.388483845860408,0.0,-5.551115123125783e-17,0.0,0.0,0.019953465626689117
6399.0,1.0256962344282825,0.704362543,0.189949023,0.0,0.0,0.745424476534031,0.4830822062789134,0.0,0.0,0.0,0.4359123079151961,0.2028104483846619,0.0,9.388483738762217,0.0,-1.1102230246251565e-16,5.551115123125783e-17,0.0,0.01995290530784551
6400.0,1.0529706171210311,0.74801775,0.205433058,0.0,0.0,0.7916246331854044,0.5224615180108823,0.0,0.04442877523985899,0.0,0.43591181309805804,0.21668675883539654,0.0,9.487860751372512,0.0,0.0,0.0,0.0,0.01795815983368901
6401.0,1.0765447459633384,0.739343643,0.203065532,0.0,0.0,0.7824448553364349,0.5164403778889733,0.0,0.005653728426673383,0.0,0.47589721599735474,0.21668675883539654,0.0,9.594037154970033,0.0,0.0,0.0,0.0,0.01795818021855812
6402.0,1.0958939900562703,0.722667641,0.201932653,0.0,0.0,0.7647966993050452,0.5135592170484301,0.0,0.0,0.0,0.480985031376154,0.18246192629720512,0.0,9.700213557356358,0.0,0.0,0.0,0.0,0.01995290599067784
6403.0,1.108891988246188,0.71146463,0.200608075,0.0,0.0,0.7529405909794781,0.5101905234246229,0.0,0.0,0.0,0.4809844853956153,0.154239126157913,0.0,9.789619790587771,0.0,0.0,0.0,0.0,0.019952906218288623
6404.0,1.1207272330560194,0.715497506,0.196434033,0.0,0.0,0.7572085698933236,0.4995750151866003,0.0,0.0,0.0,0.4809839394156964,0.1360563520239046,0.0,9.86519685073104,0.0,-1.1102230246251565e-16,5.551115123125783e-17,0.0,0.019952906445899407
6405.0,1.1292498084754383,0.720121131,0.18894118,0.0,0.0,0.762101736458705,0.4805190395285229,0.0,0.0,0.0,0.4809833934363973,0.11337096751178972,0.0,9.931864350686507,0.0,0.0,5.551115123125783e-17,0.0,0.01995290667351019
6406.0,1.1291341755426119,0.696978855,0.189477506,0.0,0.0,0.7376103447108817,0.48188303468508,0.0,0.0,0.0,0.4809828474577179,0.09035920385334989,0.0,9.987416011470533,0.0,0.0,0.0,0.0,0.019952906901120986
6407.0,1.129740177764646,0.567432509,0.228237526,0.0,0.0,0.6005118886478278,0.5804583033613228,0.0,0.0,0.0,0.48098230147965826,0.05123001424450446,0.0,10.031691907428227,0.0,-1.1102230246251565e-16,0.0,0.0,0.019952907128731778
6408.0,1.1186651124206173,0.288578563,0.318149859,0.0,0.0,0.30540170882314777,0.8091251715100699,0.0,0.0,0.0041382320873995515,0.4809817555022184,0.0,0.0,10.05679449997251,0.0,-5.551115123125783e-17,0.0,0.0,0.019953692125877564
6409.0,1.0831422471862604,0.017199476,0.388693545,0.0,0.0,0.018202146779914198,0.9885333039326667,0.0,0.0,0.07640679647367943,0.4768429774379987,0.0,0.0,10.056794385250633,0.0,0.0,1.1102230246251565e-16,0.0,0.019953714775937822
6410.0,1.0281116779139872,0.0,0.414381996,0.0,0.0,0.0,1.0538646933179534,0.0,0.0,0.0,0.4004356396855503,0.025753015403966163,0.0,10.056794270528757,0.0,0.0,0.0,0.0,0.019952907811564176
6411.0,0.9641516766067953,0.0,0.421046684,0.0,0.0,0.0,1.070814462957993,0.0,0.0,0.0,0.4004351851390426,0.10666278635119769,0.0,10.069413133354825,0.0,0.0,2.220446049250313e-16,0.0,0.019952908039174978
6412.0,0.9034743657815053,0.0,0.419069734,0.0,0.0,0.0,1.0657866436377375,0.0,0.0,0.0,0.4004347305930509,0.16231227785623217,0.0,10.121677783801088,0.0,0.0,0.0,0.0,0.019952908266785786
6413.0,0.8551740614698438,0.0,0.41108463,0.0,0.0,0.0,1.04547876525667,0.0,0.0,0.0,0.40043427604757514,0.19030470378682623,0.0,10.201210684488613,0.0,0.0,0.0,0.0,0.019952908494396595
6414.0,0.82181396034946,0.0,0.405515642,0.0,0.0,0.0,1.0313156020706147,0.0,0.0,0.0,0.4004338215026154,0.2095016417211546,0.0,10.294459872974867,0.0,0.0,0.0,0.0,0.019952908722007407
6415.0,0.800259125130397,0.0,0.394916078,0.0,0.0,0.0,1.004358576012552,0.0,0.0,0.0,0.40043336695817155,0.20409945088215492,0.0,10.397115559985211,0.0,0.0,0.0,0.0,0.019952908949618216
6416.0,0.795603828908835,0.0,0.384419596,0.0,0.0,0.0,0.9776637101867512,0.0,0.0,0.0,0.4004329124142438,0.1820598812779163,0.0,10.497124172313413,0.0,0.0,1.1102230246251565e-16,0.0,0.019952909177229035
6417.0,0.8165676513601192,0.0,0.369563178,0.0,0.0,0.0,0.9398805667333535,0.0,0.0,0.0,0.4004324578708319,0.12331291537323422,0.0,10.586333394394694,0.0,0.0,0.0,0.0,0.019952909404839854
6418.0,0.869317682234985,0.0,0.362097701,0.0,0.0,0.0,0.9208942142734912,0.0,0.0,0.0,0.400432003327936,0.05157653203850624,0.0,10.646756602165041,0.0,0.0,1.1102230246251565e-16,0.0,0.019952909632450676
6419.0,0.9213781982141087,0.0,0.356781396,0.0,0.0,0.0,0.9073736796158761,0.0,0.0,0.014004518598232641,0.40043154878555604,0.0,0.0,10.672028981412097,0.0,0.0,0.0,0.0,0.019953941277954454
6420.0,0.954080904697869,0.0,0.336330831,0.0,0.0,0.0,0.8553633880975549,0.0,0.0,0.09871751660031418,0.38642657564545946,0.0,0.0,10.672028859671995,0.0,0.0,0.0,0.0,0.019953963928297527
6421.0,0.9919528315490858,0.062976816,0.250704351,0.0,0.0,0.06664814954616347,0.6375963881888622,0.0,0.0,0.28770829381406016,0.28770862040074646,0.0,0.0,10.67202873793189,0.0,-1.3877787807814457e-17,0.0,0.0,0.019953986578666313
6422.0,1.0280624268500056,0.433563172,0.259132112,0.0,0.0,0.4588384259560691,0.6590300408266617,0.0,0.0,0.0,0.0,0.0898060399327252,0.0,10.672028616191792,0.0,-5.551115123125783e-17,0.0,0.0,0.01995291054289399
6423.0,1.0612769161290527,0.719155805,0.311815455,0.0,0.0,0.7610801352458271,0.5168835397186223,0.0,0.0,0.0,0.0,0.21668675883539654,0.0,10.716033454018726,0.0,-1.1102230246251565e-16,0.2761318471163142,0.0,1.05e-08
6424.0,1.096403631500949,0.760260244,0.330054458,0.0,0.0,0.8045808228239852,0.5085095675123604,0.0,0.0,0.0,0.0,0.21668675883539654,0.0,10.82220984360599,0.0,-1.1102230246251565e-16,0.3308916215257689,0.0,1.05e-08
6425.0,1.1278450824766597,0.754905457,0.334265074,0.0,0.0,0.7989138700081448,0.5456179713039112,0.0,0.0,0.0,0.0,0.21668675883539654,0.0,10.928386231982058,0.0,1.1102230246251565e-16,0.30449174171053406,0.0,1.05e-08
6426.0,1.1582415543557179,0.735483001,0.341780652,0.0,0.0,0.7783591510772644,0.59656916211385,0.0,0.0,0.0,0.0,0.21668675883539654,0.0,11.03456261914693,0.0,0.0,0.27265432123939437,0.0,1.05e-08
6427.0,1.1777621064972814,0.720335615,0.353060517,0.0,0.0,0.7623287241442568,0.8247782588264242,0.0,0.19265811763800292,0.0,0.0,0.21668675883539654,0.0,11.140739005100604,0.0,0.0,0.07313240588035785,0.0,1.05e-08
6428.0,1.1934046726879486,0.716181297,0.366873468,0.0,0.0,0.7579322235760745,0.9330400417307559,0.0,0.28088083378348544,0.0,0.17339230587420262,0.21668675883539654,0.0,11.246915389843082,0.0,-1.1102230246251565e-16,1.1102230246251565e-16,0.0,1.050001191887853e-08
6429.0,1.1989336399575312,0.704115666,0.372512828,0.0,0.0,0.7451632074470782,0.9473821764139182,0.0,0.2769249850680686,0.0,0.4261848594565313,0.21668675883539654,0.0,11.353091773374363,0.0,0.0,0.0,0.0,1.0500023837770588e-08
6430.0,1.1905845139373519,0.669867363,0.375626559,0.0,0.0,0.7089183452100558,0.9553010802202254,0.0,0.25694815265753285,0.0,0.6754168622425736,0.21668675883539654,0.0,11.459268155694447,0.0,-1.1102230246251565e-16,1.1102230246251565e-16,0.0,1.0500035756676175e-08
6431.0,1.1785351340667312,0.545059371,0.395413426,0.0,0.0,0.5768344730217193,1.0056234415292775,0.0,0.18723602164886907,0.0,0.9066694329484103,0.21668675883539654,0.0,11.565444536803335,0.0,1.1102230246251565e-16,0.0,0.0,1.0500047675595293e-08
6432.0,1.1620681478920247,0.276484471,0.473443826,0.0,0.0,0.29260257251493776,1.204071936780691,0.0,0.11791960256820744,0.0,1.075180823244719,0.21668675883539654,0.0,11.671620916701027,0.0,0.0,0.0,0.0,1.050005959452794e-08
6433.0,1.1208792689491798,0.013626379,0.526527074,0.0,0.0,0.014420750413369599,1.3390743292925529,0.0,0.015929051921346263,0.0,1.181307245086098,0.21668675883539654,0.0,11.777797295387524,0.0,0.0,0.0,0.0,1.0500071513474118e-08
6434.0,1.0634311148405942,0.0,0.516290621,0.0,0.0,0.0,1.313040774491324,0.0,0.03292290081533332,0.0,1.1956420508780163,0.21668675883539654,0.0,11.883973672862822,0.0,0.0,0.0,0.0,1.0500083432433824e-08
6435.0,0.9962633703227768,0.0,0.498550486,0.0,0.0,0.0,1.2679237034996729,0.0,0.054973574341499604,0.0,1.2252713044026553,0.21668675883539654,0.0,11.990150049126926,0.0,0.0,0.0,0.0,1.050009535140706e-08
6436.0,0.9295774296917356,0.0,0.482060661,0.0,0.0,0.0,1.2259864462485357,0.0,0.07972225772140347,0.0,1.274746130467789,0.21668675883539654,0.0,12.096326424179832,0.0,0.0,0.0,0.0,1.0500107270393827e-08
6437.0,0.8786561122360115,0.0,0.46796405,0.0,0.0,0.0,1.1901356593617003,0.0,0.09479278829029222,0.0,1.346494715414477,0.21668675883539654,0.0,12.202502798021541,0.0,0.0,0.0,0.0,1.0500119189394123e-08
6438.0,0.8413023922319051,0.0,0.45343169,0.0,0.0,0.0,1.153176666783784,0.0,0.09518751571648242,0.0,1.4318066964291938,0.21668675883539654,0.0,12.308679170652054,0.0,0.0,2.220446049250313e-16,0.0,1.0500131108407949e-08
6439.0,0.8191886645041817,0.0,0.449854944,0.0,0.0,0.0,1.1440802138424109,0.0,0.10820479050283265,0.0,1.5174738352872927,0.21668675883539654,0.0,12.414855542071374,0.0,0.0,2.220446049250313e-16,0.0,1.0500143027435302e-08
6440.0,0.8117817327514757,0.0,0.451865405,0.0,0.0,0.0,1.1491932590172615,0.0,0.12072476743038921,0.0,1.6148564242097676,0.21668675883539654,0.0,12.521031912279494,0.0,0.0,0.0,0.0,1.0500154946476186e-08
6441.0,0.8311930760120366,0.0,0.428854817,0.0,0.0,0.0,1.0906722651039888,0.0,0.04279243025655563,0.0,1.723506881825145,0.21668675883539654,0.0,12.627208281276419,0.0,0.0,0.0,0.0,1.0500166865530601e-08
6442.0,0.8834206173385761,0.0,0.404752609,0.0,0.0,0.0,1.0293750410754487,0.0,0.0,0.07073233509852385,1.7620181126516783,0.21668675883539654,0.0,12.733384649062147,0.0,0.0,2.220446049250313e-16,0.0,0.019952825409094817
6443.0,0.9323740335856454,0.0,0.393474112,0.0,0.0,0.0,1.0006913388472458,0.0,0.0,0.14836945357379616,1.691283777433534,0.21668675883539654,0.0,12.839561015636678,0.0,0.0,0.0,0.0,0.019952848058171234
6444.0,0.9633486701288351,0.0,0.371847753,0.0,0.0,0.0,0.9456907441903318,0.0,0.0,0.23434468477389983,1.5429124040327837,0.21668675883539654,0.0,12.945737381000013,0.0,0.0,0.0,0.0,0.019952870707273362
6445.0,0.9978201322147159,0.035540137,0.309809745,0.0,0.0,0.03761200575251592,0.7879144244996068,0.0,0.0,0.2932786472456189,1.3085659678527268,0.12098494528302571,0.0,13.051913745152152,0.0,0.0,0.0,0.0,0.019952915777943846
6446.0,1.0321759613677703,0.395414996,0.267131761,0.0,0.0,0.4184663414264009,0.6793749103466113,0.0,0.0,0.12148023260798611,1.0152858352146208,0.1871455230132279,0.0,13.111196219452436,0.0,-5.551115123125783e-17,0.0,0.0,0.019952916005554742
6447.0,1.0638765157670362,0.693672716,0.274933049,0.0,0.0,0.7341114690850895,0.6992153041498329,0.0,0.15276349863248959,0.0,0.8938044501252245,0.21668675883539654,0.0,13.202897376164255,0.0,0.0,0.0,0.0,0.017957644789260596
6448.0,1.0916626812550714,0.73720637,0.29406813,0.0,0.0,0.7801829866112047,0.7478800300895169,0.0,0.2197135766102536,0.0,1.0312905843102196,0.21668675883539654,0.0,13.30907373738287,0.0,1.1102230246251565e-16,0.0,0.0,0.01795766517354507
6449.0,1.1165494580200177,0.732153238,0.292400754,0.0,0.0,0.7748352742528584,0.7436395256422973,0.0,0.18523858303974128,0.0,1.2290316326105668,0.21668675883539654,0.0,13.415250097390285,0.0,0.0,0.0,0.0,0.01795768555785267
6450.0,1.1356010543784525,0.71810887,0.286352637,0.0,0.0,0.7599721675066337,0.7282578318696844,0.0,0.13594218616246923,0.0,1.395744962235657,0.21668675883539654,0.0,13.521426456186505,0.0,0.0,1.1102230246251565e-16,0.0,0.01795770594218342
6451.0,1.1491643691288542,0.704173924,0.27976038,0.0,0.0,0.7452248616897484,0.711492270217295,0.0,0.0908660039427927,0.0,1.5180913454299003,0.21668675883539654,0.0,13.62760281377153,0.0,0.0,1.1102230246251565e-16,0.0,0.017957726326537304
6452.0,1.1579182104139258,0.705065517,0.270231942,0.0,0.0,0.7461684315202446,0.6872593535182088,0.0,0.05882281578913109,0.0,1.5998690257473849,0.21668675883539654,0.0,13.733779170145358,0.0,0.0,0.0,0.0,0.01795774671091433
6453.0,1.1555884209525369,0.70205625,0.26596689,0.0,0.0,0.7429837345193622,0.6764123868030693,0.0,0.04712094153449789,0.0,1.6528077438982756,0.21668675883539654,0.0,13.839955525307989,0.0,-1.1102230246251565e-16,0.0,0.0,0.017957767095314492
6454.0,1.1449373430288712,0.685563488,0.267898265,0.0,0.0,0.7255295007549036,0.6813242988593473,0.0,0.045229697749983325,0.0,1.6952147151276695,0.21668675883539654,0.0,13.946131879259424,0.0,1.1102230246251565e-16,0.0,0.0,0.017957787479737794
6455.0,1.1370164871302706,0.576504403,0.30378463,0.0,0.0,0.6101126431219654,0.7725912298797315,0.0,0.029000627036029836,0.0,1.7359195188135748,0.21668675883539654,0.0,14.052308231999662,0.0,0.0,0.0,0.0,0.017957807864184234
6456.0,1.1233760837579845,0.282637353,0.372021733,0.0,0.0,0.2991141465468148,0.9461332136535647,0.0,0.0,0.0,1.7620181126516783,0.12187127644239502,0.0,14.158484583528706,0.0,-5.551115123125783e-17,0.0,0.0,0.019952918281663835
6457.0,1.0852835977941546,0.014292063,0.418746249,0.0,0.0,0.015125241519787053,1.0649639500274726,0.0,0.0,0.005194406246894964,1.7620161125320581,0.0,0.0,14.218201347473983,0.0,-1.734723475976807e-18,2.220446049250313e-16,0.0,0.022168962786944066
6458.0,1.0268482810553297,0.0,0.418871644,0.0,0.0,0.0,1.0652828571337036,0.0,0.0,0.0,1.7568197061678132,0.03843457607837391,0.0,14.218201185281272,0.0,0.0,0.0,0.0,0.01995291873688568
6459.0,0.9593700406993676,0.0,0.404970387,0.0,0.0,0.0,1.0299288985002328,0.0,0.0,0.0,1.7568177119490602,0.0705588578008653,0.0,14.237033965366967,0.0,0.0,0.0,0.0,0.019952918964496608
6460.0,0.8956348812060047,0.0,0.394043594,0.0,0.0,0.0,1.0021396570152004,0.0,0.0,0.0,1.7568157177325707,0.10650477580919576,0.0,14.271607643281847,0.0,0.0,0.0,0.0,0.019952919192107538
6461.0,0.8462788910446513,0.0,0.386715818,0.0,0.0,0.0,0.9835035085302583,0.0,0.0,0.0,1.7568137235183452,0.13722461748560708,0.0,14.323794820626416,0.0,0.0,1.1102230246251565e-16,0.0,0.01995291941971847
6462.0,0.8110643802978311,0.0,0.380702364,0.0,0.0,0.0,0.9682099704019956,0.0,0.0,0.0,1.7568117293063834,0.15714559010416448,0.0,14.391034719797107,0.0,0.0,1.1102230246251565e-16,0.0,0.01995291964732941
6463.0,0.7879399350831816,0.0,0.379822633,0.0,0.0,0.0,0.96597262068732,0.0,0.0,0.0,1.7568097350966851,0.17803268560413846,0.0,14.468035894783858,0.0,0.0,1.1102230246251565e-16,0.0,0.019952919874940345
6464.0,0.7802374969465862,0.0,0.381659538,0.0,0.0,0.0,0.9706442747243339,0.0,0.0,0.0,1.7568077408892502,0.19040677777774764,0.0,14.555271745687213,0.0,0.0,0.0,0.0,0.01995292010255129
6465.0,0.7948222359369536,0.0,0.37116619,0.0,0.0,0.0,0.9439573793508713,0.0,0.0,0.0,1.7568057466840794,0.1491351434139177,0.0,14.648570900760502,0.0,0.0,0.0,0.0,0.01995292033016223
6466.0,0.842559365038739,0.0,0.358424107,0.0,0.0,0.0,0.9115514555350428,0.0,0.0,0.0,1.7568037524811722,0.06899209049630385,0.0,14.721646953931213,0.0,0.0,1.1102230246251565e-16,0.0,0.019952920557773177
6467.0,0.8896305341014693,0.0,0.346027426,0.0,0.0,0.0,0.8800239650882199,0.0,0.0,0.009606569013249536,1.7568017582805286,0.0,0.0,14.755452910338686,0.0,0.0,0.0,0.0,0.022169214435062434
6468.0,0.9191875965422329,0.0,0.316483896,0.0,0.0,0.0,0.8048882606330972,0.0,0.0,0.1142993359091357,1.7471931950688993,0.0,0.0,14.755452742017331,0.0,0.0,1.1102230246251565e-16,0.0,0.022169239600031383
6469.0,0.9479587833098995,0.05344688,0.229767904,0.0,0.0,0.05656265078589957,0.5843503917174745,0.0,0.0,0.2932786472456189,1.6328918758683522,0.0,0.01376709356090643,14.75545257369598,0.0,0.0,0.0,0.0,0.04072024742980823
6470.0,0.9721324903224171,0.455630105,0.174276185,0.0,0.0,0.4821917858752045,0.4432227269295935,0.0,0.0,0.04671797751761904,1.339611375078178,0.0,0.0,14.741685311813725,0.0,5.551115123125783e-17,0.0,0.0,0.022169289930054976
6471.0,0.9947944038057613,0.73953051,0.203657101,0.0,0.0,0.7826426160450939,0.517944868163115,0.0,0.08910632156705107,0.0,1.2928918769274989,0.21668675883539654,0.0,14.741685143649422,0.0,0.0,0.0,0.0,0.01995238358559866
6472.0,1.016762519692148,0.769339714,0.21143191,0.0,0.0,0.8141895949530796,0.5377179200367073,0.0,0.11845823646224227,0.0,1.3730860987374884,0.21668675883539654,0.0,14.847861487314466,0.0,-1.1102230246251565e-16,0.0,0.0,0.019952406234173548
6473.0,1.039227428919566,0.759653319,0.205993423,0.0,0.0,0.8039385161668289,0.5238866496396007,0.0,0.07191097805146711,0.0,1.4796969529222834,0.21668675883539654,0.0,14.954037829768316,0.0,0.0,1.1102230246251565e-16,0.0,0.019952428882774143
6474.0,1.058394658210827,0.743215622,0.199539159,0.0,0.0,0.7865425575040327,0.5074720345824517,0.0,0.018933175040260788,0.0,1.5444151535202018,0.21668675883539654,0.0,15.06021417101097,0.0,0.0,0.0,0.0,0.01995245153140045
6475.0,1.0723027304091,0.731045096,0.196379407,0.0,0.0,0.7736625313543545,0.49943608923592464,0.0,0.0,0.0,1.561453257944463,0.2007958901811792,0.0,15.166390511042426,0.0,0.0,0.0,0.0,0.019952922606271812
6476.0,1.0834977113871707,0.736162867,0.199751158,0.0,0.0,0.7790786509459042,0.5080111947372734,0.0,0.0,0.0,1.5614514854920263,0.20359213429600703,0.0,15.264780324222121,0.0,0.0,1.1102230246251565e-16,0.0,0.019952922833882787
6477.0,1.09079971696009,0.741889096,0.204016216,0.0,0.0,0.7851386995632808,0.5188581767117347,0.0,0.0,0.0,1.5614497130416018,0.21319715931492536,0.0,15.36454029589571,0.0,0.0,0.0,0.0,0.019952923061493762
6478.0,1.088347870514051,0.723629287,0.205510182,0.0,0.0,0.7658144059864764,0.5226576613312776,0.0,0.0,0.0,1.561447940593189,0.200124196803703,0.0,15.469006728690564,0.0,0.0,0.0,0.0,0.019952923289104738
6479.0,1.0893971323119194,0.593476969,0.216739627,0.0,0.0,0.6280746518229156,0.551216613518611,0.0,0.0,0.0,1.5614461681467882,0.08989413302960715,0.0,15.567067408663231,0.0,-1.1102230246251565e-16,1.1102230246251565e-16,0.0,0.019952923516715716
6480.0,1.0813328059225897,0.255668533,0.288194105,0.0,0.0,0.2705731363369057,0.7329410906208074,0.0,0.0,0.07781857896487665,1.5614443957023993,0.0,0.0,15.611115356267973,0.0,-5.551115123125783e-17,0.0,0.0,0.022169541581886873
6481.0,1.0450904468839803,0.012790621,0.372019923,0.0,0.0,0.013536270572908906,0.9461286104248691,0.0,0.0,0.08542556588620247,1.4836240442951458,0.0,0.0,15.611115178185736,0.0,0.0,0.0,0.0,0.022169566747227174
6482.0,0.9934196567154934,0.0,0.402668061,0.0,0.0,0.0,1.0240735763401747,0.0,0.0,0.0,1.398196794302782,0.03065391962468132,0.0,15.6111150001035,0.0,0.0,0.0,0.0,0.019952924199548677
6483.0,0.9322005841864061,0.0,0.409233914,0.0,0.0,0.0,1.040771986804455,0.0,0.0,0.0,1.3981952071676549,0.10857140261804892,0.0,15.626135242637359,0.0,0.0,0.0,0.0,0.019952924427159666
6484.0,0.872431206018863,0.0,0.405984453,0.0,0.0,0.0,1.0325078917103871,0.0,0.0,0.0,1.3981936200343295,0.16007668569152414,0.0,15.679335051666628,0.0,0.0,0.0,0.0,0.01995292465477066
6485.0,0.8262251426017221,0.0,0.388032055,0.0,0.0,0.0,0.986850989153762,0.0,0.0,0.0,1.3981920329028055,0.16062584655203987,0.0,15.757772448795029,0.0,0.0,0.0,0.0,0.019952924882381658
6486.0,0.7927215709906094,0.0,0.364440632,0.0,0.0,0.0,0.9268528038927664,0.0,0.0,0.0,1.398190445773083,0.134131232902157,0.0,15.836478933850314,0.0,0.0,1.1102230246251565e-16,0.0,0.019952925109992654
6487.0,0.7729547635291381,0.0,0.346786088,0.0,0.0,0.0,0.8819534096675686,0.0,0.0,0.0,1.3981888586451623,0.10899864613843059,0.0,15.902203057319321,0.0,0.0,1.1102230246251565e-16,0.0,0.019952925337603657
6488.0,0.7672759017170026,0.0,0.334843256,0.0,0.0,0.0,0.8515801571987818,0.0,0.0,0.0,1.3981872715190433,0.08430425548177915,0.0,15.95561221252436,0.0,0.0,0.0,0.0,0.019952925565214656
6489.0,0.7852354092654112,0.0,0.316797319,0.0,0.0,0.0,0.8056853643609673,0.0,0.0,0.0,1.3981856843947258,0.020449955095556003,0.0,15.996921115698381,0.0,0.0,0.0,0.0,0.019952925792825666
6490.0,0.832520713388931,0.0,0.303109375,0.0,0.0,0.0,0.770873907673758,0.0,0.0,0.06164680571517293,1.3981840972722097,0.0,0.0,16.006941411211926,0.0,0.0,0.0,0.0,0.022169793236575364
6491.0,0.8799237917958849,0.0,0.294179836,0.0,0.0,0.0,0.7481641230534201,0.0,0.0,0.13175966874246486,1.3365357044363224,0.0,0.0,16.00694122861434,0.0,0.0,0.0,0.0,0.022169818402201325
6492.0,0.9114316246404401,0.0,0.270593148,0.0,0.0,0.0,0.6881779799404208,0.0,0.0,0.22325364470001927,1.2047745185520835,0.0,0.0,16.00694104601676,0.0,0.0,1.1102230246251565e-16,0.0,0.02216984356785585
6493.0,0.9431321790397059,0.050462415,0.202679676,0.0,0.0,0.053404201657012346,0.5154590610870126,0.0,0.0,0.2932786472456189,0.981519506276365,0.0,0.0809902690500622,16.006940863419178,0.0,-6.938893903907228e-18,0.0,0.0,0.040720258578101465
6494.0,0.9702052747753123,0.428930244,0.195983135,0.0,0.0,0.453935414057522,0.49842828225159197,0.0,0.0,0.017841578466198212,0.6882397448785089,0.0,0.0,15.92595041177154,0.0,0.0,5.551115123125783e-17,0.0,0.02216989389925061
6495.0,0.993002093346954,0.682549003,0.196961783,0.0,0.0,0.7223392815624208,0.5009171996860894,0.0,0.019275139739955652,0.0,0.6703973851707291,0.21097924816160052,0.0,15.925950230097854,0.0,0.0,0.0,0.0,0.019952927158491753
6496.0,1.013321369265262,0.727168132,0.186388772,0.0,0.0,0.7695595535782616,0.4740277037559565,0.0,0.23026588806895604,0.0,0.6877442499485054,0.0,0.0,16.02932988002335,0.0,0.0,5.551115123125783e-17,0.0,0.01995294980768367
6497.0,1.0365293271536193,0.725344232,0.177347333,0.0,0.0,0.7676293264299529,0.45103333278698227,0.0,0.1821333320633157,0.0,0.8949827685314354,0.0,0.0,16.029329697170372,0.0,-1.1102230246251565e-16,0.0,0.0,0.019952972456901294
6498.0,1.05578863452102,0.7123171,0.175928744,0.0,0.0,0.7538427570725308,0.44742554848201643,0.0,0.14547967103352727,0.0,1.0589017514666295,0.0,0.0,16.0293295143174,0.0,-1.1102230246251565e-16,0.0,0.0,0.01995299510614463
6499.0,1.0687523711012112,0.699139582,0.181352679,0.0,0.0,0.7398970347243057,0.46121980993769873,0.0,0.1323644735607932,0.0,1.189832253405659,0.0,0.0,16.029329331464425,0.0,-1.1102230246251565e-16,0.0,0.0,0.019953017755413673
6500.0,1.0817161076814028,0.700288774,0.190323842,0.0,0.0,0.7411132206977796,0.4840354535587126,0.0,0.14343256657508935,0.0,1.308958928996087,0.0,0.0,16.029329148611453,0.0,0.0,0.0,0.0,0.019953040404708428
6501.0,1.085840348952207,0.703567654,0.197948884,0.0,0.0,0.7445832482168578,0.5034276149615611,0.0,0.16217051422621181,0.0,1.4380467530751184,0.0,0.0,16.02932896575848,0.0,0.0,0.0,0.0,0.019953063054028896
6502.0,1.073373405713047,0.676807158,0.198186076,0.0,0.0,0.7162627065855135,0.5040308464647403,0.0,0.14692014733720665,0.0,1.5839985835086983,0.0,0.0,16.029328782905516,0.0,0.0,0.0,0.0,0.01995308570337507
6503.0,1.0629643004080733,0.553154627,0.207786224,0.0,0.0,0.5854016548319664,0.5284461374896595,0.0,0.050883491913552625,0.0,1.7162249180678721,0.0,0.0,16.029328600052548,0.0,0.0,1.1102230246251565e-16,0.0,0.01995310835274695
6504.0,1.0470305105347326,0.221866396,0.265796543,0.0,0.0,0.23480045005572084,0.6759791568590909,0.0,0.0,0.13625090361992084,1.7620181126516783,0.0,0.0,16.029328417199586,0.0,-2.7755575615628914e-17,1.1102230246251565e-16,0.0,0.040719851865058034
6505.0,1.0144498610356223,0.014803815,0.293189925,0.0,0.0,0.015666826915697638,0.7456465613289791,0.0,0.0,0.25313647279094553,1.6257652089121373,0.0,0.0,16.029328234346625,0.0,0.0,0.0,0.0,0.04071989808743595
6506.0,0.9719568995725697,0.0,0.275986446,0.0,0.0,0.0,0.7018943247565753,0.0,0.0,0.2700625748159943,1.3726268906663301,0.0,0.0,16.029328051493668,0.0,0.0,1.1102230246251565e-16,0.0,0.040719944309866335
6507.0,0.9178364043086518,0.0,0.259827844,0.0,0.0,0.0,0.6607994405541814,0.0,0.0,0.2570369637544704,1.1025627577403734,0.0,0.0,16.029327868640706,0.0,0.0,0.0,0.0,0.04071999053234919
6508.0,0.8628251071918497,0.0,0.253921764,0.0,0.0,0.0,0.6457789781595958,0.0,0.0,0.21704612903225387,0.8455245424338397,0.0,0.0,16.029327685787752,0.0,0.0,0.0,0.0,0.0407200367548845
6509.0,0.8167753623690849,0.0,0.250741338,0.0,0.0,0.0,0.6376904542771286,0.0,0.0,0.17908490809195626,0.628477453621312,0.0,0.0,16.0293275029348,0.0,0.0,0.0,0.0,0.040720082977472295
6510.0,0.7842718014918588,0.0,0.249128921,0.0,0.0,0.0,0.6335897226729359,0.0,0.0,0.15068207881892282,0.44939183212574385,0.0,0.0,16.02932732008185,0.0,0.0,1.1102230246251565e-16,0.0,0.04072012920011256
6511.0,0.7607726199208279,0.0,0.247092203,0.0,0.0,0.0,0.6284099001633568,0.0,0.0,0.13236271975747113,0.2987092431886706,0.0,0.0,16.0293271372289,0.0,0.0,-1.1102230246251565e-16,0.0,0.04072017542280528
6512.0,0.7494512992568912,0.0,0.242089273,0.0,0.0,0.0,0.6156863471590385,0.0,0.0,0.13376495209785277,0.16634618435737622,0.0,0.0,16.029326954375954,0.0,0.0,0.0,0.0,0.040720221645550475
6513.0,0.7500016263631201,0.0,0.234317235,0.0,0.0,0.0,0.595920342548825,0.0,0.0,0.03258100645125939,0.032581043434979216,0.0,0.12150027736303573,16.029326771523007,0.0,0.0,0.0,0.0,0.04072026786834815
6514.0,0.7625135379650458,0.0,0.224391326,0.0,0.0,0.0,0.5706765695442977,0.0,0.0,0.0,0.0,0.0,0.19183696842074816,15.90782631130703,0.0,0.0,1.1102230246251565e-16,0.0,0.040720268332860535
6515.0,0.7838007043581221,0.0,0.217384122,0.0,0.0,0.0,0.552855706268963,0.0,0.0,0.0,0.0,0.0,0.2309449980891591,15.715989161419344,0.0,0.0,0.0,0.0,0.04072026879737292
6516.0,0.812280667443115,0.0,0.203871659,0.0,0.0,0.0,0.5184905364186174,0.0,0.0,0.0,0.0,0.0,0.2937901310244976,15.48504398405161,0.0,0.0,0.0,0.0,0.04072026926188533
6517.0,0.8495080477613557,0.037386585,0.166990861,0.0,0.0,0.039566095372308936,0.42469454323171413,0.0,0.0,0.0,0.0,0.0,0.3852474091573327,15.191253676383022,0.0,0.0,0.0,0.0,0.04072026972639774
6518.0,0.8847054277033126,0.368342083,0.143514574,0.0,0.0,0.389815169949674,0.3649891741801609,0.0,0.0,0.0,0.0,0.0,0.1299010835734777,14.80600609393298,0.0,0.0,0.0,0.0,0.04072027019091014
6519.0,0.9166179758127599,0.631657051,0.151837833,0.0,0.0,0.668480502363546,0.3861570552129095,0.0,0.0,0.0,0.0,0.1380195817636955,0.0,14.676104841461468,0.0,-1.1102230246251565e-16,0.0,0.0,0.019952932621157056
6520.0,0.9441600273314952,0.705009263,0.17236732,0.0,0.0,0.7461088981039384,0.4383680627616783,0.0,0.023630174698725057,0.0,0.0,0.21668675883539654,0.0,14.743734269109481,0.0,0.0,5.551115123125783e-17,0.0,0.01995286558415823
6521.0,0.9652780270265477,0.703356112,0.174832201,0.0,0.0,0.7443593740398704,0.4446367980933414,0.0,0.007031386271267409,0.0,0.02126715722885255,0.21668675883539654,0.0,14.84991061275115,0.0,-1.1102230246251565e-16,-5.551115123125783e-17,0.0,0.019952888233280248
6522.0,0.9828884944258697,0.69119833,0.172958892,0.0,0.0,0.7314928348219198,0.43987256066548086,0.0,0.0,0.0,0.027595380732005032,0.18847690106153095,0.0,14.956086955181624,0.0,-1.1102230246251565e-16,0.0,0.0,0.01995293330399032
6523.0,0.9987130754182078,0.683346494,0.170872407,0.0,0.0,0.723183263567318,0.43456616971253625,0.0,0.10429033110694773,0.0,0.027595349407660504,0.054746026754698744,0.0,15.048440466091707,0.0,0.0,0.0,0.0,0.01995293353160142
6524.0,1.011559037714965,0.690452325,0.167780974,0.0,0.0,0.7307033402751935,0.4267039746318938,0.0,0.1458482771921223,0.0,0.12145661607960448,0.0,0.0,15.07526584753793,0.0,0.0,0.0,0.0,0.019952956180800566
6525.0,1.0184327731663054,0.698452716,0.16641326,0.0,0.0,0.7391701267795443,0.4232255766583567,0.0,0.1439629302715955,0.0,0.25271992768346596,0.0,0.0,15.075265675568343,0.0,-1.1102230246251565e-16,0.0,0.0,0.01995297883002543
6526.0,1.0124005885038676,0.680624688,0.168292364,0.0,0.0,0.7203027855621478,0.4280045520477038,0.0,0.13590674910598405,0.0,0.3822862780579304,0.0,0.0,15.075265503598756,0.0,0.0,0.0,0.0,0.019953001479276
6527.0,1.008000113004645,0.564582271,0.196675786,0.0,0.0,0.5974954914951651,0.5001898463174482,0.0,0.08968522480796834,0.0,0.5046019183086933,0.0,0.0,15.075265331629172,0.0,0.0,0.0,0.0,0.019953024128552273
6528.0,0.9986723897566578,0.236250254,0.307827572,0.0,0.0,0.2500228379108766,0.782873321939861,0.0,0.034223770094079814,0.0,0.5853180478470892,0.0,0.0,15.07526515965959,0.0,0.0,1.1102230246251565e-16,0.0,0.019953046777854266
6529.0,0.9705029225098096,0.014051886,0.374711021,0.0,0.0,0.014871063019979298,0.9529726654172064,0.0,0.0,0.0026591940726238355,0.6161187765196854,0.0,0.0,15.07526498769001,0.0,-1.734723475976807e-18,1.1102230246251565e-16,0.0,0.022170077141313294
6530.0,0.9330035906643663,0.0,0.379392083,0.0,0.0,0.0,0.9648776371984427,0.0,0.03187404653407633,0.0,0.6134588830721548,0.0,0.0,15.075264815720432,0.0,0.0,0.0,0.0,0.01995309207653537
6531.0,0.8867225799759489,0.0,0.376032284,0.0,0.0,0.0,0.9563329282658062,0.0,0.06961034828985713,0.0,0.6421448285972415,0.0,0.0,15.075264643750856,0.0,0.0,0.0,0.0,0.01995311472591449
6532.0,0.8378312628965086,0.0,0.370435833,0.0,0.0,0.0,0.9420999206213718,0.0,0.10426865772486324,0.0,0.7047934131402537,0.0,0.0,15.075264471781281,0.0,0.0,0.0,0.0,0.019953137375319317
6533.0,0.794672341394401,0.0,0.361866371,0.0,0.0,0.0,0.920305891127557,0.0,0.12563354973315602,0.0,0.7986344050604836,0.0,0.0,15.075264299811709,0.0,0.0,1.1102230246251565e-16,0.0,0.01995316002474986
6534.0,0.7632137596138273,0.0,0.355063108,0.0,0.0,0.0,0.9030036947380778,0.0,0.13978993512425056,0.0,0.9117036932664517,0.0,0.0,15.07526412784214,0.0,0.0,0.0,0.0,0.019953182674206107
6535.0,0.7413441458554039,0.0,0.342312234,0.0,0.0,0.0,0.8705754134728225,0.0,0.12923126761741874,0.0,1.037513599976064,0.0,0.0,15.07526395587257,0.0,0.0,1.1102230246251565e-16,0.0,0.019953205323688064
6536.0,0.7287615696834175,0.0,0.327269385,0.0,0.0,0.0,0.8323181349205631,0.0,0.10355656523714553,0.0,1.153820563118928,0.0,0.0,15.075263783903004,0.0,0.0,1.1102230246251565e-16,0.0,0.019953227973195733
6537.0,0.7254895859545551,0.0,0.306033233,0.0,0.0,0.0,0.7783099226170213,0.0,0.05282033666246604,0.0,1.2470201620960233,0.0,0.0,15.075263611933439,0.0,0.0,0.0,0.0,0.019953250622729114
6538.0,0.732637414283706,0.0,0.284072068,0.0,0.0,0.0,0.722457842553123,0.0,0.0,0.010179571730582997,1.294557049562246,0.0,0.0,15.075263439963877,0.0,0.0,0.0,0.0,0.02217030363587578
6539.0,0.7468174380091814,0.0,0.267376796,0.0,0.0,0.0,0.6799980883263979,0.0,0.0,0.0668193496827836,1.2843760083411193,0.0,0.0,15.075263267994316,0.0,0.0,0.0,0.0,0.022170328802081113
6540.0,0.775969785185053,0.0,0.245728735,0.0,0.0,0.0,0.6249423007031021,0.0,0.0,0.15102748448195089,1.2175552007245973,0.0,0.0,15.075263096024758,0.0,0.0,0.0,0.0,0.022170353968315015
6541.0,0.8169766493262269,0.043814645,0.185727716,0.0,0.0,0.046368889342898234,0.4723464927346504,0.0,0.0,0.2932786472456189,1.0665263341592115,0.0,0.0049826200030593844,15.0752629240552,0.0,-6.938893903907228e-18,5.551115123125783e-17,0.0,0.04072028087469707
6542.0,0.851687942680192,0.400909927,0.171214466,0.0,0.0,0.4242816081593816,0.43543610109616626,0.0,0.008029766575355845,0.0,0.7732464762675549,0.0,0.0,15.070280132082585,0.0,-5.551115123125783e-17,5.551115123125783e-17,0.0,0.01995336387078166
6543.0,0.8907547431706138,0.637235533,0.173998317,0.0,0.0,0.6743841908348173,0.442516047398558,0.0,0.2261454950627615,0.0,0.7804723884501027,0.0,0.0,15.070279960169874,0.0,0.0,0.0,0.0,0.019953386520469303
6544.0,0.9288258156283647,0.696099741,0.170644692,0.0,0.0,0.7366799813635172,0.43398704030789165,0.0,0.2418412060430441,0.0,0.9840024480689658,0.0,0.0,15.07027978825716,0.0,-1.1102230246251565e-16,5.551115123125783e-17,0.0,0.019953409170182655
6545.0,0.9610360114723093,0.692277914,0.165205151,0.0,0.0,0.7326353548864408,0.4201530893566167,0.0,0.19175243277074816,0.0,1.2016584165370066,0.0,0.0,15.07027961634445,0.0,0.0,0.0,0.0,0.019953431819921718
6546.0,0.9887750672469708,0.675312087,0.163173077,0.0,0.0,0.7146804780462026,0.41498507756198894,0.0,0.14089048836122078,0.0,1.3742342419921616,0.0,0.0,15.070279444431742,0.0,0.0,5.551115123125783e-17,0.0,0.01995345446968649
6547.0,1.0117688900745387,0.659110301,0.16351878,0.0,0.0,0.6975341831899664,0.4158642764402966,0.0,0.10162956955572433,0.0,1.5010341215827452,0.0,0.0,15.070279272519038,0.0,0.0,5.551115123125783e-17,0.0,0.019953477119476974
6548.0,1.0322937356512045,0.651060441,0.165318209,0.0,0.0,0.6890150438116645,0.4204406207543301,0.0,0.07716192891479004,0.0,1.5924990303140347,0.0,0.0,15.070279100606331,0.0,0.0,0.0,0.0,0.019953499769293163
6549.0,1.047120447260264,0.635308144,0.171731596,0.0,0.0,0.6723444416308304,0.4367512765963477,0.0,0.061975270966914096,0.0,1.6619429586439214,0.0,0.0,15.07027892869363,0.0,0.0,5.551115123125783e-17,0.0,0.01995352241913507
6550.0,1.0481868398629954,0.587262047,0.187130085,0.0,0.0,0.6214974210706693,0.4759130260067755,0.0,0.049223607214449405,0.0,1.7177188159928336,0.0,0.0,15.07027875678093,0.0,0.0,5.551115123125783e-17,0.0,0.01995354506900268
6551.0,1.0473410063728772,0.434098963,0.221698062,0.0,0.0,0.4594054517436778,0.5638270059368473,0.0,0.0,0.024108548692352134,1.7620181126516783,0.0,0.0,15.070278584868232,0.0,-5.551115123125783e-17,0.0,0.0,0.04071964490822293
6552.0,1.0404458574154578,0.149872832,0.312220506,0.0,0.0,0.15860990685910561,0.7940455207500526,0.0,0.0,0.08779042980629949,1.737907563839706,0.0,0.0,15.070278412955535,0.0,0.0,1.1102230246251565e-16,0.0,0.04071969113036592
6553.0,1.0069380031031294,0.005427417,0.346187744,0.0,0.0,0.005743816897084632,0.8804316890760722,0.0,0.0,0.12076249712997258,1.6501151612823937,0.0,0.0,15.070278241042843,0.0,0.0,0.0,0.0,0.04071973735256138
6554.0,0.9591965913001282,0.0,0.327523416,0.0,0.0,0.0,0.8329641917099325,0.0,0.0,0.12623239959019578,1.529350791057198,0.0,0.0,15.070278069130149,0.0,0.0,0.0,0.0,0.0407197835748093
6555.0,0.9017227409842479,0.0,0.313145886,0.0,0.0,0.0,0.7963989659270061,0.0,0.0,0.1053237750572418,1.4031166554550385,0.0,0.0,15.070277897217458,0.0,0.0,0.0,0.0,0.040719829797109704
6556.0,0.8472253680133405,0.0,0.306078321,0.0,0.0,0.0,0.7784245913327255,0.0,0.0,0.06880077668061498,1.2977912876779878,0.0,0.0,15.07027772530477,0.0,0.0,1.1102230246251565e-16,0.0,0.04071987601946257
6557.0,0.8047345479008958,0.0,0.30201141,0.0,0.0,0.0,0.7680815408258536,0.0,0.0,0.036653007075042356,1.2289890378355484,0.0,0.0,15.070277553392083,0.0,0.0,0.0,0.0,0.040719922241867906
6558.0,0.7745714832380981,0.0,0.298375133,0.0,0.0,0.0,0.7588336874383621,0.0,0.0,0.015737795799736137,1.1923346356981794,0.0,0.0,15.070277381479398,0.0,0.0,-1.1102230246251565e-16,0.0,0.040719968464325705
6559.0,0.7574599505304156,0.0,0.292501948,0.0,0.0,0.0,0.7438968842746825,0.0,0.0,0.013563066255733097,1.1765954864436283,0.0,0.0,15.070277209566717,0.0,0.0,1.1102230246251565e-16,0.0,0.04072001468683598
6560.0,0.7552158150933425,0.0,0.281678033,0.0,0.0,0.0,0.7163692842049764,0.0,0.0,0.03884653088836611,1.1630310845990608,0.0,0.0,15.070277037654035,0.0,0.0,0.0,0.0,0.04072006090939872
6561.0,0.7784173489298761,0.0,0.259973709,0.0,0.0,0.0,0.6611704073794168,0.0,0.0,0.11724694155045931,1.1241832335192194,0.0,0.0,15.070276865741357,0.0,0.0,0.0,0.0,0.04072010713201393
6562.0,0.8329746797178046,0.0,0.237581277,0.0,0.0,0.0,0.6042215203377048,0.0,0.0,0.22875315938009966,1.0069350158746464,0.0,0.0,15.07027669382868,0.0,0.0,1.1102230246251565e-16,0.0,0.040720153354681606
6563.0,0.8869217255824832,0.0,0.224824361,0.0,0.0,0.0,0.5717778729355554,0.0,0.0,0.2932786472456189,0.7781807134924023,0.0,0.0218652054013088,15.070276521916005,0.0,0.0,1.1102230246251565e-16,0.0,0.04072029109397414
6564.0,0.9193589045908644,0.0,0.213811096,0.0,0.0,0.0,0.5437687141070084,0.0,0.0,0.2932786472456189,0.48490118291050993,0.0,0.08231154323823718,15.048411144602023,0.0,0.0,0.0,0.0,0.04072029155848679
6565.0,0.9551965483645818,0.03592776,0.160736182,0.0,0.0,0.038022225851155604,0.40878751679290803,0.0,0.0,0.1916217677231472,0.19162198523901133,0.0,0.316765037997371,14.966099429700542,0.0,-6.938893903907228e-18,0.0,0.0,0.04072029202299945
6566.0,0.9925695405241594,0.222499876,0.141287284,0.0,0.0,0.23547085977879265,0.3593246850965663,0.0,0.0,0.0,0.0,0.0,0.39777399564880034,14.649334220978886,0.0,0.0,5.551115123125783e-17,0.0,0.04072029248751211
6567.0,1.0279981863317689,0.422744252,0.137740306,0.0,0.0,0.4473887998255899,0.3503039387363033,0.0,0.0,0.0,0.0,0.0,0.23030544776987577,14.25156005821927,0.0,0.0,0.0,0.0,0.040720292952024784
6568.0,1.063336895413847,0.516937897,0.136017077,0.0,0.0,0.5470736130155459,0.345921387807132,0.0,0.0,0.0,0.0,0.0,0.17034189459116894,14.021254447876148,0.0,0.0,5.551115123125783e-17,0.0,0.04072029341653746
6569.0,1.0997419970986562,0.546340155,0.143071173,0.0,0.0,0.5781899223599065,0.3638615077675451,0.0,0.0,0.0,0.0,0.0,0.1576905669712046,13.850912393338922,0.0,0.0,0.0,0.0,0.04072029388105014
6570.0,1.1292819287345566,0.545490373,0.154081899,0.0,0.0,0.5772906009680846,0.39186420935981703,0.0,0.0,0.0,0.0,0.0,0.16012711840665503,13.693221668364819,0.0,0.0,0.0,0.0,0.040720294345562826
6571.0,1.15006373638417,0.536083417,0.165149964,0.0,0.0,0.567335251522311,0.42001273665936745,0.0,0.0,0.0,0.0,0.0,0.1627157482024915,13.533094393754105,0.0,0.0,0.0,0.0,0.040720294810075525
6572.0,1.1658561971173895,0.523622679,0.173784201,0.0,0.0,0.5541480950030047,0.44197150324641654,0.0,0.0,0.0,0.0,0.0,0.1697365988679682,13.370378491174193,0.0,0.0,5.551115123125783e-17,0.0,0.04072029527458822
6573.0,1.1688690774226969,0.495936015,0.179808272,0.0,0.0,0.5248473929366064,0.45729204274432605,0.0,0.0,0.0,0.0,0.0,0.18672964174176435,13.200641739784968,0.0,0.0,0.0,0.0,0.04072029573910092
6574.0,1.1580616809046547,0.443473993,0.189302966,0.0,0.0,0.46932701401255733,0.48143914101849383,0.0,0.0,0.0,0.0,0.0,0.20729552587360361,13.013911947458203,0.0,0.0,5.551115123125783e-17,0.0,0.04072029620361363
6575.0,1.1503271225089409,0.324312217,0.223490794,0.0,0.0,0.34321851295663813,0.5683863183047072,0.0,0.0,0.0,0.0,0.0,0.23872229124759564,12.806616273129702,0.0,-5.551115123125783e-17,0.0,0.0,0.04072029666812634
6576.0,1.1335710540021688,0.132039603,0.323096398,0.0,0.0,0.13973706144115086,0.8217053097799293,0.0,0.0,0.0,0.0,0.0,0.17212868278108878,12.56789383579191,0.0,0.0,0.0,0.0,0.04072029713263906
6577.0,1.090658387819969,0.006198726,0.376074133,0.0,0.0,0.0065600905806938795,0.9564393594910435,0.0,0.0,0.0,0.0,0.0,0.12765893774823137,12.39576500964383,0.0,-8.673617379884035e-19,1.1102230246251565e-16,0.0,0.04072029759715179
6578.0,1.0331395691413228,0.0,0.368803674,0.0,0.0,0.0,0.9379489807625342,0.0,0.0,0.0,0.0,0.0,0.09519058837878862,12.268105930492148,0.0,0.0,0.0,0.0,0.040720298061664516
6579.0,0.9684450845756233,0.0,0.363490019,0.0,0.0,0.0,0.9244351856386446,0.0,0.0,0.0,0.0,0.0,0.04400989893697876,12.172915202166168,0.0,0.0,0.0,0.0,0.04072029852617726
6580.0,0.9046670980701024,0.0,0.35676777,0.0,0.0,0.0,0.9073390256964255,0.0,0.002671927626323164,0.0,0.0,0.0,0.0,12.128905164367875,0.0,0.0,1.1102230246251565e-16,0.0,0.036647980815171934
6581.0,0.8528849576700048,0.0,0.346630696,0.0,0.0,0.0,0.8815582135827851,0.0,0.02867325591278011,0.0,0.002404734863690848,0.0,0.0,12.128905026008601,0.0,0.0,0.0,0.0,0.03664802241544162
6582.0,0.8166104783722771,0.0,0.336868902,0.0,0.0,0.0,0.8567318211734898,0.0,0.040121342801212614,0.0,0.028210662455506262,0.0,0.0,12.12890488764933,0.0,0.0,0.0,0.0,0.03664806401575853
6583.0,0.7952119617475903,0.0,0.330592608,0.0,0.0,0.0,0.8407698230284657,0.0,0.04555786128087542,0.0,0.06431983895382834,0.0,0.0,12.12890474929006,0.0,0.0,1.1102230246251565e-16,0.0,0.03664810561612266
6584.0,0.789023458490776,0.0,0.323268178,0.0,0.0,0.0,0.8221421841585598,0.0,0.0331187256677838,0.0,0.10532184109523743,0.0,0.0,12.128904610930793,0.0,0.0,1.1102230246251565e-16,0.0,0.036648147216534005
6585.0,0.8084283776995134,0.0,0.311847241,0.0,0.0,0.0,0.793096225634559,0.0,0.0,0.01533215206495448,0.13512857464226136,0.0,0.0,12.128904472571525,0.0,0.0,0.0,0.0,0.04072020979665842
6586.0,0.8597565517707373,0.0,0.297893327,0.0,0.0,0.0,0.7576083486511316,0.0,0.0,0.10214820311960576,0.11979626918880795,0.0,0.0,12.12890433421226,0.0,0.0,0.0,0.0,0.04072025601944263
6587.0,0.9121554011459084,0.0,0.280081472,0.0,0.0,0.0,0.7123088779014447,0.0,0.0,0.017647910052168266,0.017647930084863143,0.0,0.18219861319229547,12.128904195852998,0.0,0.0,0.0,0.0,0.04072030224227932
6588.0,0.9426353856986744,0.0,0.248997485,0.0,0.0,0.0,0.6332554519730309,0.0,0.0,0.0,0.0,0.0,0.3093799337256435,11.94670544430144,0.0,0.0,0.0,0.0,0.04072030270679209
6589.0,0.9798327871084046,0.028609759,0.185824236,0.0,0.0,0.03027761035603476,0.472591964355476,0.0,0.0,0.0,0.0,0.0,0.4769632123968938,11.637325374294948,0.0,0.0,0.0,0.0,0.04072030317130488
6590.0,1.0197090181286104,0.216627507,0.150556316,0.0,0.0,0.2292561516979291,0.3828978751973116,0.0,0.0,0.0,0.0,0.0,0.40755499123336963,11.160362029146428,0.0,2.7755575615628914e-17,0.0,0.0,0.040720303635817676
6591.0,1.0587458397105216,0.401478358,0.149799321,0.0,0.0,0.42488317674764864,0.3809726701661591,0.0,0.0,0.0,0.0,0.0,0.2528899927967138,10.752806910602345,0.0,0.0,5.551115123125783e-17,0.0,0.04072030410033047
6592.0,1.0973329776647751,0.500297904,0.177247784,0.0,0.0,0.5294635651860221,0.4507801577519474,0.0,0.0,0.0,0.0,0.0,0.11708925472680558,10.49991679514406,0.0,0.0,0.0,0.0,0.040720304564843275
6593.0,1.132273395533785,0.536694845,0.200347894,0.0,0.0,0.5679823236890066,0.5095288258305697,0.0,0.0,0.0,0.0,0.0,0.05476224601420856,10.382827420640504,0.0,0.0,0.0,0.0,0.040720305029356085
6594.0,1.1601623458509989,0.544223194,0.225430516,0.0,0.0,0.5759495497549879,0.5733194586206105,0.0,0.0,0.0,0.0,0.0,0.010893337475400316,10.328065056185231,0.0,0.0,0.0,0.0,0.040720305493868895
6595.0,1.177383087439684,0.542573991,0.24900406,0.0,0.0,0.5742042038458526,0.633272173646331,0.0,0.0,0.0,0.0,0.03009329005249949,0.0,10.317171600893461,0.0,-1.1102230246251565e-16,1.1102230246251565e-16,0.0,0.019952949919607044
6596.0,1.1865395026390397,0.539165591,0.2696306,0.0,0.0,0.5705971057525931,0.6857300083523314,0.0,0.0,0.0,0.0,0.06978761146588483,0.0,10.331917195327081,0.0,0.0,0.0,0.0,0.019952950147218325
6597.0,1.1852675403779505,0.517114587,0.288409215,0.0,0.0,0.5472606034398206,0.7334881627339008,0.0,0.0,0.0,0.0,0.09548122579577113,0.0,10.366113007085053,0.0,0.0,1.1102230246251565e-16,0.0,0.019952950374829616
6598.0,1.17264856124563,0.475656284,0.313214587,0.0,0.0,0.5033854227975639,0.7965736877030353,0.0,0.0,0.0,0.0,0.12731054925496918,0.0,10.412898689474583,0.0,0.0,1.1102230246251565e-16,0.0,0.019952950602440903
6599.0,1.1621816394742432,0.375638949,0.36245203,0.0,0.0,0.3975374183463906,0.9217953509698805,0.0,0.0,0.0,0.0,0.15715112984202798,0.0,10.475280739825417,0.0,0.0,0.0,0.0,0.019952950830052194
6600.0,1.144494083453037,0.168767212,0.449420356,0.0,0.0,0.17860576476056,1.142974960830068,0.0,0.0,0.0,0.0,0.17708664213759107,0.0,10.552284673952293,0.0,-2.7755575615628914e-17,0.0,0.0,0.019952951057663485
6601.0,1.1031403205133843,0.005638488,0.4866931,0.0,0.0,0.005967192616378828,1.2377677590303997,0.0,0.0,0.0,0.0,0.14059463113339415,0.0,10.63905700822558,0.0,0.0,0.0,0.0,0.019952951285274783
6602.0,1.0437670922083018,0.0,0.489245158,0.0,0.0,0.0,1.2442582046758703,0.0,0.0,0.0,0.0,0.20049111246756857,0.0,10.707948256116962,0.0,0.0,0.0,0.0,0.019952951512886084
6603.0,0.9760811408433739,0.0,0.494738772,0.0,0.0,0.0,1.1927678996787705,0.0,0.0,0.0,0.0,0.21668675883539654,0.0,10.806188779076223,0.0,0.0,0.06546177549823917,0.0,1.05e-08
6604.0,0.9136543465714343,0.0,0.499529938,0.0,0.0,0.0,1.1303411054068309,0.0,0.0,0.0,0.0,0.21668675883539654,0.0,10.912365167635048,0.0,0.0,0.14007356027643958,0.0,1.05e-08
6605.0,0.8627737147772603,0.0,0.505131936,0.0,0.0,0.0,1.079460473612657,0.0,0.0,0.0,0.0,0.21668675883539654,0.0,11.01854155498268,0.0,0.0,0.2052013069579064,0.0,1.05e-08
6606.0,0.82586111299838,0.0,0.509531633,0.0,0.0,0.0,1.0425478718337766,0.0,0.0,0.0,0.0,0.21668675883539654,0.0,11.124717941119112,0.0,0.0,0.25330330734569007,0.0,1.05e-08
6607.0,0.8046617419802274,0.0,0.506581207,0.0,0.0,0.0,1.021348500815624,0.0,0.0,0.0,0.0,0.21668675883539654,0.0,11.23089432604435,0.0,0.0,0.2669990951443455,0.0,1.05e-08
6608.0,0.7959164660975875,0.0,0.502825907,0.0,0.0,0.0,1.0126032249329842,0.0,0.0,0.0,0.0,0.21668675883539654,0.0,11.337070709758388,0.0,0.0,0.2661938159328472,0.0,1.05e-08
6609.0,0.8151372291540459,0.0,0.499999209,0.0,0.0,0.0,1.0318239879894424,0.0,0.0,0.0,0.0,0.21668675883539654,0.0,11.443247092261233,0.0,0.0,0.23978413721492653,0.0,1.05e-08
6610.0,0.8666409939751172,0.0,0.495836718,0.0,0.0,0.0,1.0833277528105139,0.0,0.0,0.0,0.0,0.21668675883539654,0.0,11.54942347355288,0.0,0.0,0.17769424089321495,0.0,1.05e-08
6611.0,0.917405992836465,0.0,0.499025693,0.0,0.0,0.0,1.1520911404477243,0.0,0.017998388775862822,0.0,0.0,0.21668675883539654,0.0,11.65559985363333,0.0,0.0,0.11704111912859227,0.0,1.05e-08
6612.0,0.9498110515857279,0.0,0.490061307,0.0,0.0,0.0,1.2463338513590982,0.0,0.07983604093797371,0.0,0.01619854989827654,0.21668675883539654,0.0,11.761776232502584,0.0,0.0,0.0,0.0,1.050001191887853e-08
6613.0,0.990916417854865,0.032850093,0.426540783,0.0,0.0,0.03476514136359922,1.084787166920965,0.0,0.0,0.08805086840569723,0.08805096835499293,0.21668675883539654,0.0,11.867952610160643,0.0,-6.938893903907228e-18,2.220446049250313e-16,0.0,1.166669315307843e-08
6614.0,1.0390711103251897,0.34013207,0.435123185,0.0,0.0,0.35996060942182495,0.8957972597387613,0.0,0.0,0.0,0.0,0.21668675883539654,0.0,11.974128986607504,0.0,0.0,0.21081684594636152,0.0,1.05e-08
6615.0,1.0832321839117918,0.593143338,0.514329021,0.0,0.0,0.6277215712736981,0.6721973714734902,0.0,0.0,0.0,0.0,0.21668675883539654,0.0,12.080305361843168,0.0,0.0,0.6358546221287807,0.0,1.05e-08
6616.0,1.125027065076671,0.680622888,0.562379069,0.0,0.0,0.7203008806282881,0.6214129432837794,0.0,0.0,0.0,0.0,0.21668675883539654,0.0,12.186481735867636,0.0,-1.1102230246251565e-16,0.808840906548348,0.0,1.05e-08
6617.0,1.1643829478991583,0.679744241,0.583456745,0.0,0.0,0.7193710115054303,0.6616986952291244,0.0,0.0,0.0,0.0,0.21668675883539654,0.0,12.29265810868091,0.0,0.0,0.8221603275304368,0.0,1.05e-08
6618.0,1.1980000110924895,0.657034774,0.593839057,0.0,0.0,0.6953376600459081,0.719349109881978,0.0,0.0,0.0,0.0,0.21668675883539654,0.0,12.398834480282986,0.0,-1.1102230246251565e-16,0.7909144192447257,0.0,1.05e-08
6619.0,1.2232829377198964,0.64421123,0.59476966,0.0,0.0,0.6817665471744062,0.7582031493808868,0.0,0.0,0.0,0.0,0.21668675883539654,0.0,12.505010850673866,0.0,0.0,0.7544271081622603,0.0,1.05e-08
6620.0,1.2386599764351844,0.644726677,0.588741219,0.0,0.0,0.6823120429762124,0.7730346922943685,0.0,0.0,0.0,0.0,0.21668675883539654,0.0,12.611187219853548,0.0,-1.1102230246251565e-16,0.7242639118782728,0.0,1.05e-08
6621.0,1.2416771394417074,0.636071001,0.58045488,0.0,0.0,0.6731517705916712,0.785212127685433,0.0,0.0,0.0,0.0,0.21668675883539654,0.0,12.717363587822035,0.0,-1.1102230246251565e-16,0.6910124911469678,0.0,1.05e-08
6622.0,1.224625564551046,0.589357326,0.573968273,0.0,0.0,0.6237148476889496,0.8175974756974927,0.0,0.0,0.0,0.0,0.21668675883539654,0.0,12.823539954579326,0.0,0.0,0.6421302727044439,0.0,1.05e-08
6623.0,1.2052527656014271,0.443680914,0.596877563,0.0,0.0,0.469545997801008,0.9523935266358158,0.0,0.0,0.0,0.0,0.21668675883539654,0.0,12.92971632012542,0.0,0.0,0.5655975925521001,0.0,1.05e-08
6624.0,1.1817428772773566,0.139621654,0.669726074,0.0,0.0,0.14776112015054382,1.2506685159622095,0.0,0.0,0.0,0.0,0.21668675883539654,0.0,13.035892684460318,0.0,0.0,0.45259241331582545,0.0,1.05e-08
6625.0,1.1385132912051885,0.002159065,0.691694911,0.0,0.0,0.0022849311244932955,1.3529151189160917,0.0,0.0,0.0,0.0,0.21668675883539654,0.0,13.14206904758402,0.0,4.336808689942018e-19,0.40621740201178214,0.0,1.05e-08
6626.0,1.0772085646517855,0.0,0.671821387,0.0,0.0,0.0,1.3354604234182759,0.0,0.041565099931093676,0.0,0.0,0.21668675883539654,0.0,13.248245409496525,0.0,0.0,0.37312934836128075,0.0,1.05e-08
6627.0,1.0061564101312481,0.0,0.641570362,0.0,0.0,0.0,1.5161218162122636,0.0,0.2932786472456189,0.0,0.03740858993798431,0.21668675883539654,0.0,13.354421770197835,0.0,0.0,0.11553293548457,0.0,1.05e-08
6628.0,0.9401792565514198,0.0,0.612164027,0.0,0.0,0.0,1.4501446626324352,0.0,0.2932786472456189,0.0,0.30135932999542864,0.21668675883539654,0.0,13.460598129687947,0.0,0.0,0.10672330171473798,0.0,1.05e-08
6629.0,0.8845983601729179,0.0,0.588881801,0.0,0.0,0.0,1.3945637662539334,0.0,0.2932786472456189,0.0,0.5653097704344694,0.21668675883539654,0.0,13.566774487966866,0.0,0.0,0.10309236891123685,0.0,1.05e-08
6630.0,0.8463773931726144,0.0,0.566953312,0.0,0.0,0.0,1.3563427992536299,0.0,0.2932786472456189,0.0,0.8292599112554466,0.21668675883539654,0.0,13.672950845034586,0.0,0.0,0.0855443581133084,0.0,1.05e-08
6631.0,0.8208953209386733,0.0,0.54092806,0.0,0.0,0.0,1.3308607270196888,0.0,0.2932786472456189,0.0,1.0932097524587008,0.21668675883539654,0.0,13.779127200891109,0.0,0.0,0.04483848183053252,0.0,1.05e-08
6632.0,0.8126811000067912,0.0,0.514752956,0.0,0.0,0.0,1.3091301536890372,0.0,0.27976229484684956,0.0,1.3571592940445714,0.21668675883539654,0.0,13.885303555536437,0.0,0.0,0.0,0.0,1.0500071513474118e-08
6633.0,0.8286705649959372,0.0,0.476499218,0.0,0.0,0.0,1.2118424716594458,0.0,0.16648514782811222,0.0,1.6089438188545067,0.21668675883539654,0.0,13.99147990897057,0.0,0.0,2.220446049250313e-16,0.0,1.0500083432433824e-08
6634.0,0.8797546250978613,0.0,0.432539424,0.0,0.0,0.0,1.1000430323273123,0.0,0.0036016483940544764,0.0,1.7587786255394104,0.21668675883539654,0.0,14.097656261193507,0.0,0.0,2.220446049250313e-16,0.0,1.050009535140706e-08
6635.0,0.9262925978592259,0.0,0.395773298,0.0,0.0,0.0,1.0065386752956442,0.0,0.0,0.0,1.7620181126516783,0.08024607743641834,0.0,14.203832612205247,0.0,0.0,2.220446049250313e-16,0.0,0.01995295902406043
6636.0,0.9560273924004448,0.0,0.353149334,0.0,0.0,0.0,0.8981365459018384,0.0,0.0,0.05789084649860628,1.7620161125320581,0.0,0.0,14.243153028120291,0.0,0.0,1.1102230246251565e-16,0.0,0.022169107701883663
6637.0,0.9937451420078932,0.0316732,0.302216191,0.0,0.0,0.033519639516318894,0.7686023440167392,0.0,0.0,0.19162315847483508,1.704123265916102,0.0,0.0,14.243152865642948,0.0,0.0,0.0,0.0,0.02216913286673145
6638.0,1.0368226921869008,0.282190446,0.272139593,0.0,0.0,0.29864118639320475,0.6921109302167117,0.0,0.0,0.046070575576984484,1.512498173039824,0.0,0.0,14.243152703165606,0.0,0.0,0.0,0.0,0.02216915803160781
6639.0,1.0760565180247383,0.512789939,0.255271549,0.0,0.0,0.5426838432136682,0.6492117787368443,0.0,0.0,0.0,1.4664258805807884,0.1158391039257743,0.0,14.243152540688264,0.0,0.0,0.0,0.0,0.019952959934505996
6640.0,1.113121155696779,0.604278245,0.238979577,0.0,0.0,0.639505605368382,0.6077777052465358,0.0,0.0,0.0,1.4664242159967786,0.1341621549181388,0.0,14.299913539134554,0.0,-1.1102230246251565e-16,1.1102230246251565e-16,0.0,0.01995296016211739
6641.0,1.1469887569112338,0.625238411,0.229742615,0.0,0.0,0.6616876775468231,0.5842860762199709,0.0,0.0,0.0,1.4664225514146583,0.09898499685556003,0.0,14.36565283191961,0.0,-1.1102230246251565e-16,0.0,0.0,0.019952960389728793
6642.0,1.1724151540293695,0.625432455,0.231109127,0.0,0.0,0.6618930336500999,0.5877614172427389,0.0,0.0,0.0,1.4664208868344275,0.07723929686346927,0.0,14.414155316504084,0.0,-1.1102230246251565e-16,0.0,0.0,0.0199529606173402
6643.0,1.1881476569455682,0.623824024,0.241766934,0.0,0.0,0.6601908366094827,0.6148665680792074,0.0,0.0,0.0,1.4664192222560861,0.08690974774312211,0.0,14.452002407539148,0.0,0.0,1.1102230246251565e-16,0.0,0.019952960844951604
6644.0,1.1953404536374848,0.629381081,0.258984565,0.0,0.0,0.6660718510763391,0.6586547963049257,0.0,0.0,0.0,1.4664175576796346,0.12938619374378008,0.0,14.494588019073506,0.0,0.0,1.1102230246251565e-16,0.0,0.019952961072563013
6645.0,1.1903425413186597,0.626215132,0.278927284,0.0,0.0,0.6627213380493305,0.7093735235800874,0.0,0.0,0.0,1.4664158931050724,0.18175232031075828,0.0,14.557987088662394,0.0,0.0,0.0,0.0,0.019952961300174422
6646.0,1.1735779074094561,0.594810453,0.297779897,0.0,0.0,0.6294858733913323,0.7573198711754764,0.0,0.0,0.0,1.4664142285323993,0.2132278371573526,0.0,14.647045559545885,0.0,-1.1102230246251565e-16,0.0,0.0,0.019952961527785838
6647.0,1.1589760376142255,0.46946857,0.327962202,0.0,0.0,0.4968369861789059,0.8340801211609846,0.0,0.0,0.0,1.4664125639616161,0.17194106972566503,0.0,14.75152703266828,0.0,0.0,1.1102230246251565e-16,0.0,0.019952961755397253
6648.0,1.1401300109141488,0.160939744,0.384436887,0.0,0.0,0.17032198207723398,0.9777076850085054,0.0,0.0,0.0,1.4664108993927227,0.007899656171590623,0.0,14.835777988557286,0.0,0.0,0.0,0.0,0.019952961983008676
6649.0,1.0998148030193247,0.0038685,0.405859149,0.0,0.0,0.004094020353765318,1.0321892160372008,0.0,0.0,0.06353156662835846,1.4664092348257183,0.0,0.0,14.839648650843712,0.0,0.0,2.220446049250313e-16,0.0,0.022169434847133056
6650.0,1.042325963249189,0.0,0.388124204,0.0,0.0,0.0,0.9870853443587707,0.0,0.0,0.05524061889041823,1.4028760036322452,0.0,0.0,14.839648481561902,0.0,0.0,1.1102230246251565e-16,0.0,0.0221694600123522
6651.0,0.9773680925587184,0.0,0.372507838,0.0,0.0,0.0,0.947369485744752,0.0,0.0,0.029998606813966457,1.3476337922951889,0.0,0.0,14.839648312280096,0.0,0.0,0.0,0.0,0.02216948517759991
6652.0,0.9142346525861736,0.0,0.355275557,0.0,0.0,0.0,0.9035439993420228,0.0,0.0,0.010690653244150902,1.3176336557416757,0.0,0.0,14.839648142998291,0.0,0.0,1.1102230246251565e-16,0.0,0.022169510342876186
6653.0,0.8596494842403426,0.0,0.335706725,0.0,0.0,0.0,0.8537761490653651,0.0,0.0,0.005873335174977596,1.3069415068120331,0.0,0.0,14.839647973716488,0.0,0.0,0.0,0.0,0.022169535508181026
6654.0,0.8220109646053863,0.0,0.317162687,0.0,0.0,0.0,0.8066145756659588,0.0,0.0,0.015396388939427404,1.3010666880885429,0.0,0.0,14.839647804434687,0.0,0.0,0.0,0.0,0.022169560673514437
6655.0,0.799387595432984,0.0,0.304316485,0.0,0.0,0.0,0.7739438542984445,0.0,0.0,0.02544374113453955,1.285668822269286,0.0,0.0,14.839647635152888,0.0,0.0,0.0,0.0,0.022169585838876408
6656.0,0.7923618240884831,0.0,0.297824094,0.0,0.0,0.0,0.7574322738819167,0.0,0.0,0.034929550206566455,1.2602236217334963,0.0,0.0,14.839647465871092,0.0,0.0,0.0,0.0,0.022169611004266943
6657.0,0.8082185253399397,0.0,0.288457343,0.0,0.0,0.0,0.7336105628392375,0.0,0.0,0.07460796250070217,1.2252926410092901,0.0,0.0,14.839647296589296,0.0,0.0,0.0,0.0,0.02216963616968605
6658.0,0.8529170779291232,0.0,0.281939077,0.0,0.0,0.0,0.7170331765981257,0.0,0.0,0.13588390133099743,1.1506832876421524,0.0,0.0,14.839647127307504,0.0,0.0,1.1102230246251565e-16,0.0,0.02216966133513372
6659.0,0.8999518440315194,0.0,0.275755043,0.0,0.0,0.0,0.7013058159555611,0.0,0.0,0.19864602807595838,1.0147980801360346,0.0,0.0,14.839646958025712,0.0,0.0,0.0,0.0,0.022169686500609964
6660.0,0.9333312173073741,0.0,0.260255335,0.0,0.0,0.0,0.6618866443322412,0.0,0.0,0.2714445729751329,0.8161509001323315,0.0,0.0,14.839646788743924,0.0,0.0,0.0,0.0,0.022169711666114766
6661.0,0.9703765828239438,0.032006398,0.204230944,0.0,0.0,0.03387226182311324,0.5194042773146836,0.0,0.0,0.2932786472456189,0.5447054007198273,0.0,0.12382139644052809,14.839646619462137,0.0,-6.938893903907228e-18,0.0,0.0,0.04072033661623951
6662.0,1.0127367805493068,0.343400496,0.181697978,0.0,0.0,0.36341957350836385,0.4620979813550159,0.0,0.0,0.1872192256859272,0.2514261351627669,0.0,0.0,14.715825053739824,0.0,0.0,0.0,0.0,0.02216976199721007
6663.0,1.0523025157313681,0.655832213,0.214719527,0.0,0.0,0.6940649938417867,0.5460790542435415,0.0,0.0,0.0,0.06420662407549091,0.18784153235395992,0.0,14.715824885870521,0.0,-1.1102230246251565e-16,0.0,0.0,0.01995296539718027
6664.0,1.087482764868462,0.724348234,0.233361752,0.0,0.0,0.7665752651441031,0.5934903388119698,0.0,0.0558960802522145,0.0,0.06420655119262572,0.21668675883539654,0.0,14.80786706885466,0.0,0.0,0.0,0.0,0.01995283109557768
6665.0,1.1172796585773097,0.721313502,0.239948904,0.0,0.0,0.7633636186205868,0.6102429173248614,0.0,0.039640118532741804,0.0,0.11451295053683631,0.21668675883539654,0.0,14.914043411764741,0.0,0.0,0.0,0.0,0.019952853744660545
6666.0,1.1422349585617086,0.701793311,0.252867143,0.0,0.0,0.7427054670726001,0.6430968446512384,0.0,0.026880594326733176,0.0,0.15018892722921842,0.21668675883539654,0.0,15.020219753463627,0.0,0.0,0.0,0.0,0.019952876393769126
6667.0,1.156436395793263,0.687941994,0.271721212,0.0,0.0,0.7280466655411394,0.6910468951753458,0.0,0.045970406087825585,0.0,0.17438129163932128,0.21668675883539654,0.0,15.126396093951314,0.0,0.0,1.1102230246251565e-16,0.0,0.01995289904290342
6668.0,1.1658005220015843,0.688563795,0.291855875,0.0,0.0,0.7287047154183507,0.7422537783227385,0.0,0.08847121290410842,0.0,0.21575445917292874,0.21668675883539654,0.0,15.232572433227809,0.0,-1.1102230246251565e-16,0.0,0.0,0.01995292169206342
6669.0,1.16236793697713,0.683724078,0.303393906,0.0,0.0,0.7235828594265027,0.7715975326814778,0.0,0.11612569629545373,0.0,0.2953783058772671,0.21668675883539654,0.0,15.338748771293105,0.0,0.0,0.0,0.0,0.019952944341249126
6670.0,1.143806709907903,0.651824392,0.311419652,0.0,0.0,0.6898235305489733,0.7920087726209122,0.0,0.2567482618508973,0.0,0.3998910972503991,0.08127733141108515,0.0,15.444925108147206,0.0,-1.1102230246251565e-16,1.1102230246251565e-16,0.0,0.01995296699046055
6671.0,1.1224660097496295,0.505426096,0.339256925,0.0,0.0,0.5348907132863238,0.8628050896813502,0.0,0.2752297932180446,0.0,0.6309640789878255,0.0,0.0,15.484750824352199,0.0,-1.1102230246251565e-16,1.1102230246251565e-16,0.0,0.019952989639697678
6672.0,1.0984464799808802,0.17175428,0.402310758,0.0,0.0,0.18176696863546787,1.023164876106691,0.0,0.10648536476127883,0.0,0.8786701766578106,0.0,0.0,15.484750647711452,0.0,0.0,2.220446049250313e-16,0.0,0.019953012288960518
6673.0,1.063416125386339,0.003194317,0.41399626,0.0,0.0,0.0033805347846396707,1.0528836817024254,0.0,0.0,0.007151908899273936,0.9745060075380838,0.0,0.0,15.484750471070708,0.0,4.336808689942018e-19,0.0,0.0,0.02217003882027674
6674.0,1.01696380664929,0.0,0.39991359,0.0,0.0,0.0,1.0170683498494268,0.0,0.00010454320013668274,0.0,0.9673529924478056,0.0,0.0,15.484750294429965,0.0,0.0,0.0,0.0,0.019953057587563324
6675.0,0.9590766756660861,0.0,0.390810151,0.0,0.0,0.0,0.993916299223478,0.0,0.034839623557391924,0.0,0.9674459832565262,0.0,0.0,15.484750117789224,0.0,0.0,0.0,0.0,0.019953080236903294
6676.0,0.9019518654992925,0.0,0.389925816,0.0,0.0,0.0,0.9916672405226619,0.0,0.0897153750233694,0.0,0.9988005462812201,0.0,0.0,15.484749941148484,0.0,0.0,0.0,0.0,0.019953102886268975
6677.0,0.8547051056867149,0.0,0.389022855,0.0,0.0,0.0,0.9893708118010264,0.0,0.13466570611431153,0.0,1.0795432500337885,0.0,0.0,15.484749764507749,0.0,0.0,0.0,0.0,0.019953125535660365
6678.0,0.819850341842021,0.0,0.387228568,0.0,0.0,0.0,0.9848075447256407,0.0,0.1649572028836197,0.0,1.2007411601147395,0.0,0.0,15.484749587867014,0.0,0.0,0.0,0.0,0.01995314818507746
6679.0,0.7946659173425773,0.0,0.383767168,0.0,0.0,0.0,0.9760044420699675,0.0,0.1813385247273902,0.0,1.349201279712684,0.0,0.0,15.484749411226279,0.0,0.0,0.0,0.0,0.01995317083452027
6680.0,0.7815137419088911,0.0,0.372896577,0.0,0.0,0.0,0.9483581346507622,0.0,0.1668443927418711,0.0,1.5124044204484866,0.0,0.0,15.484749234585548,0.0,0.0,0.0,0.0,0.01995319348398879
6681.0,0.7804516320073756,0.0,0.345367909,0.0,0.0,0.0,0.8783466680829151,0.0,0.0978950360755394,0.0,1.6625626571405407,0.0,0.0,15.48474905794482,0.0,0.0,0.0,0.0,0.01995321613348302
6682.0,0.7944046725684142,0.0,0.317322102,0.0,0.0,0.0,0.8070200031259039,0.0,0.012615330557489783,0.0,1.7506663023837774,0.0,0.0,15.484748881304094,0.0,0.0,1.1102230246251565e-16,0.0,0.01995323878300296
6683.0,0.8155462271201537,0.0,0.293716398,0.0,0.0,0.0,0.7469854981361784,0.0,0.0,0.06856072898397517,1.7620181126516783,0.0,0.0,15.48474870466337,0.0,0.0,1.1102230246251565e-16,0.0,0.040719294405925234
6684.0,0.8464202201847723,0.0,0.261558179,0.0,0.0,0.0,0.6652000636066181,0.0,0.0,0.1812201565781541,1.6934553835480828,0.0,0.0,15.484748528022646,0.0,0.0,0.0,0.0,0.04071934062767036
6685.0,0.8929303553882343,0.022537218,0.196938477,0.0,0.0,0.02385106093039837,0.5008579273943886,0.0,0.0,0.2932786472456189,1.5122333046779193,0.0,0.07494271981782838,15.484748351381926,0.0,-3.469446951953614e-18,0.0,0.0,0.040720347764557144
6686.0,0.9416824846781615,0.272281109,0.178054649,0.0,0.0,0.28815416884885436,0.45283219317815354,0.0,0.0,0.2006961226511536,1.2189529408509092,0.0,0.0,15.40980545492338,0.0,0.0,0.0,0.0,0.04071943307131801
6687.0,0.9866529887945477,0.499232781,0.171788129,0.0,0.0,0.5283363491484718,0.4368950524680856,0.0,0.0,0.021421587177990167,1.018255434529704,0.0,0.0,15.409805279137563,0.0,0.0,0.0,0.0,0.04071947929322054
6688.0,1.0227625840954675,0.584244932,0.163483136,0.0,0.0,0.618304418558158,0.4157736258968579,0.0,0.011315460359548354,0.0,0.9968326914994222,0.0,0.0,15.40980510335175,0.0,0.0,0.0,0.0,0.03664757296365799
6689.0,1.0484716394938454,0.597616664,0.159729282,0.0,0.0,0.6324556769200799,0.4062267482992357,0.0,0.0,0.009789214274529752,1.0070154742883228,0.0,0.0,15.40980492756594,0.0,0.0,0.0,0.0,0.04071957173718301
6690.0,1.06574377349712,0.583147393,0.164162457,0.0,0.0,0.617142896778385,0.4175012888364646,0.0,0.0,0.03109958788227034,0.9972251169203177,0.0,0.0,15.40980475178013,0.0,0.0,5.551115123125783e-17,0.0,0.04071961795924294
6691.0,1.0750993343030097,0.563947494,0.171842808,0.0,0.0,0.5968237091614177,0.4370341132094358,0.0,0.0,0.041241511932156305,0.9661243970579003,0.0,0.0,15.409804575994322,0.0,0.0,0.0,0.0,0.04071966418135535
6692.0,1.0814548629072398,0.542433692,0.17995456,0.0,0.0,0.5740557258927407,0.4576640853517373,0.0,0.0,0.04973505166276175,0.9248817884489572,0.0,0.0,15.409804400208518,0.0,0.0,0.0,0.0,0.04071971040352021
6693.0,1.078172172425338,0.503842579,0.186852992,0.0,0.0,0.53321488264692,0.4752083174714521,0.0,0.0,0.06974897230696583,0.875145686925131,0.0,0.0,15.409804224422714,0.0,0.0,5.551115123125783e-17,0.0,0.04071975662573755
6694.0,1.065217001247578,0.443573232,0.206443244,0.0,0.0,0.46943203830773306,0.5250306435263742,0.0,0.0,0.07075431941347064,0.8053957212140415,0.0,0.0,15.409804048636914,0.0,-5.551115123125783e-17,0.0,0.0,0.040719802848007365
6695.0,1.0512168509731656,0.331415245,0.258387829,0.0,0.0,0.3507356232591753,0.6571371652116296,0.0,0.0,0.04334406250236087,0.7346404875717258,0.0,0.0,15.409803872851116,0.0,-5.551115123125783e-17,0.0,0.0,0.04071984907032963
6696.0,1.0348847698867567,0.128834453,0.359587528,0.0,0.0,0.13634506212956474,0.9145102914091879,0.0,0.015970583651996006,0.0,0.6912955911569083,0.0,0.0,15.409803697065318,0.0,-2.7755575615628914e-17,1.1102230246251565e-16,0.0,0.03664790576343394
6697.0,1.006057908003285,0.003564717,0.393778681,0.0,0.0,0.0037725278411304746,1.0014659249028117,0.0,0.0,0.0008194552593428365,0.7056683317333403,0.0,0.0,15.409803521279521,0.0,-4.336808689942018e-19,0.0,0.0,0.040719941515131586
6698.0,0.9663444196292791,0.0,0.366632824,0.0,0.0,0.0,0.9324280310311919,0.0,0.0,0.03391638859808721,0.7048480754487041,0.0,0.0,15.409803345493728,0.0,0.0,0.0,0.0,0.04071998773761127
6699.0,0.9148042518478735,0.0,0.335988819,0.0,0.0,0.0,0.8544935762452777,0.0,0.0,0.060310675602595856,0.670930886756421,0.0,0.0,15.409803169707937,0.0,0.0,1.1102230246251565e-16,0.0,0.040720033960143426
6700.0,0.8660542639085541,0.0,0.312499505,0.0,0.0,0.0,0.7947550766632179,0.0,0.0,0.07129918724533617,0.6106194495600477,0.0,0.0,15.409802993922149,0.0,0.0,1.1102230246251565e-16,0.0,0.04072008018272803
6701.0,0.8250431170661644,0.0,0.295360552,0.0,0.0,0.0,0.7511669439222003,0.0,0.0,0.07387617314396412,0.5393195691822558,0.0,0.0,15.409802818136361,0.0,0.0,0.0,0.0,0.04072012640536512
6702.0,0.7944967506445536,0.0,0.277343535,0.0,0.0,0.0,0.7053457010147035,0.0,0.0,0.08915104962985011,0.46544278384046905,0.0,0.0,15.409802642350575,0.0,0.0,0.0,0.0,0.04072017262805468
6703.0,0.7715757337376541,0.0,0.266333824,0.0,0.0,0.0,0.6773455807910095,0.0,0.0,0.09423015294664455,0.3762912058725517,0.0,0.0,15.409802466564795,0.0,0.0,0.0,0.0,0.040720218850796706
6704.0,0.7584535372124784,0.0,0.262623151,0.0,0.0,0.0,0.6679085219880295,0.0,0.0,0.09054501522444885,0.2820606257864706,0.0,0.0,15.409802290779014,0.0,0.0,0.0,0.0,0.040720265073591194
6705.0,0.7545070280421294,0.0,0.258712729,0.0,0.0,0.0,0.6579634574785815,0.0,0.0,0.0965435705635478,0.1915152903865436,0.0,0.0,15.409802114993234,0.0,0.0,1.1102230246251565e-16,0.0,0.040720311296438154
6706.0,0.7634000571167141,0.0,0.260265989,0.0,0.0,0.0,0.6619137398010381,0.0,0.0,0.0949713946232427,0.09497150242824423,0.0,0.006514922692433328,15.409801939207457,0.0,0.0,1.1102230246251565e-16,0.0,0.04072035751933759
6707.0,0.7784152075792682,0.0,0.260377671,0.0,0.0,0.0,0.6621977717276548,0.0,0.0,0.0,0.0,0.0,0.11621743585161344,15.403286840729248,0.0,0.0,0.0,0.0,0.040720357983851
6708.0,0.8097067640124261,0.0,0.253428996,0.0,0.0,0.0,0.6445257605917244,0.0,0.0,0.0,0.0,0.0,0.16518100342070186,15.28706922916618,0.0,0.0,-1.1102230246251565e-16,0.0,0.04072035844836442
6709.0,0.8588164988538718,0.005307711,0.213352524,0.0,0.0,0.00561713244562597,0.542602464499619,0.0,0.0,0.0,0.0,0.0,0.3105969019086268,15.121888051359766,0.0,0.0,0.0,0.0,0.04072035891287785
6710.0,0.9068876786504887,0.165156806,0.184050709,0.0,0.0,0.17478488440658393,0.4680814945329741,0.0,0.0,0.0,0.0,0.0,0.26402129971093063,14.81129097694971,0.0,-2.7755575615628914e-17,0.0,0.0,0.040720359377391276
6711.0,0.9549759892519687,0.402883919,0.220618075,0.0,0.0,0.4263706771592962,0.561080361103025,0.0,0.03247504901035243,0.0,0.0,0.0,0.0,14.547269508280461,0.0,0.0,0.0,0.0,0.03664659423044872
6712.0,0.998869394012584,0.515955489,0.239393807,0.0,0.0,0.546033933980338,0.6088311833805452,0.0,0.15599572334829911,0.0,0.029227544109317192,0.0,0.0,14.547269342333937,0.0,0.0,-1.1102230246251565e-16,0.0,0.036646635829144444
6713.0,1.0366513841382694,0.546910248,0.250078452,0.0,0.0,0.5787932498371041,0.6360045891627215,0.0,0.17814645486155636,0.0,0.16962366194572423,0.0,0.0,14.547269176387417,0.0,0.0,1.1102230246251565e-16,0.0,0.036646677427887395
6714.0,1.0631184776518416,0.547616175,0.259999067,0.0,0.0,0.5795403299731446,0.6612348983591194,0.0,0.17765675068042233,0.0,0.3299552787762176,0.0,0.0,14.547269010440898,0.0,0.0,-1.1102230246251565e-16,0.0,0.036646719026677564
6715.0,1.0796304321893138,0.528223183,0.272294957,0.0,0.0,0.5590167926929566,0.6925060550913277,0.0,0.17189241559497043,0.0,0.4898459798464621,0.0,0.0,14.547268844494381,0.0,-1.1102230246251565e-16,0.0,0.0,0.03664676062551495
6716.0,1.0900973539607006,0.503372854,0.283475,0.0,0.0,0.5327177742817468,0.7209393671106957,0.0,0.16355978743174188,0.0,0.6445485978430684,0.0,0.0,14.547268678547868,0.0,0.0,0.0,0.0,0.03664680222439957
6717.0,1.0929603397234553,0.469187351,0.283959143,0.0,0.0,0.4965393730705007,0.722170649403706,0.0,0.1257496827507514,0.0,0.7917516748851863,0.0,0.0,14.547268512601354,0.0,0.0,0.0,0.0,0.0366468438233314
6718.0,1.0827182597658973,0.418709582,0.284944861,0.0,0.0,0.4431189223276641,0.7246775474055389,0.0,0.08507820996730567,0.0,0.9049254906197838,0.0,0.0,14.547268346654842,0.0,-5.551115123125783e-17,1.1102230246251565e-16,0.0,0.03664688542231044
6719.0,1.0775961491118144,0.322847818,0.309562964,0.0,0.0,0.3416687444902988,0.7872868060572223,0.0,0.051359401435706595,0.0,0.9814948523822867,0.0,0.0,14.547268180708333,0.0,-5.551115123125783e-17,0.0,0.0,0.03664692702133671
6720.0,1.0641099229832967,0.159634794,0.340283276,0.0,0.0,0.16894095794368194,0.865415326352568,0.0,0.0,0.029753638687046707,1.0277171995501708,0.0,0.0,14.547268014761826,0.0,0.0,0.0,0.0,0.04071885402267801
6721.0,1.0301331128878395,0.002155486,0.349274065,0.0,0.0,0.0022811434810019876,0.888280883214675,0.0,0.0,0.1395710861921624,0.9979623942704995,0.0,0.0,14.54726784881532,0.0,0.0,1.1102230246251565e-16,0.0,0.04071890024392323
6722.0,0.9855480518808742,0.0,0.348949007,0.0,0.0,0.0,0.8874541891189196,0.0,0.0,0.09809386276195474,0.8583901752612845,0.0,0.0,14.547267682868817,0.0,0.0,0.0,0.0,0.04071894646522093
6723.0,0.9295324613289698,0.0,0.346159056,0.0,0.0,0.0,0.880358729172858,0.0,0.0,0.049173732156111954,0.76029533811489,0.0,0.0,14.547267516922314,0.0,0.0,0.0,0.0,0.0407189926865711
6724.0,0.8785511860562247,0.0,0.349240904,0.0,0.0,0.0,0.8881965474871761,0.0,0.009645361430951398,0.0,0.7111207429247309,0.0,0.0,14.547267350975815,0.0,0.0,0.0,0.0,0.03664713501717637
6725.0,0.834201673616128,0.0,0.355508757,0.0,0.0,0.0,0.904137078309869,0.0,0.06993540469374109,0.0,0.7198007609980983,0.0,0.0,14.547267185029316,0.0,0.0,1.1102230246251565e-16,0.0,0.03664717661648596
6726.0,0.8040514570569776,0.0,0.356855858,0.0,0.0,0.0,0.9075630528839027,0.0,0.10351159582692517,0.0,0.7827418081550275,0.0,0.0,14.54726701908282,0.0,0.0,0.0,0.0,0.036647218215842776
6727.0,0.7875502092725448,0.0,0.351751629,0.0,0.0,0.0,0.8945818742090704,0.0,0.10703166493652566,0.0,0.8759013558855514,0.0,0.0,14.547266853136327,0.0,0.0,1.1102230246251565e-16,0.0,0.03664725981524681
6728.0,0.7859720338745269,0.0,0.347220198,0.0,0.0,0.0,0.8830574470206206,0.0,0.0970854131460938,0.0,0.9722288600665184,0.0,0.0,14.547266687189834,0.0,0.0,1.1102230246251565e-16,0.0,0.03664730141469807
6729.0,0.8068887466124374,0.0,0.344410354,0.0,0.0,0.0,0.8759113947936524,0.0,0.06902264818121515,0.0,1.059604628291857,0.0,0.0,14.547266521243344,0.0,0.0,1.1102230246251565e-16,0.0,0.03664734301419653
6730.0,0.8532018775599731,0.0,0.336140777,0.0,0.0,0.0,0.8548800389116412,0.0,0.0016781613516681064,0.0,1.1217238088659487,0.0,0.0,14.547266355296856,0.0,0.0,1.1102230246251565e-16,0.0,0.036647384613742236
6731.0,0.9026927728096239,0.0,0.328324028,0.0,0.0,0.0,0.8350003243797666,0.0,0.0,0.06769244842985732,1.123232880780103,0.0,0.0,14.547266189350369,0.0,0.0,0.0,0.0,0.04071936245926128
6732.0,0.9398687607132752,0.0,0.30798135,0.0,0.0,0.0,0.7832644132671229,0.0,0.0,0.1566043474461523,1.0555391573349056,0.0,0.0,14.547266023403886,0.0,0.0,0.0,0.0,0.04071940868108365
6733.0,0.9848071445705429,0.010361436,0.255013532,0.0,0.0,0.010965472373849476,0.6485555846714636,0.0,0.0,0.2932786472456189,0.8989336117145897,0.0,0.03200744027961088,14.547265857457402,0.0,0.0,0.0,0.0,0.04072037006120159
6734.0,1.0288290303676317,0.238413971,0.228494147,0.0,0.0,0.252312692231101,0.5811109470912013,0.0,0.0,0.19540539104532947,0.6056539440624602,0.0,0.0,14.51525825123131,0.0,0.0,0.0,0.0,0.04071950112488581
6735.0,1.0687545124518192,0.536476329,0.257902956,0.0,0.0,0.5677510689516089,0.6559040263678194,0.0,0.15490058286760908,0.0,0.4102478655211692,0.0,0.0,14.515258085649954,0.0,-1.1102230246251565e-16,0.0,0.0,0.03664759261217903
6736.0,1.1042045717655076,0.624431426,0.285766691,0.0,0.0,0.6608336480741118,0.7267676421231424,0.0,0.2833967184317466,0.0,0.5496579244173578,0.0,0.0,14.515257920068597,0.0,0.0,-1.1102230246251565e-16,0.0,0.036647634212008055
6737.0,1.1329950306886452,0.633160628,0.293453045,0.0,0.0,0.6700717327736411,0.746315733447417,0.0,0.2833924355324128,0.0,0.8047143470727299,0.0,0.0,14.515257754487244,0.0,0.0,0.0,0.0,0.0366476758118843
6738.0,1.1523999498973825,0.619001265,0.290384019,0.0,0.0,0.6550869272111876,0.7385105243034491,0.0,0.24119750161725406,0.0,1.0597666255965046,0.0,0.0,14.515257588905891,0.0,0.0,0.0,0.0,0.036647717411807765
6739.0,1.1645842348563005,0.601318937,0.280317477,0.0,0.0,0.636373779806779,0.7129090906021589,0.0,0.18469863555263746,0.0,1.2768431740791435,0.0,0.0,14.515257423324542,0.0,1.1102230246251565e-16,0.0,0.0,0.03664775901177845
6740.0,1.168254509798231,0.590020815,0.263151327,0.0,0.0,0.6244170158343547,0.6692517898993552,0.0,0.12541429593547873,0.0,1.443070496693525,0.0,0.0,14.515257257743194,0.0,0.0,1.1102230246251565e-16,0.0,0.03664780061179636
6741.0,1.1650467665876056,0.570051786,0.236909974,0.0,0.0,0.603283860562045,0.6025142489382534,0.0,0.04075134291269261,0.0,1.555941724962843,0.0,0.0,14.515257092161848,0.0,0.0,0.0,0.0,0.03664784221186149
6742.0,1.1508902977188171,0.52507403,0.231504612,0.0,0.0,0.5556840548154532,0.5887672227127161,0.0,0.0,0.006439020190647888,1.5926161673881363,0.0,0.0,14.515256926580504,0.0,0.0,0.0,0.0,0.04071987090219315
6743.0,1.1423227539366323,0.399850301,0.271100102,0.0,0.0,0.42316020957817985,0.6894672756310964,0.0,0.0,0.029695268727356033,1.5861753393710982,0.0,0.0,14.515256760999161,0.0,0.0,0.0,0.0,0.040719917124592685
6744.0,1.1275410106903387,0.174798674,0.31020664,0.0,0.0,0.18498884042062516,0.7889238159101699,0.0,0.0,0.15362835435954358,1.5564782701285294,0.0,0.0,14.51525659541782,0.0,-2.7755575615628914e-17,0.0,0.0,0.040719963347044676
6745.0,1.0869195896585857,0.001516158,0.319225495,0.0,0.0,0.0016045448394788981,0.8118607507924811,0.0,0.0,0.2734542940266257,1.402848148963807,0.0,0.0,14.515256429836482,0.0,-2.168404344971009e-19,0.0,0.0,0.04072000956954913
6746.0,1.0312830181642785,0.0,0.312691158,0.0,0.0,0.0,0.7952424924583493,0.0,0.0,0.2360405257059291,1.129392262522162,0.0,0.0,14.515256264255147,0.0,0.0,0.0,0.0,0.040720055792106066
6747.0,0.9699868570133071,0.0,0.302307725,0.0,0.0,0.0,0.7688351351412797,0.0,0.0,0.20115172187202743,0.8933504548091937,0.0,0.0,14.515256098673813,0.0,0.0,1.1102230246251565e-16,0.0,0.04072010201471546
6748.0,0.9106778692264614,0.0,0.286017834,0.0,0.0,0.0,0.7274063540923611,0.0,0.0,0.18327151513410037,0.6921977188682645,0.0,0.0,14.515255933092478,0.0,0.0,0.0,0.0,0.04072014823737734
6749.0,0.8644675231081046,0.0,0.277682627,0.0,0.0,0.0,0.7062080866637812,0.0,0.0,0.15825943644432333,0.5089254179997675,0.0,0.0,14.515255767511148,0.0,0.0,1.1102230246251565e-16,0.0,0.040720194460091674
6750.0,0.8315378334599075,0.0,0.280239527,0.0,0.0,0.0,0.7127108465818175,0.0,0.0,0.11882698687808997,0.3506654038589345,0.0,0.0,14.515255601929818,0.0,0.0,0.0,0.0,0.04072024068285848
6751.0,0.8111821545812653,0.0,0.283143487,0.0,0.0,0.0,0.7200962565280731,0.0,0.0,0.09108589805319217,0.23183801893002465,0.0,0.0,14.515255436348491,0.0,0.0,0.0,0.0,0.040720286905677756
6752.0,0.8074540631729215,0.0,0.289451257,0.0,0.0,0.0,0.7361383050744346,0.0,0.0,0.07131575809848692,0.14075185771054205,0.0,0.0,14.515255270767167,0.0,0.0,1.1102230246251565e-16,0.0,0.0407203331285495
6753.0,0.828959647328003,0.0,0.292502403,0.0,0.0,0.0,0.7438980414399071,0.0,0.0,0.06943586102158049,0.06943593984039888,0.0,0.015625744866515287,14.515255105185844,0.0,0.0,1.1102230246251565e-16,0.0,0.04072037935147371
6754.0,0.882208612894508,0.0,0.294799571,0.0,0.0,0.0,0.7497402456697931,0.0,0.0,0.0,0.0,0.0,0.13246836722471497,14.499629194738006,0.0,0.0,0.0,0.0,0.040720379815987376
6755.0,0.9337016709625399,0.0,0.290896192,0.0,0.0,0.0,0.7398130930607335,0.0,0.0,0.0,0.0,0.0,0.1938885779018064,14.367160662110221,0.0,0.0,0.0,0.0,0.040720380280501046
6756.0,0.9653015818832346,0.0,0.275373904,0.0,0.0,0.0,0.7003364955236316,0.0,0.0,0.0,0.0,0.0,0.264965086359603,14.173271920316465,0.0,0.0,0.0,0.0,0.04072038074501471
6757.0,0.999963624173218,0.007774361,0.238871603,0.0,0.0,0.008227579726384718,0.6075031035806945,0.0,0.0,0.0,0.0,0.0,0.38423294086613885,13.90830667227668,0.0,0.0,0.0,0.0,0.040720381209528395
6758.0,1.037852681829298,0.267644856,0.259799982,0.0,0.0,0.28324763811414955,0.6607285813509132,0.0,0.0,0.0,0.0,0.0,0.0938764623642351,13.524073572752924,0.0,-5.551115123125783e-17,1.1102230246251565e-16,0.0,0.04072038167404208
6759.0,1.0719001564948158,0.567272272,0.306617592,0.0,0.0,0.6003423103773284,0.6882446049528839,0.0,0.0,0.0,0.0,0.21668675883539654,0.0,13.430196956114171,0.0,0.0,0.091551471320105,0.0,1.05e-08
6760.0,1.100412239838927,0.659162082,0.340153741,0.0,0.0,0.697588982845631,0.6195100158286926,0.0,0.0,0.0,0.0,0.21668675883539654,0.0,13.536373314739887,0.0,0.0,0.24557587448571094,0.0,1.05e-08
6761.0,1.125146980710713,0.657629132,0.353903273,0.0,0.0,0.6959666670898329,0.6458670724562768,0.0,0.0,0.0,0.0,0.21668675883539654,0.0,13.642549672154406,0.0,0.0,0.25418690639555763,0.0,1.05e-08
6762.0,1.1423720050006139,0.643183347,0.365478158,0.0,0.0,0.6806787421018227,0.6783800217341877,0.0,0.0,0.0,0.0,0.21668675883539654,0.0,13.748726028357728,0.0,0.0,0.25111143931635604,0.0,1.05e-08
6763.0,1.1509031458224643,0.63318131,0.378457239,0.0,0.0,0.6700936204636907,0.6974962841941703,0.0,0.0,0.0,0.0,0.21668675883539654,0.0,13.854902383349856,0.0,-1.1102230246251565e-16,0.2650038387906478,0.0,1.05e-08
6764.0,1.1551387373248792,0.634856908,0.398219658,0.0,0.0,0.6718669001112876,0.6999585960489881,0.0,0.0,0.0,0.0,0.21668675883539654,0.0,13.961078737130785,0.0,-1.1102230246251565e-16,0.3128017115956284,0.0,1.05e-08
6765.0,1.150689010761675,0.632961118,0.424214067,0.0,0.0,0.66986059202121,0.6975151775758616,0.0,0.0,0.0,0.0,0.21668675883539654,0.0,14.06725508970052,0.0,0.0,0.38135463804256775,0.0,1.05e-08
6766.0,1.1399544201643013,0.604999046,0.45135101,0.0,0.0,0.6402684266078841,0.7163727523918137,0.0,0.0,0.0,0.0,0.21668675883539654,0.0,14.173431441059058,0.0,0.0,0.43151228683271503,0.0,1.05e-08
6767.0,1.140425517298038,0.471395346,0.477531318,0.0,0.0,0.49887608664708394,1.0461595756575666,0.0,0.1879233861712158,0.0,0.0,0.21668675883539654,0.0,14.2796077912064,0.0,0.0,0.168307753646451,0.0,1.05e-08
6768.0,1.1262069492616207,0.173079787,0.481642689,0.0,0.0,0.18316974817199583,1.224923451384262,0.0,0.0651994914592406,0.0,0.16913104755409422,0.21668675883539654,0.0,14.385784140142547,0.0,0.0,0.0,0.0,1.050001191887853e-08
6769.0,1.0876155286061513,0.001143914,0.480185721,0.0,0.0,0.0012106002840783505,1.2212180608284084,0.0,0.0,0.0818736263290609,0.22781039788168475,0.21668675883539654,0.0,14.491960487867496,0.0,0.0,2.220446049250313e-16,0.0,1.166669315307843e-08
6770.0,1.034368704390254,0.0,0.467593501,0.0,0.0,0.0,1.1891932716324702,0.0,0.0,0.061862191593180425,0.14593651295820692,0.21668675883539654,0.0,14.59813683438125,0.0,0.0,0.0,0.0,1.166670639630686e-08
6771.0,0.9719804544292566,0.0,0.459765235,0.0,0.0,0.0,1.1692842668327024,0.0,0.0,0.01938294643195086,0.08407415570811252,0.21668675883539654,0.0,14.704313179683808,0.0,0.0,0.0,0.0,1.1666719639550327e-08
6772.0,0.9119284179814716,0.0,0.45132986,0.0,0.0,0.0,1.1478312501157384,0.0,0.019216073298870207,0.0,0.0646911138410653,0.21668675883539654,0.0,14.81048952377517,0.0,0.0,0.0,0.0,1.050005959452794e-08
6773.0,0.8641655926723915,0.0,0.444198007,0.0,0.0,0.0,1.1296933769764965,0.0,0.04884102546870861,0.0,0.08198550637722443,0.21668675883539654,0.0,14.916665866655336,0.0,0.0,2.220446049250313e-16,0.0,1.0500071513474118e-08
6774.0,0.8307712299422814,0.0,0.442992962,0.0,0.0,0.0,1.1266286821016755,0.0,0.07917069332399759,0.0,0.12594233623485432,0.21668675883539654,0.0,15.022842208324304,0.0,0.0,0.0,0.0,1.0500083432433824e-08
6775.0,0.8113063529165231,0.0,0.440101988,0.0,0.0,0.0,1.1192762984138955,0.0,0.09128318666197577,0.0,0.197195817265528,0.21668675883539654,0.0,15.12901854878208,0.0,0.0,0.0,0.0,1.050009535140706e-08
6776.0,0.807402670758332,0.0,0.439281342,0.0,0.0,0.0,1.1171892148690965,0.0,0.09309978527536776,0.0,0.27935046141841813,0.21668675883539654,0.0,15.235194888028657,0.0,0.0,0.0,0.0,1.0500107270393827e-08
6777.0,0.828392189416911,0.0,0.432279819,0.0,0.0,0.0,1.099382799628137,0.0,0.05430385137582931,0.0,0.3631399510671599,0.21668675883539654,0.0,15.34137122606404,0.0,0.0,0.0,0.0,1.0500119189394123e-08
6778.0,0.8826368830160869,0.0,0.427406936,0.0,0.0,0.0,1.0869899847907634,0.0,0.0,0.012333657060720132,0.4120130050943536,0.21668675883539654,0.0,15.447547562888225,0.0,0.0,0.0,0.0,1.1666812342675498e-08
6779.0,0.9318815229458298,0.0,0.426791199,0.0,0.0,0.0,1.085424029969045,0.0,0.0,0.06314425181218151,0.399678880345311,0.21668675883539654,0.0,15.553723898501215,0.0,0.0,0.0,0.0,1.1666825586039226e-08
6780.0,0.960982477707112,0.0,0.418124609,0.0,0.0,0.0,1.063382982576478,0.0,0.0,0.11428625396603054,0.3365341748456421,0.21668675883539654,0.0,15.659900232903007,0.0,0.0,0.0,0.0,1.1666838829417986e-08
6781.0,0.9919464074972622,0.018247747,0.380255836,0.0,0.0,0.01931152840335014,0.9670743513395837,0.0,0.0,0.22224728658972484,0.22224753886957363,0.21668675883539654,0.0,15.766076566093606,0.0,0.0,1.1102230246251565e-16,0.0,1.1666852072811778e-08
6782.0,1.0220623624466862,0.362721915,0.400587827,0.0,0.0,0.383867365326802,0.8548817559552809,0.0,0.0,0.0,0.0,0.21668675883539654,0.0,15.872252898073008,0.0,0.0,0.16390132710188066,0.0,1.05e-08
6783.0,1.0468035273702958,0.61732978,0.416330704,0.0,0.0,0.6533180003374605,0.6101722858682318,0.0,0.0,0.0,0.0,0.21668675883539654,0.0,15.978429228841215,0.0,0.0,0.4486484011430051,0.0,1.05e-08
6784.0,1.0688358837749192,0.690962394,0.414158268,0.0,0.0,0.7312431445579451,0.5542794980523706,0.0,0.0,0.0,0.0,0.21668675883539654,0.0,16.084605558398223,0.0,0.0,0.4990162056801699,0.0,1.05e-08
6785.0,1.0889731448915563,0.694846903,0.407086029,0.0,0.0,0.7353541071818005,0.5703057965451523,0.0,0.0,0.0,0.0,0.21668675883539654,0.0,16.190781886744038,0.0,0.0,0.46500364558154783,0.0,1.05e-08
6786.0,1.1051103630726469,0.676979138,0.400143205,0.0,0.0,0.716444712432855,0.6594131287546214,0.0,0.05406071927943291,0.0,0.0,0.21668675883539654,0.0,16.296958213878657,0.0,0.0,0.35823918261797005,0.0,1.05e-08
6787.0,1.1121082968592453,0.664167494,0.396482429,0.0,0.0,0.7028861932907597,0.919187509649501,0.0,0.2932786472456189,0.0,0.04865464735148962,0.21668675883539654,0.0,16.403134539802082,0.0,0.0,0.08915464198211165,0.0,1.05e-08
6788.0,1.1143545736469262,0.66655298,0.391519354,0.0,0.0,0.7054107449871853,0.9189092347407564,0.0,0.2932786472456189,0.0,0.31260537464319677,0.21668675883539654,0.0,16.50931086451431,0.0,0.0,0.07681072393054955,0.0,1.05e-08
6789.0,1.1116521891797637,0.666919931,0.383860724,0.0,0.0,0.7057990879787415,0.9158185072820377,0.0,0.2932786472456189,0.0,0.5765558023165149,0.21668675883539654,0.0,16.61548718801534,0.0,0.0,0.060423868303863815,0.0,1.05e-08
6790.0,1.1040975042351129,0.633483241,0.378366047,0.0,0.0,0.670413153011043,0.9436497573050852,0.0,0.2932786472456189,0.0,0.840505930371784,0.21668675883539654,0.0,16.721663510305174,0.0,0.0,0.01861844433652604,0.0,1.05e-08
6791.0,1.103204561031621,0.478291728,0.382751263,0.0,0.0,0.5061745041927324,0.9734207718777297,0.0,0.1597039562034445,0.0,1.1044557588093442,0.21668675883539654,0.0,16.827839831383816,0.0,0.0,1.1102230246251565e-16,0.0,1.050005959452794e-08
6792.0,1.0892622272236219,0.139180915,0.430451925,0.0,0.0,0.14729468757029354,1.0947340625490103,0.0,0.0,0.06392023593971465,1.248188065691579,0.21668675883539654,0.0,16.934016151251257,0.0,0.0,0.0,0.0,1.1666746126082354e-08
6793.0,1.056675153672688,0.000824932,0.464394531,0.0,0.0,0.000873022721590366,1.1810575862732458,0.0,0.0,0.09143130351324835,1.1842664128961453,0.21668675883539654,0.0,17.040192469907506,0.0,0.0,2.220446049250313e-16,0.0,1.1666759369370917e-08
6794.0,1.0059015894089085,0.0,0.470245644,0.0,0.0,0.0,1.1959382554790425,0.0,0.0,0.026650092765262628,1.0928337650865636,0.21668675883539654,0.0,17.146368787352557,0.0,0.0,0.0,0.0,1.1666772612674513e-08
6795.0,0.9464191522228235,0.0,0.467106054,0.0,0.0,0.0,1.1879535865396753,0.0,0.02484767548145524,0.0,1.0661824318129092,0.21668675883539654,0.0,17.252545103586414,0.0,0.0,0.0,0.0,1.0500107270393827e-08
6796.0,0.8881508608314144,0.0,0.463424957,0.0,0.0,0.0,1.1785917460195128,0.0,0.07375412635270183,0.0,1.0885441294905551,0.21668675883539654,0.0,17.358721418609075,0.0,0.0,0.0,0.0,1.0500119189394123e-08
6797.0,0.8438912851168492,0.0,0.452928446,0.0,0.0,0.0,1.1518968064403243,0.0,0.09131876248807841,0.0,1.154921607568889,0.21668675883539654,0.0,17.464897732420543,0.0,0.0,0.0,0.0,1.0500131108407949e-08
6798.0,0.8125590430221412,0.0,0.442060295,0.0,0.0,0.0,1.124256704478587,0.0,0.09501090262104916,0.0,1.237107182821995,0.21668675883539654,0.0,17.57107404502081,0.0,0.0,0.0,0.0,1.0500143027435302e-08
6799.0,0.7932312124352882,0.0,0.427749171,0.0,0.0,0.0,1.0878603637811615,0.0,0.0779423925104767,0.0,1.3226155909034631,0.21668675883539654,0.0,17.677250356409882,0.0,0.0,0.0,0.0,1.0500154946476186e-08
6800.0,0.7891583635790734,0.0,0.415208244,0.0,0.0,0.0,1.0559660239827262,0.0,0.0501209015682562,0.0,1.3927622428222564,0.21668675883539654,0.0,17.78342666658776,0.0,0.0,0.0,0.0,1.0500166865530601e-08
6801.0,0.8087303081352264,0.0,0.403298028,0.0,0.0,0.0,1.025675721186389,0.0,0.0002586542157659976,0.0,1.4378694732674822,0.21668675883539654,0.0,17.889602975554446,0.0,0.0,0.0,0.0,1.0500178784598546e-08
6802.0,0.8537543460168099,0.0,0.396244111,0.0,0.0,0.0,1.007736056462405,0.0,0.0,0.06270504838980145,1.4381006298928964,0.21668675883539654,0.0,17.99577928330993,0.0,0.0,2.220446049250313e-16,0.0,1.1666878559644462e-08
6803.0,0.9060075835506441,0.0,0.390701944,0.0,0.0,0.0,0.9936411049873127,0.0,0.0,0.12905323739872793,1.375393949071927,0.21668675883539654,0.0,18.101955589854224,0.0,0.0,1.1102230246251565e-16,0.0,1.1666891803083355e-08
6804.0,0.9376438974316731,0.0,0.376683533,0.0,0.0,0.0,0.9579891979258872,0.0,0.0,0.19634145834118247,1.2463391504222656,0.21668675883539654,0.0,18.20813189518732,0.0,0.0,0.0,0.0,1.1666905046537283e-08
6805.0,0.9667876792051131,0.015285238,0.335397513,0.0,0.0,0.016176315234366568,0.852989754838068,0.0,0.0,0.2932786472456189,1.0499962773241234,0.1956570381129403,0.0,18.31430819930922,0.0,0.0,0.0,0.0,0.01995299771803366
6806.0,0.9921840974147383,0.241023712,0.338786725,0.0,0.0,0.25507457222904745,0.8616092675086174,0.0,0.0,0.09218701651246998,0.7567164381962302,0.21668675883539654,0.0,18.41017993906592,0.0,0.0,0.0,0.0,1.1666931533490231e-08
6807.0,1.00729346730404,0.475595006,0.341749657,0.0,0.0,0.5033205724991956,0.8691446562408583,0.0,0.14848500260061753,0.0,0.6645285627122297,0.21668675883539654,0.0,18.516356240882978,0.0,0.0,1.1102230246251565e-16,0.0,1.0500250299290332e-08
6808.0,1.0178396190479189,0.588961029,0.325321837,0.0,0.0,0.6232954479256987,0.8273650913627971,0.0,0.2161341614051805,0.0,0.7981643107264782,0.21668675883539654,0.0,18.62253254148884,0.0,0.0,0.0,0.0,1.0500262218452982e-08
6809.0,1.0269253696772138,0.608598511,0.313518778,0.0,0.0,0.6440777281388821,0.7973473124213377,0.0,0.19781291204760937,0.0,0.9926841499708866,0.21668675883539654,0.0,18.728708840883503,0.0,0.0,0.0,0.0,1.0500274137629165e-08
6810.0,1.0323965204803836,0.601579604,0.309250182,0.0,0.0,0.6366496428036913,0.7864913325335477,0.0,0.17405769602145893,0.0,1.1707146439881757,0.21668675883539654,0.0,18.834885139066976,0.0,-1.1102230246251565e-16,0.0,0.0,1.0500286056818876e-08
6811.0,1.0327434192788625,0.592507687,0.309884197,0.0,0.0,0.627048863988732,0.7881037723354304,0.0,0.1657224582099035,0.0,1.327365241494175,0.21668675883539654,0.0,18.94106143603925,0.0,0.0,0.0,0.0,1.0500297976022117e-08
6812.0,1.0325100120626018,0.588323098,0.308249488,0.0,0.0,0.6226203277245103,0.7839463472648946,0.0,0.1573699040914065,0.0,1.4765139471509816,0.21668675883539654,0.0,19.04723773180033,0.0,-1.1102230246251565e-16,0.0,0.0,1.0500309895238888e-08
6813.0,1.030056024265955,0.565408061,0.30299991,0.0,0.0,0.5983694222352286,0.7705955140664883,0.0,0.12222215320036525,0.0,1.6181451847979706,0.21668675883539654,0.0,19.153414026350216,0.0,0.0,0.0,0.0,1.050032181446919e-08
6814.0,1.0210773411670548,0.511181784,0.28877681,0.0,0.0,0.5409819382629097,0.7344230377904423,0.0,0.03764087605090062,0.0,1.7281432858731558,0.21668675883539654,0.0,19.259590319688904,0.0,0.0,0.0,0.0,1.0500333733713022e-08
6815.0,1.018203648651261,0.37587219,0.282934985,0.0,0.0,0.3977842565010585,0.7195659900145487,0.0,2.2223551335640328e-06,0.0,1.7620181126516783,0.09914437550921276,0.0,19.365766611816394,0.0,-5.551115123125783e-17,1.1102230246251565e-16,0.0,0.01995299999415207
6816.0,1.0122549766625306,0.14039226,0.299083303,0.0,0.0,0.14857664985165112,0.7606347197396471,0.0,0.0,0.10304360707123242,1.7620181126516783,0.0,0.0,19.41434713490286,0.0,0.0,0.0,0.0,0.040719768002308435
6817.0,0.9848735264393875,0.000541583,0.30783069,0.0,0.0,0.0005731554414510229,0.7828812517006748,0.0,0.0,0.20141911929726178,1.6589725054608258,0.0,0.0,19.41434691343564,0.0,0.0,0.0,0.0,0.040719814224591165
6818.0,0.9426054067901639,0.0,0.296161567,0.0,0.0,0.0,0.7532041015098048,0.0,0.0,0.18940130528035914,1.4575515030141037,0.0,0.0,19.41434669196842,0.0,0.0,1.1102230246251565e-16,0.0,0.04071986044692635
6819.0,0.8872729070821778,0.0,0.288443668,0.0,0.0,0.0,0.7335757843019935,0.0,0.0,0.1536971227801842,1.2681485432233068,0.0,0.0,19.4143464705012,0.0,0.0,0.0,0.0,0.040719906669314
6820.0,0.833148129117044,0.0,0.288788997,0.0,0.0,0.0,0.7344540320159189,0.0,0.0,0.09869409710112509,1.114449980929667,0.0,0.0,19.414346249033983,0.0,0.0,0.0,0.0,0.040719952891754126
6821.0,0.7900213278740548,0.0,0.290810991,0.0,0.0,0.0,0.7395964081501869,0.0,0.0,0.050424919723867874,1.015754618782935,0.0,0.0,19.41434602756677,0.0,0.0,1.1102230246251565e-16,0.0,0.04071999911424673
6822.0,0.7596077251901334,0.0,0.288859605,0.0,0.0,0.0,0.7346336037130102,0.0,0.0,0.024974121477123214,0.9653285460455268,0.0,0.0,19.414345806099558,0.0,0.0,0.0,0.0,0.040720045336791785
6823.0,0.74174457841908,0.0,0.288270436,0.0,0.0,0.0,0.7331352171675256,0.0,0.0,0.00860936125155445,0.940353328795011,0.0,0.0,19.414345584632347,0.0,0.0,0.0,0.0,0.04072009155938932
6824.0,0.7373869299320154,0.0,0.287686661,0.0,0.0,0.0,0.7316505487521977,0.0,0.0,0.005736381179817568,0.9317429001201825,0.0,0.0,19.41434536316514,0.0,0.0,1.1102230246251565e-16,0.0,0.04072013778203932
6825.0,0.7532928822474535,0.0,0.2811312,0.0,0.0,0.0,0.7149785674330027,0.0,0.0,0.03831431481445081,0.9260054612910467,0.0,0.0,19.414345141697936,0.0,0.0,0.0,0.0,0.04072018400474179
6826.0,0.7951948309427271,0.0,0.272240124,0.0,0.0,0.0,0.6923666026940551,0.0,0.0,0.10282822824867195,0.8876900953400166,0.0,0.0,19.41434492023074,0.0,0.0,1.1102230246251565e-16,0.0,0.040720230227496726
6827.0,0.8455294183318882,0.0,0.267272127,0.0,0.0,0.0,0.6797318920035612,0.0,0.0,0.165797526328327,0.7848608594476868,0.0,0.0,19.41434469876354,0.0,0.0,0.0,0.0,0.040720276450304134
6828.0,0.8757224619031965,0.0,0.259757916,0.0,0.0,0.0,0.6606215982468763,0.0,0.0,0.21510086365632017,0.6190624422002523,0.0,0.0,19.414344477296343,0.0,0.0,0.0,0.0,0.04072032267316401
6829.0,0.9007377197046166,0.007712026,0.230871145,0.0,0.0,0.008161610808521992,0.5871561765955433,0.0,0.0,0.2932786472456189,0.40396087582758217,0.0,0.012141285054932293,19.41434425582915,0.0,0.0,1.1102230246251565e-16,0.0,0.0407204146545271
6830.0,0.9198535565812881,0.197743197,0.171067505,0.0,0.0,0.20927095084312394,0.4350623469015108,0.0,0.0,0.11068164439565668,0.1106817700338543,0.0,0.16483861444099665,19.402202749307026,0.0,-2.7755575615628914e-17,5.551115123125783e-17,0.0,0.04072041511904117
6831.0,0.9300378200724329,0.53071714,0.168180352,0.0,0.0,0.5616561388786655,0.4277196808583968,0.0,0.0,0.0,0.0,0.05933799966462949,0.0,19.23736391353734,0.0,0.0,0.0,0.0,0.019953003635942067
6832.0,0.9379758067758966,0.62390479,0.199545576,0.0,0.0,0.6602763109917735,0.5074883544269485,0.0,0.013102099807428947,0.0,0.0,0.21668675883539654,0.0,19.266439313924703,0.0,0.0,0.0,0.0,0.017957562221332466
6833.0,0.946650418088476,0.640925985,0.206994824,0.0,0.0,0.6782897835975403,0.5264334329649876,0.0,0.04138603963865518,0.0,0.011791889826686055,0.21668675883539654,0.0,19.372615605974065,0.0,-1.1102230246251565e-16,0.0,0.0,0.017957582605523208
6834.0,0.9531965268968087,0.641442582,0.21063617,0.0,0.0,0.6788364964404237,0.535694177936047,0.0,0.044647388644265366,0.0,0.04903931211614782,0.21668675883539654,0.0,19.478791896812233,0.0,0.0,0.0,0.0,0.01795760298973709
6835.0,0.9581430468010442,0.637183303,0.217814953,0.0,0.0,0.6743289160039844,0.5539514044027372,0.0,0.05345051477028089,0.0,0.08922190622999228,0.21668675883539654,0.0,19.584968186439212,0.0,0.0,1.1102230246251565e-16,0.0,0.017957623373974115
6836.0,0.9631109802113588,0.64308017,0.220950915,0.0,0.0,0.6805695502346801,0.561926846538951,0.0,0.06269865772687584,0.0,0.13732726824478267,0.21668675883539654,0.0,19.691144474854987,0.0,0.0,0.0,0.0,0.017957643758234273
6837.0,0.9625927733642484,0.640432567,0.210180853,0.0,0.0,0.6777676010112887,0.5345362065106488,0.0,0.03302427532229252,0.0,0.1937559043146689,0.21668675883539654,0.0,19.79732076205957,0.0,-1.1102230246251565e-16,0.0,0.0,0.01795766414251757
6838.0,0.9575948610454234,0.605211171,0.189972968,0.0,0.0,0.6404929177717829,0.48314310368836916,0.0,0.0,0.05064559842066787,0.22347753216659252,0.21668675883539654,0.0,19.90349704805296,0.0,0.0,0.0,0.0,0.01995298280758223
6839.0,0.956894639396642,0.453401216,0.212421503,0.0,0.0,0.479832960249695,0.5402346730171012,0.0,0.0,0.011059389974592259,0.17283168006987357,0.0742323838447465,0.0,20.00967333283515,0.0,0.0,1.1102230246251565e-16,0.0,0.019953005456837314
6840.0,0.948230734837102,0.14371847,0.281260929,0.0,0.0,0.15209676654827714,0.7153084968559003,0.0,0.0,0.08082547143292457,0.1617720939088563,0.0,0.0,20.046046972660726,0.0,0.0,0.0,0.0,0.01995302810611811
6841.0,0.925219781204671,0.000384834,0.331810097,0.0,0.0,0.0004072685094535149,0.8438661657363737,0.0,0.0,0.08094634695884367,0.0809464388435748,0.0,0.0,20.04604674398745,0.0,0.0,1.1102230246251565e-16,0.0,0.019953050755424615
6842.0,0.8904977810976664,0.0,0.366326235,0.0,0.0,0.0,0.9316483076706729,0.0,0.0,0.0,0.0,0.041150526573006475,0.0,20.046046515314174,0.0,0.0,0.0,0.0,0.019953006139673077
6843.0,0.8458506209230724,0.0,0.401053103,0.0,0.0,0.0,1.0199663824132663,0.0,0.0,0.0,0.0,0.17411576149019398,0.0,20.066210044661677,0.0,0.0,0.0,0.0,0.019953006367284996
6844.0,0.8037431025694408,0.0,0.420610537,0.0,0.0,0.0,1.0204298614048375,0.0,0.0,0.0,0.0,0.21668675883539654,0.0,20.151526538888586,0.0,0.0,0.04927538366040585,0.0,1.05e-08
6845.0,0.769290912639031,0.0,0.428448934,0.0,0.0,0.0,0.9859776714744276,0.0,0.0,0.0,0.0,0.21668675883539654,0.0,20.257702820841406,0.0,0.0,0.10366234375517724,0.0,1.05e-08
6846.0,0.7437531652892848,0.0,0.434889599,0.0,0.0,0.0,0.9604399241246814,0.0,0.0,0.0,0.0,0.21668675883539654,0.0,20.36387910158303,0.0,0.0,0.14558012090956962,0.0,1.05e-08
6847.0,0.725472455149692,0.0,0.43831698,0.0,0.0,0.0,0.9421592139850886,0.0,0.0,0.0,0.0,0.21668675883539654,0.0,20.47005538111346,0.0,0.0,0.17257741589434172,0.0,1.05e-08
6848.0,0.7179862934244938,0.0,0.435517249,0.0,0.0,0.0,0.9346730522598904,0.0,0.0,0.0,0.0,0.21668675883539654,0.0,20.576231659432697,0.0,0.0,0.17294324497920044,0.0,1.05e-08
6849.0,0.7216437202627771,0.0,0.424215698,0.0,0.0,0.0,0.9383304790981737,0.0,0.0,0.0,0.0,0.21668675883539654,0.0,20.682407936540734,0.0,0.0,0.1405434845125222,0.0,1.05e-08
6850.0,0.7351791974552764,0.0,0.413512834,0.0,0.0,0.0,0.9518659562906729,0.0,0.0,0.0,0.0,0.21668675883539654,0.0,20.788584212437577,0.0,0.0,0.09978826660767848,0.0,1.05e-08
6851.0,0.7597490543302544,0.0,0.410358486,0.0,0.0,0.0,1.0401744022387323,0.0,0.06373858907308129,0.0,0.0,0.21668675883539654,0.0,20.894760487123225,0.0,0.0,0.003457618875451818,0.0,1.05e-08
6852.0,0.7897472349962443,0.0,0.409595213,0.0,0.0,0.0,1.0416908497461526,0.0,0.03525685591451168,0.0,0.05736473016577316,0.21668675883539654,0.0,21.00093676059768,0.0,0.0,2.220446049250313e-16,0.0,1.050001191887853e-08
6853.0,0.825255110776346,0.006708279,0.371869789,0.0,0.0,0.007099348782405701,0.945746786592285,0.0,0.0,0.08909573423705192,0.08909583537240752,0.21668675883539654,0.0,21.107113032860937,0.0,-8.673617379884035e-19,0.0,0.0,1.166669315307843e-08
6854.0,0.8518613920794313,0.249779978,0.318694834,0.0,0.0,0.2643412986674559,0.8042068522473721,0.0,0.0,0.0,0.0,0.21668675883539654,0.0,21.213289303913,0.0,0.0,0.006304310731402807,0.0,1.05e-08
6855.0,0.8687609310769324,0.618824273,0.372188477,0.0,0.0,0.654899617181343,0.43054807273098594,0.0,0.0,0.0,0.0,0.21668675883539654,0.0,21.319465573753867,0.0,-1.1102230246251565e-16,0.5160092076439105,0.0,1.05e-08
6856.0,0.8785083590440669,0.695551564,0.418146064,0.0,0.0,0.7360998475143595,0.35909527036510397,0.0,0.0,0.0,0.0,0.21668675883539654,0.0,21.425641842383538,0.0,0.0,0.704342277002348,0.0,1.05e-08
6857.0,0.8832664400948077,0.688679932,0.426975925,0.0,0.0,0.7288276228092839,0.3711255761209204,0.0,0.0,0.0,0.0,0.21668675883539654,0.0,21.531818109802014,0.0,0.0,0.7147682527564192,0.0,1.05e-08
6858.0,0.8853692463917598,0.672288596,0.424710191,0.0,0.0,0.711480727834641,0.39057527739251546,0.0,0.0,0.0,0.0,0.21668675883539654,0.0,21.637994376009296,0.0,0.0,0.6895562908410244,0.0,1.05e-08
6859.0,0.8868532023630306,0.658910041,0.417094965,0.0,0.0,0.6973222487150936,0.40621771248333344,0.0,0.0,0.0,0.0,0.21668675883539654,0.0,21.744170641005383,0.0,0.0,0.6545466585975652,0.0,1.05e-08
6860.0,0.8921145008066266,0.661523305,0.407418915,0.0,0.0,0.7000878570919224,0.40871340255010064,0.0,0.0,0.0,0.0,0.21668675883539654,0.0,21.85034690479028,0.0,0.0,0.627442642000658,0.0,1.05e-08
6861.0,0.8960010521599545,0.662907073,0.397496406,0.0,0.0,0.7015522940460104,0.4111355169493407,0.0,0.0,0.0,0.0,0.21668675883539654,0.0,21.956523167363972,0.0,-1.1102230246251565e-16,0.5997854015458217,0.0,1.05e-08
6862.0,0.898703436627117,0.629651861,0.392404646,0.0,0.0,0.666358416626654,0.4490317788358597,0.0,0.0,0.0,0.0,0.21668675883539654,0.0,22.06269942872647,0.0,-1.1102230246251565e-16,0.5489396723980644,0.0,1.05e-08
6863.0,0.9060782481207047,0.476272802,0.425598869,0.0,0.0,0.5040378816938966,0.6187271252622047,0.0,0.0,0.0,0.0,0.21668675883539654,0.0,22.16887568887778,0.0,0.0,0.4636645468778001,0.0,1.05e-08
6864.0,0.904613564304905,0.133516318,0.485163903,0.0,0.0,0.1412998638882778,1.1837381280747392,0.0,0.20373766882271546,0.0,0.0,0.21668675883539654,0.0,22.27505194781789,0.0,-2.7755575615628914e-17,0.050140546142652065,0.0,1.05e-08
6865.0,0.8888425170777643,0.000292848,0.478294141,0.0,0.0,0.00030992003943633597,1.2164073562229258,0.0,0.11118800034920119,0.0,0.1833639019404439,0.21668675883539654,0.0,22.381228205546808,0.0,0.0,0.0,0.0,1.050001191887853e-08
6866.0,0.8609814043184528,0.0,0.446469114,0.0,0.0,0.0,1.1354693023428277,0.0,0.05780113918897817,0.0,0.28343289411285894,0.21668675883539654,0.0,22.48740446206453,0.0,0.0,0.0,0.0,1.0500023837770588e-08
6867.0,0.8234777897717938,0.0,0.430889078,0.0,0.0,0.0,1.0958458389213552,0.0,0.055681290314165015,0.0,0.33545359764975824,0.21668675883539654,0.0,22.593580717371054,0.0,0.0,0.0,0.0,1.0500035756676175e-08
6868.0,0.7855202088962612,0.0,0.423659871,0.0,0.0,0.0,1.0774603731155799,0.0,0.07525340538392208,0.0,0.38556637814906447,0.21668675883539654,0.0,22.699756971466385,0.0,0.0,0.0,0.0,1.0500047675595293e-08
6869.0,0.754920308709453,0.0,0.4144514,0.0,0.0,0.0,1.054041202977835,0.0,0.08243413543298557,0.0,0.45329400532663144,0.21668675883539654,0.0,22.805933224350518,0.0,0.0,2.220446049250313e-16,0.0,1.050005959452794e-08
6870.0,0.7297872766245989,0.0,0.398934761,0.0,0.0,0.0,1.01457897209206,0.0,0.06810493663206445,0.0,0.5274842126686942,0.21668675883539654,0.0,22.91210947602346,0.0,0.0,0.0,0.0,1.0500071513474118e-08
6871.0,0.7139648369828686,0.0,0.383731399,0.0,0.0,0.0,0.9759134736239945,0.0,0.04526187780572926,0.0,0.588778056874398,0.21668675883539654,0.0,23.018285726485207,0.0,0.0,0.0,0.0,1.0500083432433824e-08
6872.0,0.7064444136479441,0.0,0.372187234,0.0,0.0,0.0,0.946554119152096,0.0,0.02342294666875528,0.0,0.6295130785599186,0.21668675883539654,0.0,23.124461975735763,0.0,0.0,0.0,0.0,1.050009535140706e-08
6873.0,0.706810584601894,0.0,0.351905515,0.0,0.0,0.0,0.8949732402041218,0.0,0.0,0.02852410323316876,0.6505930159826174,0.21668675883539654,0.0,23.230638223775117,0.0,0.0,0.0,0.0,1.1666785855993142e-08
6874.0,0.7157892677007944,0.0,0.33579744,0.0,0.0,0.0,0.8540068572925014,0.0,0.0,0.07846916924368966,0.6220681742417985,0.21668675883539654,0.0,23.336814470603276,0.0,0.0,0.0,0.0,1.16667990993268e-08
6875.0,0.7344447141967687,0.0,0.331007575,0.0,0.0,0.0,0.8418251755158168,0.0,0.0,0.10930629751634853,0.5435982988698622,0.21668675883539654,0.0,23.44299071622024,0.0,0.0,-1.1102230246251565e-16,0.0,1.1666812342675498e-08
6876.0,0.7623143923585117,0.0,0.325284666,0.0,0.0,0.0,0.8272705573220004,0.0,0.0,0.15173059387190796,0.4342913842987767,0.21668675883539654,0.0,23.549166960626014,0.0,0.0,0.0,0.0,1.1666825586039226e-08
6877.0,0.7991306333600368,0.010786026,0.294336075,0.0,0.0,0.011414814522487247,0.7485614732457756,0.0,0.0,0.2558411044271704,0.28256029744968963,0.21668675883539654,0.0,23.65534320382059,0.0,0.0,1.1102230246251565e-16,0.0,1.1666838829417986e-08
6878.0,0.8297198267938054,0.23296015,0.304003086,0.0,0.0,0.24654093207088573,0.7731468116078609,0.0,0.0,0.026718841950455288,0.026718872279848777,0.21668675883539654,0.0,23.761519445803973,0.0,0.0,1.1102230246251565e-16,0.0,1.1666852072811778e-08
6879.0,0.8552918357532779,0.619682354,0.346746466,0.0,0.0,0.6558077213765555,0.41617087321211904,0.0,0.0,0.0,0.0,0.21668675883539654,0.0,23.86769568657616,0.0,0.0,0.4656817689817618,0.0,1.05e-08
6880.0,0.8757031897477254,0.695823303,0.348235665,0.0,0.0,0.7363874279711029,0.3560025206120191,0.0,0.0,0.0,0.0,0.21668675883539654,0.0,23.973871926137154,0.0,0.0,0.5296374826703595,0.0,1.05e-08
6881.0,0.8903457452045059,0.700715825,0.341468141,0.0,0.0,0.7415651673143224,0.3654673367255801,0.0,0.0,0.0,0.0,0.21668675883539654,0.0,24.08004816448695,0.0,-1.1102230246251565e-16,0.502961362316684,0.0,1.05e-08
6882.0,0.9013886902894164,0.682089356,0.338927509,0.0,0.0,0.7218528387102695,0.39622261041454343,0.0,0.0,0.0,0.0,0.21668675883539654,0.0,24.18622440162555,0.0,0.0,0.46574470181709837,0.0,1.05e-08
6883.0,0.9109797996621745,0.672062082,0.344876584,0.0,0.0,0.711241008841126,0.41642554965644507,0.0,0.0,0.0,0.0,0.21668675883539654,0.0,24.29240063755296,0.0,0.0,0.4606715707254535,0.0,1.05e-08
6884.0,0.9228214685238294,0.682537651,0.35859977,0.0,0.0,0.7223272677795447,0.4171809595796812,0.0,0.0,0.0,0.0,0.21668675883539654,0.0,24.39857687226917,0.0,0.0,0.49481724565831525,0.0,1.05e-08
6885.0,0.9350978315588868,0.691479993,0.368253042,0.0,0.0,0.7317909178140104,0.41999367258027304,0.0,0.0,0.0,0.0,0.21668675883539654,0.0,24.504753105774192,0.0,0.0,0.5165549297164671,0.0,1.05e-08
6886.0,0.9455947322387842,0.669100537,0.371548498,0.0,0.0,0.7081068158700541,0.503629827300434,0.0,0.04945515209630744,0.0,0.0,0.21668675883539654,0.0,24.61092933806801,0.0,0.0,0.44129984550686685,0.0,1.05e-08
6887.0,0.9594385639188202,0.516164333,0.363111481,0.0,0.0,0.5462549528731289,0.9231490171267068,0.0,0.2932786472456189,0.0,0.044509636886676696,0.21668675883539654,0.0,24.71710556915064,0.0,0.0,0.0003234629959404378,0.0,1.05e-08
6888.0,0.9585477620659363,0.142575279,0.378006404,0.0,0.0,0.1508869314126325,0.9613535502726871,0.0,0.0,0.06299403921601325,0.3084603688835096,0.21668675883539654,0.0,24.823281799022073,0.0,0.0,0.0,0.0,1.166669315307843e-08
6889.0,0.9360742874360867,0.00022725,0.393631092,0.0,0.0,0.00024049789980436044,1.0010905735658244,0.0,0.0,0.15142997480585454,0.2454659795248778,0.21668675883539654,0.0,24.929458027682312,0.0,0.0,0.0,0.0,1.166670639630686e-08
6890.0,0.8973608097959673,0.0,0.40107102,0.0,0.0,0.0,1.0200119492909117,0.0,0.0,0.09403561934045218,0.09403572608322594,0.21668675883539654,0.0,25.03563425513136,0.0,0.0,0.0,0.0,1.1666719639550327e-08
6891.0,0.8482724884606008,0.0,0.422079807,0.0,0.0,0.0,1.0649592472959974,0.0,0.0,0.0,0.0,0.21668675883539654,0.0,25.141810481369205,0.0,0.0,0.008482675020907271,0.0,1.05e-08
6892.0,0.8050000753762747,0.0,0.451729581,0.0,0.0,0.0,1.0216868342116712,0.0,0.0,0.0,0.0,0.21668675883539654,0.0,25.247986706395864,0.0,0.0,0.12716099445512397,0.0,1.05e-08
6893.0,0.7718091409539146,0.0,0.475724977,0.0,0.0,0.0,0.9884958997893113,0.0,0.0,0.0,0.0,0.21668675883539654,0.0,25.35416293021132,0.0,0.0,0.2213775064621405,0.0,1.05e-08
6894.0,0.7499952023112963,0.0,0.485075617,0.0,0.0,0.0,0.966681961146693,0.0,0.0,0.0,0.0,0.21668675883539654,0.0,25.460339152815585,0.0,0.0,0.26697218232560704,0.0,1.05e-08
6895.0,0.738750970269244,0.0,0.485983759,0.0,0.0,0.0,0.9554377291046406,0.0,0.0,0.0,0.0,0.21668675883539654,0.0,25.56651537420866,0.0,0.0,0.2805260195135334,0.0,1.05e-08
6896.0,0.7408173736058619,0.0,0.487126675,0.0,0.0,0.0,0.9575041324412584,0.0,0.0,0.0,0.0,0.21668675883539654,0.0,25.672691594390535,0.0,0.0,0.28136630331934687,0.0,1.05e-08
6897.0,0.764961101709869,0.0,0.488742016,0.0,0.0,0.0,0.9816478605452656,0.0,0.0,0.0,0.0,0.21668675883539654,0.0,25.778867813361217,0.0,0.0,0.2613307431956129,0.0,1.05e-08
6898.0,0.8167025564484165,0.0,0.496782562,0.0,0.0,0.0,1.0333893152838132,0.0,0.0,0.0,0.0,0.21668675883539654,0.0,25.885044031120703,0.0,0.0,0.23003816805655175,0.0,1.05e-08
6899.0,0.873628221008676,0.0,0.507289666,0.0,0.0,0.0,1.0903149798440726,0.0,0.0,0.0,0.0,0.21668675883539654,0.0,25.991220247668995,0.0,0.0,0.1998343834078411,0.0,1.05e-08
6900.0,0.9109369726500166,0.0,0.514186839,0.0,0.0,0.0,1.1276237314854132,0.0,0.0,0.0,0.0,0.21668675883539654,0.0,26.097396463006096,0.0,0.0,0.18006666197189047,0.0,1.05e-08
6901.0,0.9424597949488271,0.007528579,0.476368482,0.0,0.0,0.007967469474196753,1.151179084310027,0.0,0.0,0.0,0.0,0.21668675883539654,0.0,26.203572677131994,0.0,0.0,0.060330896903705744,0.0,1.05e-08
6902.0,0.968126023335047,0.247966702,0.467247072,0.0,0.0,0.26242231486210654,0.9223904673083371,0.0,0.0,0.0,0.0,0.21668675883539654,0.0,26.309748890046706,0.0,0.0,0.2659217590679067,0.0,1.05e-08
6903.0,0.9824816378103698,0.6670612,0.4751447,0.0,0.0,0.7059485924795443,0.4932198041662219,0.0,0.0,0.0,0.0,0.21668675883539654,0.0,26.41592510175022,0.0,0.0,0.7151778298544198,0.0,1.05e-08
6904.0,0.991685162723099,0.717048713,0.489645055,0.0,0.0,0.7588502069699432,0.44952171458855233,0.0,0.0,0.0,0.0,0.21668675883539654,0.0,26.52210131224254,0.0,0.0,0.795753516245143,0.0,1.05e-08
6905.0,0.9983747420221605,0.716919692,0.482057556,0.0,0.0,0.75871366448576,0.45634783637179704,0.0,0.0,0.0,0.0,0.21668675883539654,0.0,26.628277521523664,0.0,0.0,0.7696307131777886,0.0,1.05e-08
6906.0,1.0008287298188072,0.700131919,0.471491457,0.0,0.0,0.7409472215863437,0.47656826706786004,0.0,0.0,0.0,0.0,0.21668675883539654,0.0,26.734453729593593,0.0,0.0,0.722538365290125,0.0,1.05e-08
6907.0,0.9994197211188128,0.686131507,0.461236631,0.0,0.0,0.7261306333249762,0.48997584662923316,0.0,0.0,0.0,0.0,0.21668675883539654,0.0,26.84062993645233,0.0,0.0,0.6830505043414328,0.0,1.05e-08
6908.0,1.0010407235289889,0.689264949,0.454145394,0.0,0.0,0.7294467443047729,0.4882807380596126,0.0,0.0,0.0,0.0,0.21668675883539654,0.0,26.94680614209987,0.0,-1.1102230246251565e-16,0.6667110352064516,0.0,1.05e-08
6909.0,1.0032249011490408,0.691560698,0.45194557,0.0,0.0,0.7318763276402094,0.4880353323442281,0.0,0.0,0.0,0.0,0.21668675883539654,0.0,27.05298234653622,0.0,-1.1102230246251565e-16,0.6613618039262812,0.0,1.05e-08
6910.0,1.0078223809041897,0.660329152,0.444817545,0.0,0.0,0.6988240890455194,0.5256850506940668,0.0,0.0,0.0,0.0,0.21668675883539654,0.0,27.159158549761376,0.0,0.0,0.6055839478844091,0.0,1.05e-08
6911.0,1.0216062547672047,0.495953025,0.482075349,0.0,0.0,0.5248653945615819,0.7134276190410194,0.0,0.0,0.0,0.0,0.21668675883539654,0.0,27.26533475177533,0.0,-1.1102230246251565e-16,0.5125961820268976,0.0,1.05e-08
6912.0,1.0184370558675213,0.142038281,0.518331175,0.0,0.0,0.15031862826104112,1.0848051864418768,0.0,0.0,0.0,0.0,0.21668675883539654,0.0,27.371510952578095,0.0,0.0,0.23342516635199662,0.0,1.05e-08
6913.0,0.9924046565273514,0.000182647,0.542912482,0.0,0.0,0.00019329469705420033,1.208898120665694,0.0,0.0,0.0,0.0,0.21668675883539654,0.0,27.477687152169665,0.0,0.0,0.17184791044666858,0.0,1.05e-08
6914.0,0.9472971059720602,0.0,0.555776155,0.0,0.0,0.0,1.1639838648074567,0.0,0.0,0.0,0.0,0.21668675883539654,0.0,27.58386335055004,0.0,0.0,0.24947732027382363,0.0,1.05e-08
6915.0,0.8917783087611872,0.0,0.557563294,0.0,0.0,0.0,1.1084650675965837,0.0,0.0,0.0,0.0,0.21668675883539654,0.0,27.690039547719223,0.0,0.0,0.3095412056215654,0.0,1.05e-08
6916.0,0.8427863482031758,0.0,0.550402907,0.0,0.0,0.0,1.0594731070385723,0.0,0.0,0.0,0.0,0.21668675883539654,0.0,27.796215743677205,0.0,0.0,0.34032272479304293,0.0,1.05e-08
6917.0,0.805884453177335,0.0,0.544862735,0.0,0.0,0.0,1.0225712120127317,0.0,0.0,0.0,0.0,0.21668675883539654,0.0,27.902391938424,0.0,0.0,0.3631347420682376,0.0,1.05e-08
6918.0,0.7802696172057046,0.0,0.540422886,0.0,0.0,0.0,0.9969563760411012,0.0,0.0,0.0,0.0,0.21668675883539654,0.0,28.0085681319596,0.0,0.0,0.3774580640505317,0.0,1.05e-08
6919.0,0.7672801844182183,0.0,0.538542656,0.0,0.0,0.0,0.983966943253615,0.0,0.0,0.0,0.0,0.21668675883539654,0.0,28.114744324284,0.0,0.0,0.3856656577826426,0.0,1.05e-08
6920.0,0.7670275050464869,0.0,0.53407724,0.0,0.0,0.0,0.9837142638818834,0.0,0.0,0.0,0.0,0.21668675883539654,0.0,28.22092051539721,0.0,0.0,0.3745618006522984,0.0,1.05e-08
6921.0,0.7877836164888053,0.0,0.524995263,0.0,0.0,0.0,1.004470375324202,0.0,0.0,0.0,0.0,0.21668675883539654,0.0,28.327096705299226,0.0,0.0,0.33070822117754695,0.0,1.05e-08
6922.0,0.8399040902849502,0.0,0.515073053,0.0,0.0,0.0,1.0565908491203468,0.0,0.0,0.0,0.0,0.21668675883539654,0.0,28.433272893990047,0.0,0.0,0.2533533817486673,0.0,1.05e-08
6923.0,0.8955385204286495,0.0,0.508164337,0.0,0.0,0.0,1.1817554480236305,0.0,0.06953016875958472,0.0,0.0,0.21668675883539654,0.0,28.539449081469673,0.0,0.0,0.11061839624837333,0.0,1.05e-08
6924.0,0.9254638951739709,0.0,0.497165069,0.0,0.0,0.0,1.2644002828976288,0.0,0.1222496288882616,0.0,0.06257715188362624,0.21668675883539654,0.0,28.645625267738104,0.0,0.0,2.220446049250313e-16,0.0,1.050001191887853e-08
6925.0,0.9471493527801155,0.005483343,0.431433188,0.0,0.0,0.005803003192109753,1.0972296305045235,0.0,0.0,0.060803477918878725,0.17260174684985927,0.21668675883539654,0.0,28.751801452795345,0.0,-8.673617379884035e-19,2.220446049250313e-16,0.0,1.166669315307843e-08
6926.0,0.9616248828894802,0.21051212,0.331756335,0.0,0.0,0.22278425849664907,0.8437294371280146,0.0,0.0,0.11179794610021303,0.11179807300555965,0.21668675883539654,0.0,28.857977636641387,0.0,0.0,1.1102230246251565e-16,0.0,1.166670639630686e-08
6927.0,0.9673722679210682,0.592915761,0.327547225,0.0,0.0,0.6274807273109093,0.5565782994455556,0.0,0.0,0.0,0.0,0.21668675883539654,0.0,28.964153819276234,0.0,-1.1102230246251565e-16,0.27644644379587546,0.0,1.05e-08
6928.0,0.969826255717715,0.661827958,0.363665528,0.0,0.0,0.7004102703225896,0.4861027442305219,0.0,0.0,0.0,0.0,0.21668675883539654,0.0,29.07033000069989,0.0,0.0,0.4387787994551541,0.0,1.05e-08
6929.0,0.975171066835019,0.654178756,0.382655267,0.0,0.0,0.6923151459389622,0.49954267973145333,0.0,0.0,0.0,0.0,0.21668675883539654,0.0,29.17650618091235,0.0,0.0,0.47363395317287443,0.0,1.05e-08
6930.0,0.977963388027713,0.639623555,0.385584267,0.0,0.0,0.6769114263713921,0.5177387204917175,0.0,0.0,0.0,0.0,0.21668675883539654,0.0,29.28268235991362,0.0,-1.1102230246251565e-16,0.46288700459452115,0.0,1.05e-08
6931.0,0.9784045062529392,0.626712974,0.386882046,0.0,0.0,0.663248202539691,0.5318430625486449,0.0,0.0,0.0,0.0,0.21668675883539654,0.0,29.38885853770369,0.0,0.0,0.4520832004012839,0.0,1.05e-08
6932.0,0.9788392004263418,0.627318173,0.388796522,0.0,0.0,0.6638886825769349,0.5316372766848034,0.0,0.0,0.0,0.0,0.21668675883539654,0.0,29.49503471428257,0.0,0.0,0.45715792044199677,0.0,1.05e-08
6933.0,0.9822782095026198,0.623232972,0.390798551,0.0,0.0,0.6595653282940805,0.5393996400439358,0.0,0.0,0.0,0.0,0.21668675883539654,0.0,29.601210889650254,0.0,-1.1102230246251565e-16,0.45448715782436633,0.0,1.05e-08
6934.0,0.9898671560569968,0.593772882,0.398166555,0.0,0.0,0.6283878155413964,0.7119721620822658,0.0,0.13380606273126883,0.0,0.0,0.21668675883539654,0.0,29.707387063806745,0.0,0.0,0.30065309293615206,0.0,1.05e-08
6935.0,1.004683160913017,0.431464392,0.441628055,0.0,0.0,0.45661729424143144,1.058031272752601,0.0,0.2932786472456189,0.0,0.12042545645814194,0.21668675883539654,0.0,29.813563236752042,0.0,0.0,0.06512615019484613,0.0,1.05e-08
6936.0,1.0029443842194068,0.125845003,0.462933677,0.0,0.0,0.13318133739218238,1.1773423127634084,0.0,0.09089250710078757,0.0,0.38437610228065056,0.21668675883539654,0.0,29.919739408486144,0.0,-2.7755575615628914e-17,2.220446049250313e-16,0.0,1.0500023837770588e-08
6937.0,0.9782032192957971,0.000135004,0.46031836,0.0,0.0,0.00014287427267409408,1.1706909855466388,0.0,0.0,0.024056118311880984,0.4661789223545144,0.21668675883539654,0.0,30.02591557900905,0.0,0.0,0.0,0.0,1.166670639630686e-08
6938.0,0.9325796032440032,0.0,0.445791846,0.0,0.0,0.0,1.133746860634443,0.0,0.0,0.01551950144495688,0.44212227486895334,0.21668675883539654,0.0,30.132091748320764,0.0,0.0,0.0,0.0,1.1666719639550327e-08
6939.0,0.8818510073429897,0.0,0.436081537,0.0,0.0,0.0,1.1090514059209433,0.0,0.010513639742557163,0.0,0.4266022715577385,0.21668675883539654,0.0,30.238267916421286,0.0,0.0,2.220446049250313e-16,0.0,1.050005959452794e-08
6940.0,0.8374158408785771,0.0,0.431652999,0.0,0.0,0.0,1.097788658296124,0.0,0.043686058582150314,0.0,0.43606406307700346,0.21668675883539654,0.0,30.344444083310613,0.0,0.0,0.0,0.0,1.0500071513474118e-08
6941.0,0.7995267832224972,0.0,0.424398452,0.0,0.0,0.0,1.079338747288611,0.0,0.06312520523071709,0.0,0.4753810208115388,0.21668675883539654,0.0,30.450620248988745,0.0,0.0,0.0,0.0,1.0500083432433824e-08
6942.0,0.7748348693628692,0.0,0.424176478,0.0,0.0,0.0,1.0787742185115583,0.0,0.0872525903132925,0.0,0.532193165899926,0.21668675883539654,0.0,30.556796413455682,0.0,0.0,0.0,0.0,1.050009535140706e-08
6943.0,0.7607040967013753,0.0,0.427038321,0.0,0.0,0.0,1.0860525156495426,0.0,0.10866166011277091,0.0,0.610719893073461,0.21668675883539654,0.0,30.662972576711425,0.0,0.0,2.220446049250313e-16,0.0,1.0500107270393827e-08
6944.0,0.7602351409182464,0.0,0.429056805,0.0,0.0,0.0,1.0911859650806497,0.0,0.11426406532700668,0.0,0.7085146939284825,0.21668675883539654,0.0,30.769148738755977,0.0,0.0,0.0,0.0,1.0500119189394123e-08
6945.0,0.7820854825211989,0.0,0.421370937,0.0,0.0,0.0,1.0716391097614282,0.0,0.07286686840483259,0.0,0.811351548466504,0.21668675883539654,0.0,30.875324899589337,0.0,0.0,0.0,0.0,1.0500131108407949e-08
6946.0,0.8367263259828351,0.0,0.409549735,0.0,0.0,0.0,1.0415751891745415,0.0,0.0,0.0118378956436901,0.8769308090413701,0.21668675883539654,0.0,30.981501059211496,0.0,0.0,0.0,0.0,1.1666825586039226e-08
6947.0,0.8933821803665,0.0,0.397875014,0.0,0.0,0.0,1.011883802036579,0.0,0.0,0.09818513716531761,0.8650919179672109,0.21668675883539654,0.0,31.087677217622463,0.0,0.0,0.0,0.0,1.1666838829417986e-08
6948.0,0.9191083665697408,0.0,0.375684521,0.0,0.0,0.0,0.9554484903537344,0.0,0.0,0.180346635051403,0.7669057988101042,0.21668675883539654,0.0,31.19385337482224,0.0,0.0,1.1102230246251565e-16,0.0,1.1666852072811778e-08
6949.0,0.9370057749505206,0.002713265,0.308146671,0.0,0.0,0.0028714390940051838,0.783684860986005,0.0,0.0,0.2932786472456189,0.5865582932209219,0.14282917237510842,0.0,31.30002953081082,0.0,0.0,0.0,0.0,0.01995303049416381
6950.0,0.9468881080059524,0.166524691,0.260958471,0.0,0.0,0.17623251243595198,0.6636748740626682,0.0,0.0,0.2932786472456189,0.2932789801553876,0.18629792573828666,0.0,31.370015468222665,0.0,0.0,0.0,0.0,0.019953030721776014
6951.0,0.9495005557475833,0.523165666,0.252741429,0.0,0.0,0.5536644397040682,0.6125228748789115,0.0,0.0,0.0,0.0,0.21668675883539654,0.0,31.46130109398411,0.0,0.0,0.030254251378828534,0.0,1.05e-08
6952.0,0.9503292584328383,0.617553384,0.256076771,0.0,0.0,0.6535546396879021,0.546663039476618,0.0,0.03320166189628511,0.0,0.0,0.21668675883539654,0.0,31.567477246921808,0.0,0.0,0.10459659617552264,0.0,1.05e-08
6953.0,0.9537853983139796,0.620273912,0.257480431,0.0,0.0,0.6564337651900317,0.6548294522216391,0.0,0.1407910602622947,0.0,0.0298814957066566,0.21668675883539654,0.0,31.673653398648312,0.0,0.0,1.1102230246251565e-16,0.0,1.050001191887853e-08
6954.0,0.9560852088668579,0.606427752,0.251784848,0.0,0.0,0.6417804212940794,0.6403443300650242,0.0,0.10935278365684911,0.0,0.1565934160233396,0.21668675883539654,0.0,31.779829549163622,0.0,0.0,0.0,0.0,1.0500023837770588e-08
6955.0,0.9571280466129024,0.593266723,0.245536765,0.0,0.0,0.627852149198307,0.6244540787071439,0.0,0.07849142245715193,0.0,0.2550107435606195,0.21668675883539654,0.0,31.886005698467738,0.0,0.0,0.0,0.0,1.0500035756676175e-08
6956.0,0.9604471400551384,0.591622233,0.240003655,0.0,0.0,0.6261117910409945,0.6103821611780713,0.0,0.059360053328530865,0.0,0.3256527343017109,0.21668675883539654,0.0,31.99218184656066,0.0,0.0,0.0,0.0,1.0500047675595293e-08
6957.0,0.9634471722567982,0.588780498,0.23762188,0.0,0.0,0.6231043925842265,0.6043247827104813,0.0,0.04729524420251292,0.0,0.3790764126392004,0.21668675883539654,0.0,32.098357993442384,0.0,-1.1102230246251565e-16,0.0,0.0,1.050005959452794e-08
6958.0,0.9694814982698441,0.559444926,0.24323494,0.0,0.0,0.5920586568061863,0.6186000307004429,0.0,0.024490430401388538,0.0,0.4216417021204537,0.21668675883539654,0.0,32.20453413911292,0.0,0.0,0.0,0.0,1.0500071513474118e-08
6959.0,0.9866015963799581,0.431288,0.296290705,0.0,0.0,0.4564306191895402,0.7535325278895205,0.0,0.00667479186370607,0.0,0.4436826108635581,0.21668675883539654,0.0,32.31071028357226,0.0,0.0,1.1102230246251565e-16,0.0,1.0500083432433824e-08
6960.0,0.9857985899019979,0.13083637,0.348539898,0.0,0.0,0.13846368406172158,0.8864137348159324,0.0,0.0,0.17760792985974044,0.44968941990345146,0.21668675883539654,0.0,32.41688642682041,0.0,2.7755575615628914e-17,0.0,0.0,1.1666772612674513e-08
6961.0,0.9622887015779275,0.00010071,0.386949469,0.0,0.0,0.00010658104945785322,0.9840977344904481,0.0,0.0,0.19477114487341815,0.27208097958775984,0.21668675883539654,0.0,32.52306256885736,0.0,-1.3552527156068805e-20,0.0,0.0,1.1666785855993142e-08
6962.0,0.9187550437194383,0.0,0.416060054,0.0,0.0,0.0,1.0581323644441376,0.0,0.0,0.07730943811069725,0.07730952586705934,0.21668675883539654,0.0,32.62923870968312,0.0,0.0,0.0,0.0,1.16667990993268e-08
6963.0,0.8689215323725245,0.0,0.448015425,0.0,0.0,0.0,1.085608291207921,0.0,0.0,0.0,0.0,0.21668675883539654,0.0,32.73541484929769,0.0,0.0,0.05379362061968074,0.0,1.05e-08
6964.0,0.8238139818172332,0.0,0.464496185,0.0,0.0,0.0,1.0405007406526297,0.0,0.0,0.0,0.0,0.21668675883539654,0.0,32.84159098770106,0.0,0.0,0.14081537413432743,0.0,1.05e-08
6965.0,0.7889249563628129,0.0,0.460762524,0.0,0.0,0.0,1.1450484860580135,0.0,0.13943677085980408,0.0,0.0,0.21668675883539654,0.0,32.94776712489324,0.0,0.0,0.026772106378309957,0.0,1.05e-08
6966.0,0.7651473992127558,0.0,0.452459099,0.0,0.0,0.0,1.150703153634485,0.0,0.1688689955863326,0.0,0.12549309377382367,0.21668675883539654,0.0,33.05394326087422,0.0,0.0,0.0,0.0,1.050001191887853e-08
6967.0,0.7523806668884905,0.0,0.445249644,0.0,0.0,0.0,1.132367921515557,0.0,0.16330049579167016,0.0,0.2774750473505474,0.21668675883539654,0.0,33.16011939564402,0.0,0.0,2.220446049250313e-16,0.0,1.0500023837770588e-08
6968.0,0.7519523967669117,0.0,0.439087564,0.0,0.0,0.0,1.116696394730883,0.0,0.1480572391285748,0.0,0.4244451785928001,0.21668675883539654,0.0,33.266295529202615,0.0,0.0,2.220446049250313e-16,0.0,1.0500035756676175e-08
6969.0,0.7732524112636353,0.0,0.426572077,0.0,0.0,0.0,1.084866754456213,0.0,0.09492758435718109,0.0,0.5576962120080619,0.21668675883539654,0.0,33.372471661550016,0.0,0.0,0.0,0.0,1.0500047675595293e-08
6970.0,0.8280988243836295,0.0,0.418603327,0.0,0.0,0.0,1.0646004678995031,0.0,0.01981488468047695,0.0,0.6431304048718237,0.21668675883539654,0.0,33.478647792686225,0.0,0.0,0.0,0.0,1.050005959452794e-08
6971.0,0.8838317566552918,0.0,0.420541152,0.0,0.0,0.0,1.0695287837265468,0.0,0.0,0.03098973176414146,0.6609630710476365,0.21668675883539654,0.0,33.58482392261124,0.0,0.0,0.0,0.0,1.1666746126082354e-08
6972.0,0.9109648102079192,0.0,0.421982879,0.0,0.0,0.0,1.0731954130622074,0.0,0.0,0.05445615598110824,0.6299725890044842,0.21668675883539654,0.0,33.69100005132507,0.0,0.0,0.0,0.0,1.1666759369370917e-08
6973.0,0.9272883258918967,0.002281966,0.383834103,0.0,0.0,0.002414996833553167,0.9761746725189931,0.0,0.0,0.165385415374747,0.5755157179225909,0.21668675883539654,0.0,33.7971761788277,0.0,-4.336808689942018e-19,0.0,0.0,1.1666772612674513e-08
6974.0,0.9366931377617681,0.15003881,0.245073043,0.0,0.0,0.1587855608103211,0.6232747315153446,0.0,0.0,0.2932786472456189,0.41012964926268713,0.13864580180951655,0.0,33.903352305119135,0.0,0.0,0.0,0.0,0.019953036184469666
6975.0,0.9365175470119207,0.500528751,0.199214373,0.0,0.0,0.5297078697786565,0.5066460322426107,0.0,0.0,0.11685040382604998,0.11685053646659944,0.21668675883539654,0.0,33.97128836125669,0.0,0.0,0.0,0.0,1.16667990993268e-08
6976.0,0.9340956794743924,0.592313007,0.243372615,0.0,0.0,0.6268428348088249,0.5239396035009641,0.0,0.0,0.0,0.0,0.21668675883539654,0.0,34.07746448556196,0.0,0.0,0.09501056505067185,0.0,1.05e-08
6977.0,0.934125658382903,0.597979573,0.27220092,0.0,0.0,0.6328397422768239,0.5179726749414755,0.0,0.0,0.0,0.0,0.21668675883539654,0.0,34.183640608656034,0.0,1.1102230246251565e-16,0.17429422334496647,0.0,1.05e-08
6978.0,0.9347744876170948,0.583047969,0.287708502,0.0,0.0,0.6170376766983404,0.534423569754151,0.0,0.0,0.0,0.0,0.21668675883539654,0.0,34.28981673053892,0.0,0.0,0.1972825254720465,0.0,1.05e-08
6979.0,0.9365753634783339,0.570614051,0.297363645,0.0,0.0,0.6038789036935456,0.5493832186201849,0.0,0.0,0.0,0.0,0.21668675883539654,0.0,34.39599285121061,0.0,-1.1102230246251565e-16,0.20687803202988864,0.0,1.05e-08
6980.0,0.9408280857856117,0.571769436,0.303438054,0.0,0.0,0.605101643697794,0.5524132009232142,0.0,0.0,0.0,0.0,0.21668675883539654,0.0,34.5021689706711,0.0,0.0,0.21929660984691057,0.0,1.05e-08
6981.0,0.9455026541626448,0.571378888,0.310637589,0.0,0.0,0.6046883280816321,0.5575010849164092,0.0,0.0,0.0,0.0,0.21668675883539654,0.0,34.6083450889204,0.0,0.0,0.23251872922752737,0.0,1.05e-08
6982.0,0.952905303214135,0.554776654,0.346100996,0.0,0.0,0.5871182404730048,0.5824738215765267,0.0,0.0,0.0,0.0,0.21668675883539654,0.0,34.71452120595851,0.0,0.0,0.29773724822723524,0.0,1.05e-08
6983.0,0.9731132289008326,0.428667307,0.405582894,0.0,0.0,0.4536571487273532,0.736142839008876,0.0,0.0,0.0,0.0,0.21668675883539654,0.0,34.820697321785424,0.0,0.0,0.2953437997115911,0.0,1.05e-08
6984.0,0.9769141262298449,0.11904317,0.459579561,0.0,0.0,0.12598298073070824,1.0676179043345333,0.0,0.0,0.0,0.0,0.21668675883539654,0.0,34.926873436401145,0.0,0.0,0.10119415261705478,0.0,1.05e-08
6985.0,0.9570852196007446,9.68e-05,0.495850937,0.0,0.0,0.00010244310979565276,1.1736695353263455,0.0,0.0,0.0,0.0,0.21668675883539654,0.0,35.033049549805675,0.0,0.0,0.08738862042645623,0.0,1.05e-08
6986.0,0.9167635876540967,0.0,0.516347251,0.0,0.0,0.0,1.1334503464894932,0.0,0.0,0.0,0.0,0.21668675883539654,0.0,35.139225661999006,0.0,0.0,0.1797344505659353,0.0,1.05e-08
6987.0,0.8681570702055063,0.0,0.538384703,0.0,0.0,0.0,1.0848438290409028,0.0,0.0,0.0,0.0,0.21668675883539654,0.0,35.24540177298115,0.0,0.0,0.28438706272344993,0.0,1.05e-08
6988.0,0.8252444040233065,0.0,0.547401179,0.0,0.0,0.0,1.041931162858703,0.0,0.0,0.0,0.0,0.21668675883539654,0.0,35.351577882752096,0.0,0.0,0.3502306134669295,0.0,1.05e-08
6989.0,0.7896808531273996,0.0,0.544151906,0.0,0.0,0.0,1.0063676119627962,0.0,0.0,0.0,0.0,0.21668675883539654,0.0,35.457753991311854,0.0,0.0,0.3775305473941797,0.0,1.05e-08
6990.0,0.7663936652665502,0.0,0.534095432,0.0,0.0,0.0,0.9830804241019467,0.0,0.0,0.0,0.0,0.21668675883539654,0.0,35.56393009866041,0.0,0.0,0.37524190669545565,0.0,1.05e-08
6991.0,0.7537768274848375,0.0,0.513400877,0.0,0.0,0.0,0.9704635863202341,0.0,0.0,0.0,0.0,0.21668675883539654,0.0,35.670106204797776,0.0,0.0,0.33522793264424655,0.0,1.05e-08
6992.0,0.7540766165699427,0.0,0.492272823,0.0,0.0,0.0,0.9707633754053393,0.0,0.0,0.0,0.0,0.21668675883539654,0.0,35.77628230972395,0.0,0.0,0.2811948482807549,0.0,1.05e-08
6993.0,0.7742973903602877,0.0,0.474264234,0.0,0.0,0.0,0.9909841491956843,0.0,0.0,0.0,0.0,0.21668675883539654,0.0,35.88245841343893,0.0,0.0,0.21517426584338062,0.0,1.05e-08
6994.0,0.8287433709166057,0.0,0.464272741,0.0,0.0,0.0,1.1009778279132534,0.0,0.055547698161251234,0.0,0.0,0.21668675883539654,0.0,35.98863451594272,0.0,0.0,0.07977001956284835,0.0,1.05e-08
6995.0,0.8824334547083369,0.0,0.46215991,0.0,0.0,0.0,1.1753744528418242,0.0,0.07625423929809065,0.0,0.049992928345126114,0.21668675883539654,0.0,36.09481061723531,0.0,0.0,0.0,0.0,1.050001191887853e-08
6996.0,0.9089497992858908,0.0,0.457569712,0.0,0.0,0.0,1.163700568227545,0.0,0.03806401010625758,0.0,0.11862168696493496,0.21668675883539654,0.0,36.20098671731671,0.0,0.0,0.0,0.0,1.0500023837770588e-08
6997.0,0.9239863632545239,0.001654883,0.42108197,0.0,0.0,0.0017513570337599096,1.0709042030285738,0.0,0.0,0.0680175620275867,0.15287916140953126,0.21668675883539654,0.0,36.307162816186924,0.0,-2.168404344971009e-19,2.220446049250313e-16,0.0,1.166670639630686e-08
6998.0,0.9328108691096558,0.18819335,0.340305528,0.0,0.0,0.1991643803394805,0.8654719180901003,0.0,0.0,0.08486132951547173,0.08486142584422206,0.21668675883539654,0.0,36.41333891384594,0.0,-2.7755575615628914e-17,0.0,0.0,1.1666719639550327e-08
6999.0,0.9335539177705952,0.612665604,0.385038131,0.0,0.0,0.6483819187871067,0.5018587578188851,0.0,0.0,0.0,0.0,0.21668675883539654,0.0,36.51951501029376,0.0,-1.1102230246251565e-16,0.47737802311991073,0.0,1.05e-08
7000.0,0.9340849727213529,0.679815966,0.438438721,0.0,0.0,0.719446917828262,0.4313248137284875,0.0,0.0,0.0,0.0,0.21668675883539654,0.0,36.625691105530386,0.0,-1.1102230246251565e-16,0.6837214303302932,0.0,1.05e-08
7001.0,0.9371578108436811,0.664146246,0.449480388,0.0,0.0,0.7028637066048411,0.45098086307423657,0.0,0.0,0.0,0.0,0.21668675883539654,0.0,36.73186719955582,0.0,0.0,0.6921467723553073,0.0,1.05e-08
7002.0,0.9401771152008119,0.645879933,0.450511866,0.0,0.0,0.6835325298670233,0.4733313441691851,0.0,0.0,0.0,0.0,0.21668675883539654,0.0,36.83804329237006,0.0,0.0,0.6724195670219202,0.0,1.05e-08
7003.0,0.9406353642309013,0.63427847,0.44985204,0.0,0.0,0.6712547411490564,0.4860673819172416,0.0,0.0,0.0,0.0,0.21668675883539654,0.0,36.944219383973106,0.0,0.0,0.6580054464134943,0.0,1.05e-08
7004.0,0.9451900169738923,0.639382805,0.446728814,0.0,0.0,0.6766566414676389,0.4852201343416499,0.0,0.0,0.0,0.0,0.21668675883539654,0.0,37.05039547436496,0.0,-1.1102230246251565e-16,0.6509096423062791,0.0,1.05e-08
7005.0,0.9476782663802653,0.647930476,0.44383061,0.0,0.0,0.685702612529107,0.4786624126865548,0.0,0.0,0.0,0.0,0.21668675883539654,0.0,37.156571563545626,0.0,0.0,0.6500965927910147,0.0,1.05e-08
7006.0,0.9503057035761515,0.644743421,0.447087505,0.0,0.0,0.6823297630942953,0.4846626993172528,0.0,0.0,0.0,0.0,0.21668675883539654,0.0,37.26274765151509,0.0,0.0,0.6523793075538998,0.0,1.05e-08
7007.0,0.9563550190434525,0.475503176,0.482328616,0.0,0.0,0.5032233891234463,0.6698183887554027,0.0,0.0,0.0,0.0,0.21668675883539654,0.0,37.36892373827337,0.0,0.0,0.5568495260815945,0.0,1.05e-08
7008.0,0.9489223910834518,0.110537065,0.522937974,0.0,0.0,0.11698099882525008,1.0486281510935982,0.0,0.0,0.0,0.0,0.21668675883539654,0.0,37.47509982382045,0.0,-1.3877787807814457e-17,0.2813183063143194,0.0,1.05e-08
7009.0,0.9279778407876387,6.13e-05,0.547108222,0.0,0.0,6.487358089332143e-05,1.1445997260421419,0.0,0.0,0.0,0.0,0.21668675883539654,0.0,37.58127590815634,0.0,0.0,0.2468169961017439,0.0,1.05e-08
7010.0,0.8936883935034288,0.0,0.552273448,0.0,0.0,0.0,1.1103751523388252,0.0,0.0,0.0,0.0,0.21668675883539654,0.0,37.68745199128104,0.0,0.0,0.2941778772869328,0.0,1.05e-08
7011.0,0.8515166346315605,0.0,0.552290591,0.0,0.0,0.0,1.068203393466957,0.0,0.0,0.0,0.0,0.21668675883539654,0.0,37.79362807319454,0.0,0.0,0.3363932345839544,0.0,1.05e-08
7012.0,0.809953019332334,0.0,0.551052941,0.0,0.0,0.0,1.0266397781677306,0.0,0.0,0.0,0.0,0.21668675883539654,0.0,37.89980415389685,0.0,0.0,0.3748092333113331,0.0,1.05e-08
7013.0,0.7744965359668218,0.0,0.550037402,0.0,0.0,0.0,0.9911832948022183,0.0,0.0,0.0,0.0,0.21668675883539654,0.0,38.005980233387966,0.0,0.0,0.40768297730322756,0.0,1.05e-08
7014.0,0.7465818894423131,0.0,0.551142802,0.0,0.0,0.0,0.9632686482777097,0.0,0.0,0.0,0.0,0.21668675883539654,0.0,38.112156311667896,0.0,0.0,0.43840889951837636,0.0,1.05e-08
7015.0,0.7289864114972464,0.0,0.549032678,0.0,0.0,0.0,0.9456731703326431,0.0,0.0,0.0,0.0,0.21668675883539654,0.0,38.21833238873663,0.0,0.0,0.4506378673264464,0.0,1.05e-08
7016.0,0.7216651337688561,0.0,0.540267679,0.0,0.0,0.0,0.9383518926042527,0.0,0.0,0.0,0.0,0.21668675883539654,0.0,38.32450846459417,0.0,0.0,0.4356678218983472,0.0,1.05e-08
7017.0,0.7266651874382891,0.0,0.522986239,0.0,0.0,0.0,0.9433519462736857,0.0,0.0,0.0,0.0,0.21668675883539654,0.0,38.43068453924051,0.0,0.0,0.386717259660746,0.0,1.05e-08
7018.0,0.7419351586231826,0.0,0.517550756,0.0,0.0,0.0,0.9586219174585793,0.0,0.0,0.0,0.0,0.21668675883539654,0.0,38.53686061267567,0.0,0.0,0.35762365791244854,0.0,1.05e-08
7019.0,0.7677962499147208,0.0,0.517830725,0.0,0.0,0.0,0.9844830087501174,0.0,0.0,0.0,0.0,0.21668675883539654,0.0,38.64303668489963,0.0,0.0,0.33247458945774133,0.0,1.05e-08
7020.0,0.7991884498264499,0.0,0.516891458,0.0,0.0,0.0,1.0158752086618463,0.0,0.0,0.0,0.0,0.21668675883539654,0.0,38.74921275591239,0.0,0.0,0.2986936266691169,0.0,1.05e-08
7021.0,0.8328333505776835,0.00207043,0.462786997,0.0,0.0,0.002191129006345179,1.047328980406735,0.0,0.0,0.0,0.0,0.21668675883539654,0.0,38.85538882571396,0.0,0.0,0.12964029280691514,0.0,1.05e-08
7022.0,0.8591612563017428,0.21859372,0.377080142,0.0,0.0,0.23133698820867954,0.8445110269284598,0.0,0.0,0.0,0.0,0.21668675883539654,0.0,38.961564894304345,0.0,-2.7755575615628914e-17,0.11448683504699231,0.0,1.05e-08
7023.0,0.8742706261910442,0.616667971,0.371180966,0.0,0.0,0.6526176101303246,0.43833977489611614,0.0,0.0,0.0,0.0,0.21668675883539654,0.0,39.06774096168353,0.0,0.0,0.5056551830775207,0.0,1.05e-08
7024.0,0.8815490769072766,0.69187525,0.403123893,0.0,0.0,0.732209216948809,0.3660266187938641,0.0,0.0,0.0,0.0,0.21668675883539654,0.0,39.17391702785152,0.0,0.0,0.6592062387301498,0.0,1.05e-08
7025.0,0.881337083197095,0.675484299,0.400158506,0.0,0.0,0.7148627294183527,0.3831611126141389,0.0,0.0,0.0,0.0,0.21668675883539654,0.0,39.28009309280833,0.0,-1.1102230246251565e-16,0.634530112571862,0.0,1.05e-08
7026.0,0.8785105003946747,0.653548365,0.392540787,0.0,0.0,0.6916480052940532,0.403549253936018,0.0,0.0,0.0,0.0,0.21668675883539654,0.0,39.38626915655394,0.0,0.0,0.5947684338491992,0.0,1.05e-08
7027.0,0.8765790021463542,0.64036751,0.38509877,0.0,0.0,0.6776987514101114,0.41556700957163945,0.0,0.0,0.0,0.0,0.21668675883539654,0.0,39.49244521908836,0.0,-1.1102230246251565e-16,0.5638239897013384,0.0,1.05e-08
7028.0,0.8776047090875355,0.646050712,0.378749329,0.0,0.0,0.6837132647001616,0.41057820322277044,0.0,0.0,0.0,0.0,0.21668675883539654,0.0,39.59862128041158,0.0,0.0,0.5526647689718172,0.0,1.05e-08
7029.0,0.8815255220505898,0.657962657,0.370876999,0.0,0.0,0.6963196354596118,0.40189264542637443,0.0,0.0,0.0,0.0,0.21668675883539654,0.0,39.70479734052361,0.0,0.0,0.5413292575103013,0.0,1.05e-08
7030.0,0.8889881289191011,0.637524817,0.357057875,0.0,0.0,0.674690339105211,0.4309845486492865,0.0,0.0,0.0,0.0,0.21668675883539654,0.0,39.81097339942445,0.0,0.0,0.47709227796466513,0.0,1.05e-08
7031.0,0.9025278888128161,0.460368565,0.419333441,0.0,0.0,0.48720648192936067,0.6320081657188519,0.0,0.0,0.0,0.0,0.21668675883539654,0.0,39.91714945711409,0.0,-5.551115123125783e-17,0.43444914290762404,0.0,1.05e-08
7032.0,0.903420832016308,0.102294236,0.515815108,0.0,0.0,0.1082576410125043,1.0118499498392002,0.0,0.0,0.0,0.0,0.21668675883539654,0.0,40.023325513592546,0.0,-1.3877787807814457e-17,0.2999814903500764,0.0,1.05e-08
7033.0,0.888626240666367,4.76e-05,0.567470515,0.0,0.0,5.037491762678793e-05,1.1052626245841368,0.0,0.0,0.0,0.0,0.21668675883539654,0.0,40.1295015688598,0.0,-6.776263578034403e-21,0.3379398939380629,0.0,1.05e-08
7034.0,0.8602426383587293,0.0,0.57836809,0.0,0.0,0.0,1.0769293971941258,0.0,0.0,0.0,0.0,0.21668675883539654,0.0,40.23567762291587,0.0,0.0,0.39398805500314693,0.0,1.05e-08
7035.0,0.8242658067954989,0.0,0.581128946,0.0,0.0,0.0,1.0409525656308956,0.0,0.0,0.0,0.0,0.21668675883539654,0.0,40.34185367576075,0.0,0.0,0.43698635151857323,0.0,1.05e-08
7036.0,0.7903510958676705,0.0,0.580635977,0.0,0.0,0.0,1.0070378547030672,0.0,0.0,0.0,0.0,0.21668675883539654,0.0,40.44802972739443,0.0,0.0,0.4696473336912552,0.0,1.05e-08
7037.0,0.7599310691319254,0.0,0.577706331,0.0,0.0,0.0,0.976617827967322,0.0,0.0,0.0,0.0,0.21668675883539654,0.0,40.554205777816925,0.0,0.0,0.49261662532479245,0.0,1.05e-08
7038.0,0.7381620988520731,0.0,0.567464778,0.0,0.0,0.0,0.9548488576874697,0.0,0.0,0.0,0.0,0.21668675883539654,0.0,40.66038182702821,0.0,0.0,0.4883390703800191,0.0,1.05e-08
7039.0,0.7258129298963472,0.0,0.551908605,0.0,0.0,0.0,0.9424996887317437,0.0,0.0,0.0,0.0,0.21668675883539654,0.0,40.76655787502832,0.0,0.0,0.4611254647796664,0.0,1.05e-08
7040.0,0.7209477813152115,0.0,0.533213783,0.0,0.0,0.0,0.9376345401506082,0.0,0.0,0.0,0.0,0.21668675883539654,0.0,40.87273392181723,0.0,0.0,0.4184455630356335,0.0,1.05e-08
7041.0,0.7246566005680843,0.0,0.502999993,0.0,0.0,0.0,0.9665096795055739,0.0,0.025166320102092885,0.0,0.0,0.21668675883539654,0.0,40.97890996739495,0.0,0.0,0.3127301004048393,0.0,1.05e-08
7042.0,0.7360485858020814,0.0,0.477893041,0.0,0.0,0.0,1.2153872705711113,0.0,0.2626519259336333,0.0,0.022649688091883596,0.21668675883539654,0.0,41.085086011761476,0.0,0.0,0.0,0.0,1.050001191887853e-08
7043.0,0.759292946650773,0.0,0.460869418,0.0,0.0,0.0,1.172092447424269,0.0,0.1961127419380995,0.0,0.25903639572181314,0.21668675883539654,0.0,41.191262054916805,0.0,0.0,0.0,0.0,1.0500023837770588e-08
7044.0,0.7903082688555126,0.0,0.446477344,0.0,0.0,0.0,1.1354902330456809,0.0,0.12849520535477157,0.0,0.4355375694261188,0.21668675883539654,0.0,41.297438096860944,0.0,0.0,0.0,0.0,1.0500035756676175e-08
7045.0,0.818878168666037,0.005124968,0.386985781,0.0,0.0,0.005423736152099245,0.9841900839050297,0.0,0.0,0.045951107444304674,0.5511827598536521,0.21668675883539654,0.0,41.4036141375939,0.0,0.0,0.0,0.0,1.1666719639550327e-08
7046.0,0.8342359352258543,0.205483255,0.250614854,0.0,0.0,0.2174622278216231,0.6373687776040194,0.0,0.0,0.19609168863560827,0.5052310267452612,0.21668675883539654,0.0,41.50979017711565,0.0,-2.7755575615628914e-17,0.0,0.0,1.1666732882808823e-08
7047.0,0.8393280669714266,0.519998537,0.252185102,0.0,0.0,0.5503126778870848,0.641362264152487,0.0,0.13566011623274854,0.0,0.3091387646067575,0.21668675883539654,0.0,41.61596621542621,0.0,0.0,0.0,0.0,1.0500071513474118e-08
7048.0,0.8423794915876759,0.616916253,0.274034612,0.0,0.0,0.6528803661239845,0.6969303809567159,0.0,0.290744496657628,0.0,0.43123251830354536,0.21668675883539654,0.0,41.722142252525586,0.0,0.0,1.1102230246251565e-16,0.0,1.0500083432433824e-08
7049.0,0.8425058312735416,0.619543175,0.253924663,0.0,0.0,0.6556604287156231,0.6457863509551696,0.0,0.2422541895618545,0.0,0.6929020757904422,0.21668675883539654,0.0,41.828318288413755,0.0,0.0,0.0,0.0,1.050009535140706e-08
7050.0,0.8403023814980185,0.598435005,0.237906023,0.0,0.0,0.6333217244088535,0.6050474209487349,0.0,0.18138000502417323,0.0,0.9109300598621779,0.21668675883539654,0.0,41.93449432309075,0.0,0.0,0.0,0.0,1.0500107270393827e-08
7051.0,0.8398955248825186,0.579889035,0.223885942,0.0,0.0,0.6136945876219022,0.5693912667094522,0.0,0.12650357061343903,0.0,1.0741710303598948,0.21668675883539654,0.0,42.04067035655654,0.0,0.0,0.0,0.0,1.0500119189394123e-08
7052.0,0.8467628362820353,0.57363757,0.212126282,0.0,0.0,0.6070786835374118,0.5394838609846546,0.0,0.08311294940463451,0.0,1.1880230245882282,0.21668675883539654,0.0,42.14684638881114,0.0,-1.1102230246251565e-16,0.0,0.0,1.0500131108407949e-08
7053.0,0.8614674909064448,0.561356971,0.198632164,0.0,0.0,0.5940821675073148,0.5051653465102316,0.0,0.02109326427570506,0.0,1.2628233304918235,0.21668675883539654,0.0,42.253022419854545,0.0,0.0,1.1102230246251565e-16,0.0,1.0500143027435302e-08
7054.0,0.880244994387069,0.51332464,0.229447426,0.0,0.0,0.5432497154579952,0.583535345570573,0.0,0.029853307806102562,0.0,1.281805834871311,0.21668675883539654,0.0,42.359198449686765,0.0,0.0,1.1102230246251565e-16,0.0,1.0500154946476186e-08
7055.0,0.9088341663530645,0.362616538,0.315402712,0.0,0.0,0.38375584520716416,0.8021385715646072,0.0,0.06037349158331033,0.0,1.3086723568805458,0.21668675883539654,0.0,42.46537447830779,0.0,0.0,0.0,0.0,1.0500166865530601e-08
7056.0,0.9210077445589431,0.09141064,0.389779113,0.0,0.0,0.09673956849184802,0.9912941424788372,0.0,0.0,0.049660792423654516,1.3630070137922727,0.21668675883539654,0.0,42.57155050571762,0.0,0.0,0.0,0.0,1.1666865316220604e-08
7057.0,0.907185326384986,3.42e-05,0.431918353,0.0,0.0,3.6193743336893846e-05,1.0984635119686534,0.0,0.0,0.025372379508392152,1.313344674178467,0.21668675883539654,0.0,42.67772653191626,0.0,0.0,0.0,0.0,1.1666878559644462e-08
7058.0,0.875591839516115,0.0,0.443955091,0.0,0.0,0.0,1.1290755880804704,0.0,0.036796989728958826,0.0,1.2879708038531346,0.21668675883539654,0.0,42.783902556903705,0.0,0.0,0.0,0.0,1.0500202622775022e-08
7059.0,0.8345485724146068,0.0,0.450650007,0.0,0.0,0.0,1.146102234182946,0.0,0.0948669029329426,0.0,1.321086632594899,0.21668675883539654,0.0,42.890078580679955,0.0,0.0,0.0,0.0,1.0500214541883553e-08
7060.0,0.7967301793285874,0.0,0.448679123,0.0,0.0,0.0,1.1410898420368711,0.0,0.12767290387288704,0.0,1.406465345629478,0.21668675883539654,0.0,42.99625460324501,0.0,0.0,0.0,0.0,1.0500226461005616e-08
7061.0,0.7690789189288495,0.0,0.436311217,0.0,0.0,0.0,1.1096355327534257,0.0,0.12386985498917984,0.0,1.5213693625940685,0.21668675883539654,0.0,43.10243062459888,0.0,0.0,2.220446049250313e-16,0.0,1.050023838014121e-08
7062.0,0.7538753296128007,0.0,0.418412219,0.0,0.0,0.0,1.0641144381594208,0.0,0.09355234971122353,0.0,1.6328505051323259,0.21668675883539654,0.0,43.20860664474156,0.0,0.0,0.0,0.0,1.0500250299290332e-08
7063.0,0.7475883242280233,0.0,0.398804041,0.0,0.0,0.0,1.014246522337871,0.0,0.04997143927445099,0.0,1.7170457663748333,0.21668675883539654,0.0,43.314782663673036,0.0,0.0,0.0,0.0,1.0500262218452982e-08
7064.0,0.7546826187919768,0.0,0.381273328,0.0,0.0,0.0,0.969662057622396,0.0,0.0,0.0,1.7620181126516783,0.21497943883041923,0.0,43.42095868139334,0.0,0.0,1.1102230246251565e-16,0.0,0.01995305666958419
7065.0,0.7838199765135931,0.0,0.356344937,0.0,0.0,0.0,0.906263668238401,0.0,0.0,0.0,1.7620161125320581,0.12244369172480783,0.0,43.52629811109999,0.0,0.0,0.0,0.0,0.019953056897196692
7066.0,0.846726433321701,0.0,0.331831314,0.0,0.0,0.0,0.8439201252409226,0.0,0.0,0.0028063080807784503,1.7620141124147082,0.0,0.0,43.586295023523256,0.0,0.0,0.0,0.0,0.022168917502908957
7067.0,0.9101853585866457,0.0,0.315177053,0.0,0.0,0.0,0.8015646710208456,0.0,0.0,0.10862068756580022,1.7592058042188503,0.0,0.0,43.586294526316955,0.0,0.0,0.0,0.0,0.022168942667540843
7068.0,0.9365753634783339,0.0,0.30186848,0.0,0.0,0.0,0.7677180383521217,0.0,0.0,0.16885732512621215,1.6505831197257657,0.0,0.0,43.586294029110654,0.0,0.0,0.0,0.0,0.022168967832201302
7069.0,0.94547695795535,0.002139382,0.244923141,0.0,0.0,0.002264100672735984,0.622893497709864,0.0,0.0,0.2932786472456189,1.4817239209731368,0.0,0.027040712327131088,43.58629353190437,0.0,-4.336808689942018e-19,0.0,0.0,0.04072052613805453
7070.0,0.9444726645202477,0.176149447,0.129026725,0.0,0.0,0.18641835887876568,0.32814338287985106,0.0,0.0,0.2932786472456189,1.1884435917782434,0.0,0.13663227551601204,43.559252322370945,0.0,0.0,5.551115123125783e-17,0.0,0.040720526602569876
7071.0,0.9363291081584261,0.469207367,0.100555312,0.0,0.0,0.49656055593502213,0.2557343081149962,0.0,0.0,0.1840342441084077,0.8951635954946503,0.0,0.0,43.42261954995712,0.0,0.0,0.0,0.0,0.022169043326354058
7072.0,0.9271876824133257,0.584916865,0.128042885,0.0,0.0,0.6190155229599588,0.3256412610456922,0.0,0.0,0.0,0.7111283352591904,0.017469101592325214,0.0,43.42261905461793,0.0,-1.1102230246251565e-16,0.0,0.0,0.019953058490484277
7073.0,0.9215602130157797,0.5878784,0.145603604,0.0,0.0,0.6221497053480648,0.37030203762870223,0.0,0.0,0.0,0.7111275280360831,0.0708915299609873,0.0,43.43117841905899,0.0,0.0,0.0,0.0,0.019953058718096797
7074.0,0.9185815943201989,0.557277712,0.156221772,0.0,0.0,0.5897651016227909,0.3973063777567384,0.0,0.0,0.0,0.7111267208138924,0.06848988505933032,0.0,43.46591477330304,0.0,0.0,0.0,0.0,0.019953058945709323
7075.0,0.9148170999515209,0.532490127,0.167838439,0.0,0.0,0.5635324849727488,0.42685012078492673,0.0,0.0,0.0,0.7111259135926177,0.07556550580615459,0.0,43.49947432114903,0.0,0.0,5.551115123125783e-17,0.0,0.01995305917332185
7076.0,0.919652269624146,0.515664224,0.177029322,0.0,0.0,0.5457256892244018,0.45022456076449613,0.0,0.0,0.0,0.7111251063722595,0.07629798036475188,0.0,43.536500922778146,0.0,-1.1102230246251565e-16,5.551115123125783e-17,0.0,0.019953059400934385
7077.0,0.9272390748279151,0.482369072,0.185071178,0.0,0.0,0.5104895434392887,0.4706767719825414,0.0,0.0,0.0,0.7111242991528174,0.053927240593914814,0.0,43.57388643651859,0.0,-1.1102230246251565e-16,0.0,0.0,0.019953059628546915
7078.0,0.9428645102137191,0.432349719,0.228046357,0.0,0.0,0.45755423278550234,0.5799721184848038,0.0,0.0,0.0,0.7111234919342917,0.09466184105658708,0.0,43.60031028734486,0.0,-5.551115123125783e-17,1.1102230246251565e-16,0.0,0.01995305985615945
7079.0,0.9673701265704604,0.309762089,0.316791189,0.0,0.0,0.3278201621276629,0.8056697744206889,0.0,0.0,0.0,0.7111226847166823,0.16611980997789128,0.0,43.6466940920964,0.0,-5.551115123125783e-17,0.0,0.0,0.019953060083771988
7080.0,0.9671602742108867,0.088184334,0.435772549,0.0,0.0,0.09332517985762931,1.1082655813749878,0.0,0.017743728186333737,0.0,0.7111218774999892,0.21668675883539654,0.0,43.72809230109027,0.0,-1.3877787807814457e-17,0.0,0.0,0.01995234282931937
7081.0,0.9470679814570154,2.61e-05,0.500347373,0.0,0.0,2.762154096762952e-05,1.2724935829477704,0.0,0.108766464196326,0.0,0.7270904256519127,0.21668675883539654,0.0,43.83426831409577,0.0,-3.3881317890172014e-21,0.0,0.0,0.019952365477847997
7082.0,0.9059925940963889,0.0,0.511723816,0.0,0.0,0.0,1.3014263834289097,0.0,0.17874703049712412,0.0,0.8249794180864513,0.21668675883539654,0.0,43.940444325890084,0.0,0.0,0.0,0.0,0.019952388126402328
7083.0,0.8546173103117912,0.0,0.503502565,0.0,0.0,0.0,1.280517931209849,0.0,0.20921386206266115,0.0,0.9858508090749762,0.21668675883539654,0.0,44.046620336473204,0.0,0.0,2.220446049250313e-16,0.0,0.019952410774982374
7084.0,0.8108823654961601,0.0,0.485782815,0.0,0.0,0.0,1.2354527037634788,0.0,0.20788357943192212,0.0,1.1741421658625422,0.21668675883539654,0.0,44.15279634584513,0.0,0.0,0.0,0.0,0.01995243342358813
7085.0,0.7805694062908097,0.0,0.460457841,0.0,0.0,0.0,1.1710457164536463,0.0,0.17378955132743987,0.0,1.3612360545472755,0.21668675883539654,0.0,44.25897235400587,0.0,0.0,0.0,0.0,0.019952456072219585
7086.0,0.7580616700512338,0.0,0.429178937,0.0,0.0,0.0,1.0914965736591273,0.0,0.11674814477249705,0.0,1.5176451055620888,0.21668675883539654,0.0,44.36514836095541,0.0,0.0,0.0,0.0,0.01995247872087676
7087.0,0.746521931625292,0.0,0.396803861,0.0,0.0,0.0,1.009159624010655,0.0,0.045950933549966565,0.0,1.6227167131328475,0.21668675883539654,0.0,44.47132436669376,0.0,0.0,0.0,0.0,0.019952501369559637
7088.0,0.7501065525429069,0.0,0.361744685,0.0,0.0,0.0,0.9199964168253214,0.0,0.0,0.0,1.6640707113333948,0.16988986428241443,0.0,44.577500371220914,0.0,0.0,0.0,0.0,0.019953062132284947
7089.0,0.773016862696767,0.0,0.323853104,0.0,0.0,0.0,0.8236297798204227,0.0,0.0,0.0,1.6640688223968083,0.05061291712365572,0.0,44.660745896205924,0.0,0.0,0.0,0.0,0.019953062359897515
7090.0,0.8303151222627999,0.0,0.29606377,0.0,0.0,0.0,0.7529553821966896,0.0,0.0,0.07735974006611034,1.664066933462366,0.0,0.0,44.68554571613352,0.0,0.0,1.1102230246251565e-16,0.0,0.022169521461958372
7091.0,0.8878467890450934,0.0,0.277318184,0.0,0.0,0.0,0.705281227837543,0.0,0.0,0.18256556120755046,1.5867053044639574,0.0,0.0,44.685545206387616,0.0,0.0,0.0,0.0,0.022169546627275834
7092.0,0.914654357305321,0.0,0.256282272,0.0,0.0,0.0,0.6517822699616233,0.0,0.0,0.26287208734369766,1.4041379421396147,0.0,0.0,44.685544696641735,0.0,0.0,0.0,0.0,0.02216957179262186
7093.0,0.9264039480908364,0.002073236,0.200167414,0.0,0.0,0.0021940985865733465,0.5090698254355573,0.0,0.0,0.2932786472456189,1.1412642609168147,0.0,0.12186137682308688,44.68554418689585,0.0,0.0,0.0,0.0,0.04072053728642407
7094.0,0.9287958367198542,0.078891629,0.134130626,0.0,0.0,0.08349074185542256,0.3411237273784335,0.0,0.0,0.2932786472456189,0.8479843181878954,0.0,0.21090272024037932,44.56368230032688,0.0,0.0,0.0,0.0,0.04072053775093953
7095.0,0.9259200028534523,0.3530222,0.105577509,0.0,0.0,0.37360219002998857,0.2685068613443294,0.0,0.0,0.28381095147913427,0.5547047083698374,0.0,0.0,44.35277907173075,0.0,-5.551115123125783e-17,5.551115123125783e-17,0.0,0.02216964728883134
7096.0,0.9214767003420719,0.485110289,0.123915024,0.0,0.0,0.5133905640395439,0.3151432012631331,0.0,0.0,0.09294293503939491,0.2708931272287475,0.0,0.0,44.35277856578086,0.0,0.0,5.551115123125783e-17,0.0,0.022169672454291637
7097.0,0.9200162992274881,0.513287371,0.150123453,0.0,0.0,0.5432102738024273,0.381797009239941,0.0,0.0,0.0,0.17794988469043704,0.0049909838148801755,0.0,44.35277805983097,0.0,0.0,0.0,0.0,0.01995306418079812
7098.0,0.9188728180028725,0.499472548,0.165337044,0.0,0.0,0.5285900937466782,0.4204885223081868,0.0,0.0,0.0,0.17794968269418446,0.03020579805199253,0.0,44.35522313595038,0.0,0.0,0.0,0.0,0.019953064408410704
7099.0,0.9176672376106281,0.482164729,0.175551566,0.0,0.0,0.5102732879394438,0.44646630174559143,0.0,0.0,0.0,0.17794948069816113,0.0390723520744072,0.0,44.37002347101809,0.0,0.0,0.0,0.0,0.019953064636023296
7100.0,0.9208814048730772,0.463854381,0.185456058,0.0,0.0,0.49089550911133834,0.47165560660151507,0.0,0.0,0.0,0.1779492787023671,0.04166971083977612,0.0,44.389168417387936,0.0,0.0,0.0,0.0,0.019953064863635888
7101.0,0.926311870014697,0.434213661,0.201395725,0.0,0.0,0.4595268362458197,0.5121936908732683,0.0,0.0,0.0,0.17794907670680238,0.04540865710439107,0.0,44.40958606933443,0.0,0.0,0.0,0.0,0.019953065091248483
7102.0,0.9389629694061359,0.383486367,0.236584715,0.0,0.0,0.40584231404666316,0.6016870436552229,0.0,0.0,0.0,0.17794887471146692,0.06856638829575021,0.0,44.431835804717664,0.0,0.0,1.1102230246251565e-16,0.0,0.01995306531886108
7103.0,0.9612437224812751,0.264740869,0.328936384,0.0,0.0,0.2801743585781356,0.8365576805737395,0.0,0.0,0.0,0.17794867271636078,0.15548831667059992,0.0,44.46543282813086,0.0,0.0,0.0,0.0,0.01995306554647368
7104.0,0.9619503681818802,0.074474968,0.423136355,0.0,0.0,0.07881660458524511,1.07612895661073,0.0,0.0,0.0,0.17794847072148393,0.19299519301409498,0.0,44.54162159606447,0.0,0.0,0.0,0.0,0.019953065774086284
7105.0,0.9413034656205642,9.66e-06,0.4580313,0.0,0.0,1.0223145047789316e-05,1.1648744881872801,0.0,0.0068944868763669695,0.0,0.17794826872683633,0.21668675883539654,0.0,44.63618873253728,0.0,0.0,-2.220446049250313e-16,0.0,0.019952909050247776
7106.0,0.8998319283974773,0.0,0.464097488,0.0,0.0,0.0,1.1803021404934604,0.0,0.0637834532605866,0.0,0.18415310492114834,0.21668675883539654,0.0,44.74236473518376,0.0,0.0,2.220446049250313e-16,0.0,0.019952931699419137
7107.0,0.8542896836687834,0.0,0.464281031,0.0,0.0,0.0,1.1807689307721714,0.0,0.10979248826799146,0.0,0.24155800381796227,0.21668675883539654,0.0,44.848540736619064,0.0,0.0,2.220446049250313e-16,0.0,0.019952954348616204
7108.0,0.8117560365441809,0.0,0.459460353,0.0,0.0,0.0,1.1685088847491907,0.0,0.14006608936961323,0.0,0.3403709690594177,0.21668675883539654,0.0,44.95471673684315,0.0,0.0,0.0,0.0,0.019952976997838986
7109.0,0.778824205545376,0.0,0.44692152,0.0,0.0,0.0,1.1366198704540087,0.0,0.14110890607323626,0.0,0.46643006312677154,0.21668675883539654,0.0,45.06089273585607,0.0,0.0,2.220446049250313e-16,0.0,0.019952999647087476
7110.0,0.7582865118650627,0.0,0.425429823,0.0,0.0,0.0,1.081961750925603,0.0,0.10698848022514361,0.0,0.5934275491339266,0.21668675883539654,0.0,45.16706873365778,0.0,0.0,0.0,0.0,0.019953022296361676
7111.0,0.7494341684520281,0.0,0.402875202,0.0,0.0,0.0,1.0246003815309064,0.0,0.05847945424348161,0.0,0.6897165077191421,0.21668675883539654,0.0,45.27324473024831,0.0,0.0,0.0,0.0,0.019953044945661583
7112.0,0.7520444748430511,0.0,0.378955823,0.0,0.0,0.0,0.9637681319218021,0.0,0.023996490347508,0.0,0.7423472336203761,0.18772716673124293,0.0,45.37942072562763,0.0,0.0,0.0,0.0,0.019953067594987203
7113.0,0.776678572236266,0.0,0.351785486,0.0,0.0,0.0,0.8946679800178798,0.0,0.11798940778161388,0.0,0.7639432322725179,0.0,0.0,45.47140651966474,0.0,0.0,1.1102230246251565e-16,0.0,0.019953090244338532
7114.0,0.8336770427171939,0.0,0.331739138,0.0,0.0,0.0,0.8436857013689663,0.0,0.010008658651772513,0.0,0.8701328321010893,0.0,0.0,45.47140600095422,0.0,0.0,1.1102230246251565e-16,0.0,0.01995311289371557
7115.0,0.892570608486108,0.0,0.319175194,0.0,0.0,0.0,0.8117328242694895,0.0,0.0,0.0808377842166186,0.8791396371738027,0.0,0.0,45.471405482243696,0.0,0.0,0.0,0.0,0.0221701506034648
7116.0,0.9176586722081965,0.0,0.305712967,0.0,0.0,0.0,0.7774954156328178,0.0,0.0,0.14016325657537881,0.7983008550194078,0.0,0.0,45.47140496353319,0.0,0.0,0.0,0.0,0.022170175769496422
7117.0,0.9284446552201596,0.000236702,0.274465754,0.0,0.0,0.0002505009191616798,0.6980268700319955,0.0,0.0,0.23016728426900257,0.6581366922687796,0.0,0.0,45.47140444482268,0.0,0.0,0.0,0.0,0.022170200935556605
7118.0,0.9323697508844296,0.079697133,0.206786695,0.0,0.0,0.08434320399088575,0.5259041150726254,0.0,0.0,0.2932786472456189,0.42796866092907343,0.0,0.028843784575299704,45.47140392611218,0.0,0.0,0.0,0.0,0.04072054889931224
7119.0,0.9287787059149911,0.361084825,0.161981444,0.0,0.0,0.38213483856424657,0.4119544923574799,0.0,0.0,0.13468937499326467,0.13468952788338848,0.0,0.0,45.44255962282638,0.0,-5.551115123125783e-17,0.0,0.0,0.022170251267762685
7120.0,0.9251726714912972,0.493026957,0.19146579,0.0,0.0,0.5217687467785906,0.48693967886391876,0.0,0.0,0.0,0.0,0.08353575415121217,0.0,45.44255910444493,0.0,0.0,0.0,0.0,0.019953069415888286
7121.0,0.9231919221789952,0.530735812,0.21208735,0.0,0.0,0.5616758993925716,0.5393848483329556,0.0,0.0,0.0,0.0,0.1778688255465321,0.0,45.48349110559758,0.0,-1.1102230246251565e-16,1.1102230246251565e-16,0.0,0.019953069643500933
7122.0,0.9232111943344662,0.530536762,0.207179797,0.0,0.0,0.5614652454565713,0.52690386004869,0.0,0.0,0.0,0.0,0.16515791117079517,0.0,45.570646311267,0.0,0.0,0.0,0.0,0.01995306987111358
7123.0,0.9239692324496607,0.524345768,0.202440843,0.0,0.0,0.5549133376251021,0.514851656159364,0.0,0.0,0.0,0.0,0.1457957613348054,0.0,45.65157316789809,0.0,-1.1102230246251565e-16,0.0,0.0,0.019953070098726235
7124.0,0.9277765538304966,0.528154478,0.196290847,0.0,0.0,0.5589440824258232,0.49921086164847833,0.0,0.0,0.0,0.0,0.1303783902438049,0.0,45.72301257018639,0.0,0.0,5.551115123125783e-17,0.0,0.01995307032633889
7125.0,0.9360378844757524,0.533631507,0.196466877,0.0,0.0,0.5647404035332712,0.4996585447132725,0.0,0.0,0.0,0.0,0.12836106377079115,0.0,45.78689745982516,0.0,0.0,0.0,0.0,0.019953070553951544
7126.0,0.9514941531635328,0.509270792,0.233460137,0.0,0.0,0.5389595419480894,0.593740553538606,0.0,0.0,0.0,0.0,0.18120594232316245,0.0,45.8497938587634,0.0,-1.1102230246251565e-16,0.0,0.0,0.019953070781564206
7127.0,0.9751732081856268,0.356165425,0.295403514,0.0,0.0,0.37692865432531336,0.7512762057516026,0.0,0.02731423650440461,0.0,0.0,0.1257174153868844,0.0,45.93858424747481,0.0,-5.551115123125783e-17,0.0,0.0,0.019953071009176874
7128.0,0.9747492207652638,0.06878747,0.355520808,0.0,0.0,0.07279754485304929,0.9041677266573884,0.0,0.0022160507451739137,0.0,0.02458281285396415,0.0,0.0,46.00018525697457,0.0,0.0,0.0,0.0,0.019953093658532074
7129.0,0.9547832676972583,1.82e-05,0.377947385,0.0,0.0,1.9260997916124794e-05,0.9612034519553486,0.0,0.006439445256006509,0.0,0.026577230619932314,0.0,0.0,46.00018473223206,0.0,0.0,1.1102230246251565e-16,0.0,0.01995311630791299
7130.0,0.9147806969911867,0.0,0.376887628,0.0,0.0,0.0,0.9585082564676649,0.0,0.04372755947647824,0.0,0.03237270118172638,0.0,0.0,46.000184207489546,0.0,0.0,0.0,0.0,0.019953138957319615
7131.0,0.8669172282035356,0.0,0.36852215,0.0,0.0,0.0,0.9372330032181775,0.0,0.07031577501464198,0.0,0.0717274679633325,0.0,0.0,46.00018368274705,0.0,0.0,1.1102230246251565e-16,0.0,0.019953161606751948
7132.0,0.8251459018953433,0.0,0.354357926,0.0,0.0,0.0,0.9012102615789708,0.0,0.0760643596836275,0.0,0.1350115840565096,0.0,0.0,46.000183158004546,0.0,0.0,0.0,0.0,0.019953184256209993
7133.0,0.792445336762191,0.0,0.344598333,0.0,0.0,0.0,0.8763894667974981,0.0,0.08394413003530711,0.0,0.20346935451607492,0.0,0.0,46.000182633262064,0.0,0.0,0.0,0.0,0.019953206905693747
7134.0,0.7701645836870519,0.0,0.335917084,0.0,0.0,0.0,0.8543111383389378,0.0,0.08414655465188592,0.0,0.2790188405836829,0.0,0.0,46.00018210851958,0.0,0.0,0.0,0.0,0.019953229555203213
7135.0,0.7605456367563911,0.0,0.331103057,0.0,0.0,0.0,0.842068007273998,0.0,0.08152237051760691,0.0,0.35475042304772375,0.0,0.0,46.00018158377709,0.0,0.0,1.1102230246251565e-16,0.0,0.019953252204738387
7136.0,0.762674139260638,0.0,0.33031932,0.0,0.0,0.0,0.8400747914462842,0.0,0.0774006521856462,0.0,0.42812015382572227,0.0,0.0,46.000181059034624,0.0,0.0,0.0,0.0,0.01995327485429927
7137.0,0.7858649663441322,0.0,0.330781927,0.0,0.0,0.0,0.8412513029474781,0.0,0.055386336603345826,0.0,0.4977802548207736,0.0,0.0,46.000180534292156,0.0,0.0,0.0,0.0,0.01995329750388587
7138.0,0.8434266120349362,0.0,0.330831575,0.0,0.0,0.0,0.8413775687476308,0.0,0.0,0.00204904328730531,0.5476273927184843,0.0,0.0,46.000180009549695,0.0,0.0,1.1102230246251565e-16,0.0,0.022170355726109082
7139.0,0.9009454307135822,0.0,0.33272242,0.0,0.0,0.0,0.8461864040862125,0.0,0.0,0.054759026627369735,0.5455777278028966,0.0,0.0,46.00017948480724,0.0,0.0,1.1102230246251565e-16,0.0,0.022170380892373547
7140.0,0.9260998763045154,0.0,0.329327914,0.0,0.0,0.0,0.8375534276075337,0.0,0.0,0.08854644869698164,0.49081808187388076,0.0,0.0,46.000178960064794,0.0,0.0,1.1102230246251565e-16,0.0,0.022170406058666572
7141.0,0.9369715133407943,0.002558553,0.295096567,0.0,0.0,0.0027077079121590577,0.7504955719182256,0.0,0.0,0.18376823351040966,0.4022710760345698,0.0,0.0,46.000178435322354,0.0,-4.336808689942018e-19,0.0,0.0,0.02217043122498817
7142.0,0.9427724321375797,0.189620949,0.208555872,0.0,0.0,0.200675203491352,0.5304035218869363,0.0,0.0,0.2116937067592914,0.2185023858941936,0.0,0.0,46.000177910579914,0.0,0.0,0.0,0.0,0.022170456391338335
7143.0,0.940074330371633,0.550284104,0.137975511,0.0,0.0,0.5823637901330001,0.3509021168607984,0.0,0.0,0.006808423377834504,0.006808431106288905,0.0,0.0,46.00017738583748,0.0,0.0,0.0,0.0,0.022170481557717062
7144.0,0.9340678419164897,0.657193581,0.159675043,0.0,0.0,0.6955057249522854,0.40608880657480595,0.0,0.0,0.0,0.0,0.1675266896106016,0.0,46.00017686109506,0.0,0.0,0.0,0.0,0.019953074878592533
7145.0,0.9312177042573826,0.662009518,0.194492013,0.0,0.0,0.7006024146512517,0.4946360305505078,0.0,0.04733398210898038,0.0,0.0,0.21668675883539654,0.0,46.082264414261836,0.0,0.0,0.0,0.0,0.019952716361681656
7146.0,0.9284896235829254,0.637154908,0.215159708,0.0,0.0,0.6742988656723454,0.5471985314868757,0.0,0.07632101474089917,0.0,0.042600583898082335,0.21668675883539654,0.0,46.18844040041236,0.0,0.0,1.1102230246251565e-16,0.0,0.01995273901063429
7147.0,0.9288258156283647,0.624179965,0.230045915,0.0,0.0,0.660567527755596,0.5850574349290093,0.0,0.10011238822084399,0.0,0.1112894488076908,0.21668675883539654,0.0,46.29461638535169,0.0,0.0,0.0,0.0,0.01995276165961263
7148.0,0.9349051100041764,0.633764737,0.24313098,0.0,0.0,0.6707110592676034,0.6183356375207804,0.0,0.13745482794881075,0.0,0.20139047187845835,0.21668675883539654,0.0,46.400792369079824,0.0,-1.1102230246251565e-16,0.0,0.0,0.019952784308616685
7149.0,0.943151451195177,0.650881525,0.251920161,0.0,0.0,0.688825697619183,0.6406884608299306,0.0,0.1696759484185399,0.0,0.3250995884280217,0.21668675883539654,0.0,46.50696835159677,0.0,-1.1102230246251565e-16,0.0,0.0,0.019952806957646445
7150.0,0.9618647141575644,0.623370241,0.257259894,0.0,0.0,0.6597105996085282,0.6542685780521198,0.0,0.13542770466768714,0.0,0.4778075729744118,0.21668675883539654,0.0,46.613144332902515,0.0,0.0,0.0,0.0,0.01995282960670192
7151.0,0.9813809835979121,0.443204471,0.30459648,0.0,0.0,0.46904177979935124,0.7746559432590023,0.0,0.04562998062504494,0.0,0.5996919648016199,0.21668675883539654,0.0,46.71932031299708,0.0,0.0,0.0,0.0,0.0199528522557831
7152.0,0.9798520592638756,0.087784926,0.35692181,0.0,0.0,0.09290248773369063,0.9077307833473992,0.0,0.0,0.0,0.6407582666358204,0.020781211817214224,0.0,46.82549629188045,0.0,0.0,0.0,0.0,0.019953076699494282
7153.0,0.9590895237697334,1.82e-05,0.359322098,0.0,0.0,1.9260997916124794e-05,0.9138352444519178,0.0,0.0,0.04523501831989958,0.6407575392918892,0.0,0.0,46.83567855151371,0.0,0.0,0.0,0.0,0.022169886171136213
7154.0,0.917971309396949,0.0,0.343011836,0.0,0.0,0.0,0.8723546554628019,0.0,0.0,0.04561665393414722,0.595521793628884,0.0,0.0,46.83567801724039,0.0,0.0,0.0,0.0,0.02216991133686767
7155.0,0.8676645595656906,0.0,0.322050081,0.0,0.0,0.0,0.8190442951727253,0.0,0.0,0.04862026439296533,0.5499044637000832,0.0,0.0,46.83567748296708,0.0,0.0,0.0,0.0,0.02216993650262769
7156.0,0.8256919463003564,0.0,0.303952162,0.0,0.0,0.0,0.7730173006586389,0.0,0.0,0.05267464564171739,0.501283575094064,0.0,0.0,46.835676948693774,0.0,0.0,0.0,0.0,0.02216996166841628
7157.0,0.7917087121530754,0.0,0.294618918,0.0,0.0,0.0,0.7492808052976734,0.0,0.0,0.04242790685540193,0.44860836043032204,0.0,0.0,46.83567641442047,0.0,0.0,0.0,0.0,0.02216998683423343
7158.0,0.7691324526940468,0.0,0.295195994,0.0,0.0,0.0,0.750748436680387,0.0,0.0,0.018384016013659743,0.4061799443461119,0.0,0.0,46.83567588014717,0.0,0.0,1.1102230246251565e-16,0.0,0.022170012000079155
7159.0,0.7571216171343683,0.0,0.303897951,0.0,0.0,0.0,0.7728794301443769,0.0,0.0,0.0,0.3877954672654119,0.015757813010008528,0.0,46.83567534587388,0.0,0.0,0.0,0.0,0.019953078292783446
7160.0,0.7577875771734234,0.0,0.318778525,0.0,0.0,0.0,0.8107240076267082,0.0,0.0,0.0,0.3877950270671432,0.05293643045328475,0.0,46.8433961399755,0.0,0.0,0.0,0.0,0.019953078520396197
7161.0,0.7783895113719734,0.0,0.32170539,0.0,0.0,0.0,0.8181676700333346,0.0,0.031759791192664207,0.0,0.38779458686937407,0.008018367468696996,0.0,46.86933445653625,0.0,0.0,1.1102230246251565e-16,0.0,0.01995307874800895
7162.0,0.8331588358700834,0.0,0.322731584,0.0,0.0,0.0,0.8207775074189694,0.0,0.0,0.012381328451114124,0.4163779587455025,0.0,0.0,46.87326292193866,0.0,0.0,0.0,0.0,0.02217011266374771
7163.0,0.8888682132850589,0.0,0.32785849,0.0,0.0,0.0,0.8338163586999501,0.0,0.0,0.055051854585108834,0.40399615765127606,0.0,0.0,46.87326238723661,0.0,0.0,1.1102230246251565e-16,0.0,0.02217013782973626
7164.0,0.9175494633271939,0.0,0.335901785,0.0,0.0,0.0,0.8542722296119692,0.0,0.0,0.06327723371522458,0.3489438444780088,0.0,0.0,46.873261852534554,0.0,0.0,1.1102230246251565e-16,0.0,0.022170162995753383
7165.0,0.9367166926184549,0.001667183,0.318548696,0.0,0.0,0.0017643740818021256,0.8101395018544049,0.0,0.0,0.12481281668224796,0.28566621466615805,0.0,0.0,46.8732613178325,0.0,2.168404344971009e-19,0.0,0.0,0.022170188161799068
7166.0,0.9481986145779836,0.218991135,0.218458526,0.0,0.0,0.23175757114751672,0.5555881523039967,0.0,0.0,0.16085289112647025,0.1608530737156198,0.0,0.0,46.87326078313046,0.0,0.0,0.0,0.0,0.022170213327873327
7167.0,0.9478024647155232,0.631184475,0.139834921,0.0,0.0,0.6679803767947979,0.3556310060700737,0.0,0.0,0.0,0.0,0.0758089181493485,0.0,46.87326024842842,0.0,0.0,0.0,0.0,0.01995308011368551
7168.0,0.9445882974530739,0.716137558,0.150657768,0.0,0.0,0.7578859347415771,0.38315588998052746,0.0,0.0,0.0,0.0,0.1964535272690305,0.0,46.91040608361958,0.0,-1.1102230246251565e-16,0.0,0.0,0.01995308034129828
7169.0,0.9439758711792162,0.690012382,0.201082781,0.0,0.0,0.7302377500990279,0.5113978053479095,0.0,0.08097292543232462,0.0,0.0,0.21668675883539654,0.0,47.006667776855636,0.0,0.0,0.0,0.0,0.017957570717489903
7170.0,0.942684636762656,0.656733743,0.234106387,0.0,0.0,0.6950190799654856,0.5953841096405383,0.0,0.13103179400797138,0.0,0.07287563288909214,0.21668675883539654,0.0,47.11284375246112,0.0,0.0,0.0,0.0,0.01795759110169029
7171.0,0.9422756387965482,0.641142598,0.259018434,0.0,0.0,0.6785190243965296,0.6587409326323785,0.0,0.17829755939696337,0.0,0.19080416477294923,0.21668675883539654,0.0,47.21901972685541,0.0,0.0,1.1102230246251565e-16,0.0,0.017957611485913814
7172.0,0.9456696795100605,0.650973574,0.277969656,0.0,0.0,0.6889231127618852,0.706938064635745,0.0,0.23350473905217312,0.0,0.3512717516426847,0.21668675883539654,0.0,47.3251957000385,0.0,0.0,0.0,0.0,0.01795763187016048
7173.0,0.9523635415103379,0.672091346,0.279480295,0.0,0.0,0.7112719788325006,0.7107799523669125,0.0,0.2530016308536786,0.0,0.5614256180505371,0.21668675883539654,0.0,47.43137167201041,0.0,-1.1102230246251565e-16,1.1102230246251565e-16,0.0,0.017957652254430283
7174.0,0.9580188484657864,0.657854354,0.27476638,0.0,0.0,0.6962050187641553,0.6987914281700217,0.0,0.2202908396329939,0.0,0.789126448527786,0.21668675883539654,0.0,47.537547642771116,0.0,-1.1102230246251565e-16,0.0,0.0,0.017957672638723225
7175.0,0.9617298090692671,0.458359366,0.299862068,0.0,0.0,0.4850801534814442,0.7626152906761597,0.0,0.06927887625294024,0.0,0.987387308436375,0.21668675883539654,0.0,47.64372361232064,0.0,-5.551115123125783e-17,0.0,0.0,0.017957693023039307
7176.0,0.9514341953465117,0.077179727,0.312927134,0.0,0.0,0.08167904180846598,0.7958426314056756,0.0,0.0,0.29059928096776677,1.0497371762510659,0.21668675883539654,0.0,47.749899580658976,0.0,0.0,0.0,0.0,0.01995301489708725
7177.0,0.930299064846596,1.14e-05,0.304871455,0.0,0.0,1.206458111229795e-05,0.7753552652537858,0.0,0.0,0.2932786472456189,0.7591367036951382,0.13834691223392115,0.0,47.85607554778611,0.0,-1.6940658945086007e-21,1.1102230246251565e-16,0.0,0.019953082389813317
7178.0,0.8947290898988653,0.0,0.294952511,0.0,0.0,0.0,0.7501292057784654,0.0,0.0,0.2932786472456189,0.46585719473067283,0.148678763125219,0.0,47.92386498886734,0.0,0.0,1.1102230246251565e-16,0.0,0.019953082617426114
7179.0,0.8520691030883971,0.0,0.306581615,0.0,0.0,0.0,0.7797045788371989,0.0,0.0,0.17257782277809014,0.1725780186765765,0.10021329852689194,0.0,47.996717036111995,0.0,0.0,0.0,0.0,0.019953082845038907
7180.0,0.8111157727124205,0.0,0.330319672,0.0,0.0,0.0,0.8400756866598205,0.0,0.0,0.0,0.0,0.02895991394739992,0.0,48.04582100487242,0.0,0.0,0.0,0.0,0.01995308307265171
7181.0,0.7786314839906655,0.0,0.357953799,0.0,0.0,0.0,0.9103553586945206,0.0,0.0,0.0,0.0,0.13172387470385497,0.0,48.06001081462875,0.0,0.0,0.0,0.0,0.019953083300264515
7182.0,0.7545734099109742,0.0,0.388273156,0.0,0.0,0.0,0.9712601687463709,0.0,0.0,0.0,0.0,0.21668675883539654,0.0,48.12455496499387,0.0,0.0,0.01620399335862055,0.0,1.05e-08
7183.0,0.7395668248508517,0.0,0.415633183,0.0,0.0,0.0,0.9562535836862482,0.0,0.0,0.0,0.0,0.21668675883539654,0.0,48.23073092784716,0.0,0.0,0.1007931537763993,0.0,1.05e-08
7184.0,0.7328472666432796,0.0,0.43427584,0.0,0.0,0.0,0.9495340254786762,0.0,0.0,0.0,0.0,0.21668675883539654,0.0,48.33690688948926,0.0,0.0,0.1549250952235579,0.0,1.05e-08
7185.0,0.7389051475130123,0.0,0.436060404,0.0,0.0,0.0,1.023582942777146,0.0,0.06799103642873715,0.0,0.0,0.21668675883539654,0.0,48.44308284992018,0.0,0.0,0.0854147172697517,0.0,1.05e-08
7186.0,0.7552286631969898,0.0,0.429209947,0.0,0.0,0.0,1.0915754389198173,0.0,0.1196600168874311,0.0,0.061191932785863434,0.21668675883539654,0.0,48.5492588091399,0.0,0.0,0.0,0.0,1.050001191887853e-08
7187.0,0.7829612949198276,0.0,0.424570341,0.0,0.0,0.0,1.0797758988782513,0.0,0.08012784512302706,0.0,0.16888587852375275,0.21668675883539654,0.0,48.65543476714842,0.0,0.0,0.0,0.0,1.0500023837770588e-08
7188.0,0.8150965434924958,0.0,0.418860225,0.0,0.0,0.0,1.0652538161013971,0.0,0.03347051377350485,0.0,0.24100074742704983,0.21668675883539654,0.0,48.76161072394576,0.0,0.0,2.220446049250313e-16,0.0,1.0500035756676175e-08
7189.0,0.8475165916960141,0.001299597,0.395103838,0.0,0.0,0.0013753590719122,1.0048360910511573,0.0,0.0,0.05799190040834115,0.27112393625602577,0.21668675883539654,0.0,48.8677866795319,0.0,-2.168404344971009e-19,0.0,0.0,1.1666719639550327e-08
7190.0,0.8684033255254141,0.225428373,0.267645667,0.0,0.0,0.238570078164198,0.68068188650463,0.0,0.0,0.16583811969198262,0.21313172808677086,0.21668675883539654,0.0,48.97396263390686,0.0,-2.7755575615628914e-17,0.0,0.0,1.1666732882808823e-08
7191.0,0.8773969980785697,0.586745696,0.167441051,0.0,0.0,0.620950968568747,0.4258394755667686,0.0,0.0,0.04729331277845069,0.047293366462569764,0.21668675883539654,0.0,49.080138587070614,0.0,0.0,0.0,0.0,1.1666746126082354e-08
7192.0,0.8775918609838881,0.679755858,0.194862902,0.0,0.0,0.7193833057369025,0.37489531408238214,0.0,0.0,0.0,0.0,0.21668675883539654,0.0,49.186314539023186,0.0,0.0,0.12068396889224892,0.0,1.05e-08
7193.0,0.8738787590297996,0.668483571,0.232266781,0.0,0.0,0.7074538828568496,0.3831116350083465,0.0,0.0,0.0,0.0,0.21668675883539654,0.0,49.29249048976457,0.0,0.0,0.20759395135721864,0.0,1.05e-08
7194.0,0.8707181255325477,0.641399636,0.251184707,0.0,0.0,0.6787910468351211,0.4086138375328231,0.0,0.0,0.0,0.0,0.21668675883539654,0.0,49.39866643929476,0.0,0.0,0.23020420177387257,0.0,1.05e-08
7195.0,0.8711421129529108,0.62837682,0.267811343,0.0,0.0,0.6650090450857761,0.4228198267025312,0.0,0.0,0.0,0.0,0.21668675883539654,0.0,49.50484238761375,0.0,1.1102230246251565e-16,0.2582834103641782,0.0,1.05e-08
7196.0,0.8763563016831332,0.641677303,0.281551148,0.0,0.0,0.6790849008740429,0.4139581596444868,0.0,0.0,0.0,0.0,0.21668675883539654,0.0,49.61101833472156,0.0,-1.1102230246251565e-16,0.3020884280560505,0.0,1.05e-08
7197.0,0.8868253648051279,0.664375346,0.288859772,0.0,0.0,0.7031061623533347,0.40040596128718964,0.0,0.0,0.0,0.0,0.21668675883539654,0.0,49.71719428061817,0.0,0.0,0.3342280671436063,0.0,1.05e-08
7198.0,0.8966648708484017,0.647121078,0.309144018,0.0,0.0,0.684846029386727,0.4285056002970713,0.0,0.0,0.0,0.0,0.21668675883539654,0.0,49.82337022530359,0.0,0.0,0.35771573379933064,0.0,1.05e-08
7199.0,0.9069861807784518,0.432102681,0.358617955,0.0,0.0,0.45729279331279876,0.6694479714746476,0.0,0.0030678251735980428,0.0,0.0,0.21668675883539654,0.0,49.92954616877782,0.0,0.0,0.24259648222402763,0.0,1.05e-08
7200.0,0.9022687853892609,0.075931708,0.407293166,0.0,0.0,0.0803582675580108,1.0358362371445509,0.0,0.0,0.0027610395220958885,0.0027610426562382387,0.21668675883539654,0.0,50.03572211104086,0.0,0.0,0.0,0.0,1.1666679909865032e-08
7201.0,0.8850673159560468,8.62e-06,0.450448809,0.0,0.0,9.122516595439329e-06,1.101744952274848,0.0,0.0,0.0,0.0,0.21668675883539654,0.0,50.14189805209271,0.0,-1.6940658945086007e-21,0.04384559107545338,0.0,1.05e-08
7202.0,0.8571912137424801,0.0,0.504295606,0.0,0.0,0.0,1.0738779725778766,0.0,0.0,0.0,0.0,0.21668675883539654,0.0,50.24807399193336,0.0,0.0,0.20865683658111367,0.0,1.05e-08
7203.0,0.8207796880058471,0.0,0.556752388,0.0,0.0,0.0,1.0374664468412438,0.0,0.0,0.0,0.0,0.21668675883539654,0.0,50.35424993056282,0.0,0.0,0.3784775137975729,0.0,1.05e-08
7204.0,0.7859163587587216,0.0,0.583086375,0.0,0.0,0.0,1.0026031175941181,0.0,0.0,0.0,0.0,0.21668675883539654,0.0,50.460425867981094,0.0,0.0,0.480313972672642,0.0,1.05e-08
7205.0,0.7537190110184244,0.0,0.586740175,0.0,0.0,0.0,0.9704057698538211,0.0,0.0,0.0,0.0,0.21668675883539654,0.0,50.56660180418818,0.0,0.0,0.521803738649288,0.0,1.05e-08
7206.0,0.7309136270443511,0.0,0.58203846,0.0,0.0,0.0,0.9476003858797478,0.0,0.0,0.0,0.0,0.21668675883539654,0.0,50.67277773918406,0.0,0.0,0.5326516257138109,0.0,1.05e-08
7207.0,0.7178406815831571,0.0,0.571216416,0.0,0.0,0.0,0.9345274404185537,0.0,0.0,0.0,0.0,0.21668675883539654,0.0,50.77895367296877,0.0,0.0,0.5182017294704306,0.0,1.05e-08
7208.0,0.710716408110693,0.0,0.556959353,0.0,0.0,0.0,0.9274031669460896,0.0,0.0,0.0,0.0,0.21668675883539654,0.0,50.885129605542275,0.0,0.0,0.4890671512766904,0.0,1.05e-08
7209.0,0.7120697416948822,0.0,0.542010947,0.0,0.0,0.0,0.9287565005302788,0.0,0.0,0.0,0.0,0.21668675883539654,0.0,50.991305536904584,0.0,0.0,0.4496967284925585,0.0,1.05e-08
7210.0,0.7234510201758398,0.0,0.537262802,0.0,0.0,0.0,0.9401377790112364,0.0,0.0,0.0,0.0,0.21668675883539654,0.0,51.09748146705571,0.0,0.0,0.4262398713847386,0.0,1.05e-08
7211.0,0.7460294209854763,0.0,0.533794489,0.0,0.0,0.0,0.9627161798208729,0.0,0.0,0.0,0.0,0.21668675883539654,0.0,51.20365739599564,0.0,0.0,0.3948407866376765,0.0,1.05e-08
7212.0,0.7706335394701807,0.0,0.52752426,0.0,0.0,0.0,0.9873202983055772,0.0,0.0,0.0,0.0,0.21668675883539654,0.0,51.30983332372438,0.0,0.0,0.3542900946389086,0.0,1.05e-08
7213.0,0.7931476997615803,0.000964069,0.472852948,0.0,0.0,0.0010202709340659626,1.0088141876629109,0.0,0.0,0.0,0.0,0.21668675883539654,0.0,51.416009250241935,0.0,0.0,0.1937550162088475,0.0,1.05e-08
7214.0,0.8068245060942005,0.224148569,0.33544685,0.0,0.0,0.23721566595666788,0.7862955989729292,0.0,0.0,0.0,0.0,0.21668675883539654,0.0,51.522185175548294,0.0,0.0,0.0668196307237865,0.0,1.05e-08
7215.0,0.8139444968654488,0.589578335,0.306824861,0.0,0.0,0.6239487407597433,0.40668251494110197,0.0,0.0,0.0,0.0,0.21668675883539654,0.0,51.62836109964346,0.0,0.0,0.37364069205481376,0.0,1.05e-08
7216.0,0.8223578634038651,0.678216923,0.324460235,0.0,0.0,0.7177546560760205,0.32128996616324124,0.0,0.0,0.0,0.0,0.21668675883539654,0.0,51.73453702252744,0.0,-1.1102230246251565e-16,0.5038838815252237,0.0,1.05e-08
7217.0,0.8290174637944161,0.665671325,0.341558387,0.0,0.0,0.7044776925081887,0.341226530121624,0.0,0.0,0.0,0.0,0.21668675883539654,0.0,51.84071294420023,0.0,-1.1102230246251565e-16,0.527431684377468,0.0,1.05e-08
7218.0,0.8374736573449902,0.638053311,0.345119921,0.0,0.0,0.6752496425026113,0.3789107736777754,0.0,0.0,0.0,0.0,0.21668675883539654,0.0,51.94688886466182,0.0,0.0,0.4988052062958847,0.0,1.05e-08
7219.0,0.8457092917829514,0.626129694,0.34264773,0.0,0.0,0.6626309193053768,0.39976513131297126,0.0,0.0,0.0,0.0,0.21668675883539654,0.0,52.05306478391223,0.0,-1.1102230246251565e-16,0.4716635223888244,0.0,1.05e-08
7220.0,0.8597586931213452,0.637322341,0.333690863,0.0,0.0,0.6744760594450977,0.40196939251164415,0.0,0.0,0.0,0.0,0.21668675883539654,0.0,52.15924070195144,0.0,-1.1102230246251565e-16,0.44667997544617183,0.0,1.05e-08
7221.0,0.8774783694016697,0.65534994,0.312912504,0.0,0.0,0.693554605971017,0.40061052226604915,0.0,0.0,0.0,0.0,0.21668675883539654,0.0,52.265416618779454,0.0,0.0,0.39519490182702094,0.0,1.05e-08
7222.0,0.8966091957325966,0.630631791,0.308897948,0.0,0.0,0.6673954732029148,0.44590048136507837,0.0,0.0,0.0,0.0,0.21668675883539654,0.0,52.37159253439628,0.0,-1.1102230246251565e-16,0.3396950425185537,0.0,1.05e-08
7223.0,0.9130633338036556,0.423042772,0.359367664,0.0,0.0,0.4477047225232779,0.6874610411781262,0.0,0.005415671062352091,0.0,0.0,0.21668675883539654,0.0,52.477768448801925,0.0,0.0,0.22649008764878664,0.0,1.05e-08
7224.0,0.9148834818203656,0.064816225,0.41604786,0.0,0.0,0.06859478981626792,1.058101352416119,0.0,0.0,0.004874098423375259,0.004874103956116882,0.21668675883539654,0.0,52.583944361996366,0.0,0.0,2.220446049250313e-16,0.0,1.1666679909865032e-08
7225.0,0.8937547753722735,2.9e-06,0.448552232,0.0,0.0,3.069060107514391e-06,1.1104384651475625,0.0,0.0,0.0,0.0,0.21668675883539654,0.0,52.69012027397962,0.0,0.0,0.030328665125547882,0.0,1.05e-08
7226.0,0.8564010553681671,0.0,0.460242399,0.0,0.0,0.0,1.0730878142035638,0.0,0.0,0.0,0.0,0.21668675883539654,0.0,52.79629618475169,0.0,0.0,0.09740998578785809,0.0,1.05e-08
7227.0,0.8127153616165175,0.0,0.467950244,0.0,0.0,0.0,1.0294021204519141,0.0,0.0,0.0,0.0,0.21668675883539654,0.0,52.902472094312564,0.0,0.0,0.1606984272106864,0.0,1.05e-08
7228.0,0.7734515568701694,0.0,0.470511265,0.0,0.0,0.0,0.990138315705566,0.0,0.0,0.0,0.0,0.21668675883539654,0.0,53.00864800266225,0.0,0.0,0.206475472485819,0.0,1.05e-08
7229.0,0.7417081754587458,0.0,0.469797715,0.0,0.0,0.0,0.9583949342941425,0.0,0.0,0.0,0.0,0.21668675883539654,0.0,53.11482390980074,0.0,0.0,0.23640413907088442,0.0,1.05e-08
7230.0,0.7208514205378563,0.0,0.467757024,0.0,0.0,0.0,0.9375381793732529,0.0,0.0,0.0,0.0,0.21668675883539654,0.0,53.22099981572804,0.0,0.0,0.25207096726804723,0.0,1.05e-08
7231.0,0.7122217775880427,0.0,0.463574618,0.0,0.0,0.0,0.9289085364234393,0.0,0.0,0.0,0.0,0.21668675883539654,0.0,53.327175720444146,0.0,0.0,0.2500638304854681,0.0,1.05e-08
7232.0,0.7164894893495758,0.0,0.461403654,0.0,0.0,0.0,1.1319460539596333,0.0,0.19876980577466088,0.0,0.0,0.21668675883539654,0.0,53.43335162394907,0.0,0.0,0.04150507329082065,0.0,1.05e-08
7233.0,0.7451429018338082,0.0,0.450916629,0.0,0.0,0.0,1.1467803126587826,0.0,0.1849506519895779,0.0,0.17889282519719482,0.21668675883539654,0.0,53.5395275262428,0.0,0.0,0.0,0.0,1.050001191887853e-08
7234.0,0.8057945164518034,0.0,0.439367013,0.0,0.0,0.0,1.1174070950931716,0.0,0.09492581980597149,0.0,0.34534820892120227,0.21668675883539654,0.0,53.64570342732534,0.0,0.0,0.0,0.0,1.0500023837770588e-08
7235.0,0.8669215109047513,0.0,0.433752526,0.0,0.0,0.0,1.1031282179278794,0.0,0.019519948187731475,0.0,0.4307810547314642,0.21668675883539654,0.0,53.75187932719668,0.0,0.0,0.0,0.0,1.0500035756676175e-08
7236.0,0.8986755990692145,0.0,0.433832545,0.0,0.0,0.0,1.1033317238709672,0.0,0.0,0.012030634033643833,0.4483485191079239,0.21668675883539654,0.0,53.85805522585684,0.0,0.0,0.0,0.0,1.1666719639550327e-08
7237.0,0.9133674055899765,0.000911352,0.409608107,0.0,0.0,0.0009644807127942949,1.0417236420283629,0.0,0.0,0.08736604168421608,0.4363173761404256,0.21668675883539654,0.0,53.964231123305794,0.0,0.0,0.0,0.0,1.1666732882808823e-08
7238.0,0.9225623651002742,0.215169824,0.289814296,0.0,0.0,0.2277134907514802,0.7370615932194086,0.0,0.0,0.17447403996478192,0.3489508391792663,0.21668675883539654,0.0,54.07040701954357,0.0,0.0,1.1102230246251565e-16,0.0,1.1666746126082354e-08
7239.0,0.9267658363435706,0.489587101,0.177274472,0.0,0.0,0.5181283589078342,0.45084803121461414,0.0,0.0,0.17447620505651887,0.1744764031099183,0.21668675883539654,0.0,54.176582914570155,0.0,0.0,0.0,0.0,1.1666759369370917e-08
7240.0,0.928740161604049,0.603027967,0.220869144,0.0,0.0,0.6381824404259326,0.507244480013513,0.0,0.0,0.0,0.0,0.21668675883539654,0.0,54.282758808385545,0.0,0.0,0.054474404860430425,0.0,1.05e-08
7241.0,0.9342776942760634,0.608704563,0.286159374,0.0,0.0,0.6441899626087173,0.5067744905027427,0.0,0.0,0.0,0.0,0.21668675883539654,0.0,54.38893470098974,0.0,0.0,0.22099183098716968,0.0,1.05e-08
7242.0,0.9391257120523359,0.585558854,0.301090922,0.0,0.0,0.6196949377287045,0.5361175331590278,0.0,0.0,0.0,0.0,0.21668675883539654,0.0,54.49511059238275,0.0,0.0,0.22962300392345159,0.0,1.05e-08
7243.0,0.944303497822224,0.569622902,0.318891815,0.0,0.0,0.602829974087855,0.5581602825697656,0.0,0.0,0.0,0.0,0.21668675883539654,0.0,54.60128648256457,0.0,-1.1102230246251565e-16,0.2528518464817595,0.0,1.05e-08
7244.0,0.9523121490957484,0.569268572,0.339031099,0.0,0.0,0.6024549878575461,0.5665439200735988,0.0,0.0,0.0,0.0,0.21668675883539654,0.0,54.70746237153519,0.0,0.0,0.2956868443462042,0.0,1.05e-08
7245.0,0.9629032692023931,0.558659678,0.35448306,0.0,0.0,0.5912276315264259,0.5883623965113638,0.0,0.0,0.0,0.0,0.21668675883539654,0.0,54.813638259294635,0.0,0.0,0.3131661083933467,0.0,1.05e-08
7246.0,0.9759676492611555,0.484664431,0.410230193,0.0,0.0,0.5129187140390555,0.6797356940574966,0.0,0.0,0.0,0.0,0.21668675883539654,0.0,54.919814145842885,0.0,0.0,0.3635700496981029,0.0,1.05e-08
7247.0,0.9887772085975787,0.297369035,0.534842414,0.0,0.0,0.3147046353546727,0.8907593320783025,0.0,0.0,0.0,0.0,0.21668675883539654,0.0,55.02599003117994,0.0,-5.551115123125783e-17,0.4694627384856509,0.0,1.05e-08
7248.0,0.9854623978565584,0.045077141,0.6184148,0.0,0.0,0.047704984553069436,1.1544441721388854,0.0,0.0,0.0,0.0,0.21668675883539654,0.0,55.132165915305805,0.0,-6.938893903907228e-18,0.41832088482870433,0.0,1.05e-08
7249.0,0.9614921191517908,3.95e-06,0.638811554,0.0,0.0,4.1802715257523605e-06,1.1781746977156615,0.0,0.0,0.0,0.0,0.21668675883539654,0.0,55.238341798220475,0.0,0.0,0.44646379754409704,0.0,1.05e-08
7250.0,0.9170698007910256,0.0,0.639365349,0.0,0.0,0.0,1.133756559626422,0.0,0.0,0.0,0.0,0.21668675883539654,0.0,55.34451767992396,0.0,0.0,0.4922903583048561,0.0,1.05e-08
7251.0,0.8661313525304384,0.0,0.636349178,0.0,0.0,0.0,1.082818111365835,0.0,0.0,0.0,0.0,0.21668675883539654,0.0,55.45069356041625,0.0,0.0,0.5355580193290463,0.0,1.05e-08
7252.0,0.8235655851467174,0.0,0.623043196,0.0,0.0,0.0,1.040252343982114,0.0,0.0,0.0,0.0,0.21668675883539654,0.0,55.55686943969735,0.0,0.0,0.5442837435277728,0.0,1.05e-08
7253.0,0.7881840490524815,0.0,0.603985916,0.0,0.0,0.0,1.004870807887878,0.0,0.0,0.0,0.0,0.21668675883539654,0.0,55.663045317767256,0.0,0.0,0.5311984187628453,0.0,1.05e-08
7254.0,0.765627061748924,0.0,0.586076595,0.0,0.0,0.0,0.9823138205843207,0.0,0.0,0.0,0.0,0.21668675883539654,0.0,55.769221194625985,0.0,0.0,0.5082080578095114,0.0,1.05e-08
7255.0,0.7553892644925819,0.0,0.572954077,0.0,0.0,0.0,0.9720760233279785,0.0,0.0,0.0,0.0,0.21668675883539654,0.0,55.87539707027351,0.0,0.0,0.4850724012451685,0.0,1.05e-08
7256.0,0.758260815657768,0.0,0.557349304,0.0,0.0,0.0,0.9749475744931647,0.0,0.0,0.0,0.0,0.21668675883539654,0.0,55.98157294470985,0.0,0.0,0.44251447501859753,0.0,1.05e-08
7257.0,0.7829720016728671,0.0,0.529196461,0.0,0.0,0.0,0.9996587605082636,0.0,0.0,0.0,0.0,0.21668675883539654,0.0,56.087748817934994,0.0,0.0,0.3462044079212625,0.0,1.05e-08
7258.0,0.839805588156987,0.0,0.50879895,0.0,0.0,0.0,1.0564923469923837,0.0,0.0,0.0,0.0,0.21668675883539654,0.0,56.19392468994895,0.0,0.0,0.2374954579272266,0.0,1.05e-08
7259.0,0.899108151892009,0.0,0.497831348,0.0,0.0,0.0,1.2195175545221109,0.0,0.10372264379470518,0.0,0.0,0.21668675883539654,0.0,56.300100560751716,0.0,0.0,0.04657722263631414,0.0,1.05e-08
7260.0,0.9240591691751923,0.0,0.492071501,0.0,0.0,0.0,1.2514462174941354,0.0,0.11070028948354678,0.0,0.09335037941523466,0.21668675883539654,0.0,56.4062764303433,0.0,0.0,2.220446049250313e-16,0.0,1.050001191887853e-08
7261.0,0.9338151625447583,0.000608153,0.44643171,0.0,0.0,0.00064360624536731,1.135374175731707,0.0,0.0,0.01448413940308058,0.1929805339856106,0.21668675883539654,0.0,56.51245229872368,0.0,0.0,0.0,0.0,1.166669315307843e-08
7262.0,0.9361920617195209,0.068226977,0.354738628,0.0,0.0,0.07220437702310407,0.9021784706236406,0.0,0.0,0.17849597290817273,0.17849617552453648,0.21668675883539654,0.0,56.61862816589287,0.0,1.3877787807814457e-17,0.0,0.0,1.166670639630686e-08
7263.0,0.936309836002955,0.391185088,0.343100047,0.0,0.0,0.4139898442190712,0.7390067506192805,0.0,0.0,0.0,0.0,0.21668675883539654,0.0,56.72480403185087,0.0,0.0,0.13357224484709218,0.0,1.05e-08
7264.0,0.9345924728154238,0.524071594,0.385138374,0.0,0.0,0.554623180216165,0.5966560514346555,0.0,0.0,0.0,0.0,0.21668675883539654,0.0,56.8309798965977,0.0,-1.1102230246251565e-16,0.38283566953404524,0.0,1.05e-08
7265.0,0.9371770829991521,0.542489983,0.410306889,0.0,0.0,0.5741152984660206,0.579748543368528,0.0,0.0,0.0,0.0,0.21668675883539654,0.0,56.937155760133315,0.0,0.0,0.4637522552091896,0.0,1.05e-08
7266.0,0.9394747522014226,0.534593225,0.419172037,0.0,0.0,0.5657581864120568,0.5904033246247623,0.0,0.0,0.0,0.0,0.21668675883539654,0.0,57.04333162245775,0.0,0.0,0.47564349807664386,0.0,1.05e-08
7267.0,0.9429972739514085,0.522801994,0.423972169,0.0,0.0,0.553279566867027,0.6064044659197781,0.0,0.0,0.0,0.0,0.21668675883539654,0.0,57.14950748357099,0.0,-1.1102230246251565e-16,0.4718501498008637,0.0,1.05e-08
7268.0,0.949423467125699,0.516983128,0.425169103,0.0,0.0,0.5471214808285538,0.6189887451325418,0.0,0.0,0.0,0.0,0.21668675883539654,0.0,57.25568334347304,0.0,0.0,0.4623099374032804,0.0,1.05e-08
7269.0,0.957582012941776,0.498775817,0.430691452,0.0,0.0,0.5278527457060683,0.6464160260711043,0.0,0.0,0.0,0.0,0.21668675883539654,0.0,57.3618592021639,0.0,0.0,0.4489272064004244,0.0,1.05e-08
7270.0,0.969382996141881,0.453951822,0.453373761,0.0,0.0,0.4804156647012668,0.7056540902760108,0.0,0.0,0.0,0.0,0.21668675883539654,0.0,57.46803505964357,0.0,-5.551115123125783e-17,0.44737525030053316,0.0,1.05e-08
7271.0,0.9842054250497245,0.317936717,0.508475515,0.0,0.0,0.33647134305475596,0.864420840830365,0.0,0.0,0.0,0.0,0.21668675883539654,0.0,57.574210915912055,0.0,0.0,0.42874439763999417,0.0,1.05e-08
7272.0,0.982395983786054,0.073624467,0.556850771,0.0,0.0,0.07791652227817576,1.1356948028785943,0.0,0.014528582535319539,0.0,0.0,0.21668675883539654,0.0,57.68038677096934,0.0,0.0,0.2804993674004179,0.0,1.05e-08
7273.0,0.9609846190577198,1.52e-06,0.555405315,0.0,0.0,1.60861081497306e-06,1.4125180572749505,0.0,0.2348482879926491,0.0,0.013075724281787585,0.21668675883539654,0.0,57.78656262481544,0.0,0.0,0.0,0.0,1.050001191887853e-08
7274.0,0.9174787987571333,0.0,0.542214796,0.0,0.0,0.0,1.3789716619324277,0.0,0.24480610433989797,0.0,0.22443916863252486,0.21668675883539654,0.0,57.892738477450344,0.0,0.0,2.220446049250313e-16,0.0,1.0500023837770588e-08
7275.0,0.8652876603909281,0.0,0.52281873,0.0,0.0,0.0,1.3296431936495905,0.0,0.24766877442326599,0.0,0.44476440777079956,0.21668675883539654,0.0,57.998914328874065,0.0,0.0,2.220446049250313e-16,0.0,1.0500035756676175e-08
7276.0,0.8189916602482554,0.0,0.500330649,0.0,0.0,0.0,1.2724510501319117,0.0,0.2367726310482597,0.0,0.6676657998863168,0.21668675883539654,0.0,58.105090179086595,0.0,0.0,0.0,0.0,1.0500047675595293e-08
7277.0,0.7845394703178457,0.0,0.479701835,0.0,0.0,0.0,1.2199874321430089,0.0,0.21876120298976645,0.0,0.8807604099422711,0.21668675883539654,0.0,58.21126602808793,0.0,0.0,0.0,0.0,1.050005959452794e-08
7278.0,0.7608261536860252,0.0,0.468459397,0.0,0.0,0.0,1.191395435894658,0.0,0.21388252337323604,0.0,1.077644492855497,0.21668675883539654,0.0,58.317441875878075,0.0,0.0,0.0,0.0,1.0500071513474118e-08
7279.0,0.7476418579932207,0.0,0.461077032,0.0,0.0,0.0,1.1726204555581903,0.0,0.20829183872957302,0.0,1.270137540624816,0.21668675883539654,0.0,58.42361772245703,0.0,0.0,0.0,0.0,1.0500083432433824e-08
7280.0,0.7498881347809017,0.0,0.452436467,0.0,0.0,0.0,1.1506455954732489,0.0,0.18407070185695054,0.0,1.4575987537102053,0.21668675883539654,0.0,58.5297935678248,0.0,0.0,0.0,0.0,1.050009535140706e-08
7281.0,0.7730104386449432,0.0,0.437682157,0.0,0.0,0.0,1.1131221351555665,0.0,0.12342493767522655,0.0,1.6232607308173874,0.21668675883539654,0.0,58.63596941198138,0.0,0.0,0.0,0.0,1.0500107270393827e-08
7282.0,0.8297305335468448,0.0,0.423546269,0.0,0.0,0.0,1.0771714582060374,0.0,0.030754165823796146,0.0,1.734341332113138,0.21668675883539654,0.0,58.74214525492676,0.0,0.0,0.0,0.0,1.0500119189394123e-08
7283.0,0.8866133710949464,0.0,0.416329917,0.0,0.0,0.0,1.0588186854968815,0.0,0.0,0.04448144443346151,1.7620181126516783,0.21668675883539654,0.0,58.84832109666095,0.0,0.0,0.0,0.0,0.0199527029290132
7284.0,0.9148920472227972,0.0,0.412558288,0.0,0.0,0.0,1.0492266021588927,0.0,0.0,0.08235220389930092,1.7175346680985963,0.21668675883539654,0.0,58.95449693718396,0.0,0.0,0.0,0.0,0.019952725577950584
7285.0,0.9256180724177392,2.35e-05,0.383502534,0.0,0.0,2.4869969836754544e-05,0.9753314195160352,0.0,0.0,0.16694854176726376,1.6351805145741678,0.21668675883539654,0.0,59.06067277649577,0.0,0.0,0.0,0.0,0.01995274822691368
7286.0,0.9331406371032716,0.074810103,0.291526333,0.0,0.0,0.07917127681253196,0.7414156804272757,0.0,0.0,0.2932786472456189,1.4682301166644465,0.18072496738215485,0.0,59.1668486145964,0.0,-1.3877787807814457e-17,-1.1102230246251565e-16,0.0,0.01995310719962327
7287.0,0.9332391392312347,0.437625093,0.242890109,0.0,0.0,0.4631371430943363,0.6177230495102138,0.0,0.0,0.06906570546208106,1.1749498027867753,0.21668675883539654,0.0,59.25540317367374,0.0,0.0,1.1102230246251565e-16,0.0,0.019952793524917
7288.0,0.9328194345120875,0.545774102,0.256469198,0.0,0.0,0.5775908704009276,0.6522576639545206,0.0,0.08034234100796409,0.0,1.1058827636039246,0.21668675883539654,0.0,59.361579009553,0.0,0.0,0.0,0.0,0.0179575345565615
7289.0,0.9348558589401949,0.570031351,0.269463178,0.0,0.0,0.6032622342712529,0.6853042173276541,0.0,0.13702383382331573,0.0,1.1781896151903908,0.21668675883539654,0.0,59.46775484422107,0.0,0.0,1.1102230246251565e-16,0.0,0.017957554940720842
7290.0,0.936573222127726,0.562510331,0.268927196,0.0,0.0,0.595302764460971,0.6839410970388712,0.0,0.12598388053671958,0.0,1.301509728232997,0.21668675883539654,0.0,59.57393067767794,0.0,-1.1102230246251565e-16,0.0,0.0,0.01795757532490332
7291.0,0.9374404691239231,0.552653974,0.262906699,0.0,0.0,0.584871815469895,0.6686296470102203,0.0,0.09937423452079562,0.0,1.4148937433333069,0.21668675883539654,0.0,59.68010650992363,0.0,0.0,0.0,0.0,0.017957595709108938
7292.0,0.9437424639629558,0.555533723,0.252742379,0.0,0.0,0.5879194440131896,0.6427795423170001,0.0,0.07026976353183735,0.0,1.5043289483136881,0.21668675883539654,0.0,59.786282340958124,0.0,0.0,0.0,0.0,0.01795761609333769
7293.0,0.9458923799732816,0.55596053,0.241760128,0.0,0.0,0.5883711324053648,0.614849258922024,0.0,0.040641252518710654,0.0,1.5675700278834226,0.21668675883539654,0.0,59.89245817078143,0.0,0.0,1.1102230246251565e-16,0.0,0.017957636477589585
7294.0,0.9446461139194872,0.520357976,0.250005177,0.0,0.0,0.5506930709546658,0.6358182346971601,0.0,0.02517843289694222,0.0,1.6041453757544966,0.21668675883539654,0.0,59.99863399939355,0.0,0.0,0.0,0.0,0.01795765686186462
7295.0,0.9454705339035264,0.374805876,0.258524632,0.0,0.0,0.3966557800322708,0.6574850853747438,0.0,0.0,0.1080164273319083,1.6268041444482042,0.21668675883539654,0.0,60.10480982679448,0.0,0.0,0.0,0.0,0.01995297471795866
7296.0,0.9403355751457961,0.069120532,0.266126729,0.0,0.0,0.07315002323150756,0.6768188925884104,0.0,0.0,0.2932786472456189,1.5187858704821073,0.10291198791974071,0.0,60.21098565298421,0.0,-1.3877787807814457e-17,0.0,0.0,0.01995310947575417
7297.0,0.9253696757472235,4.33e-07,0.265283072,0.0,0.0,4.5824242294956253e-07,0.6746732870018912,0.0,0.0,0.2932786472456189,1.2255054992170833,0.042582716742709616,0.0,60.26141184021408,0.0,-5.293955920339377e-23,1.1102230246251565e-16,0.0,0.01995310970336727
7298.0,0.8852536134589336,0.0,0.267124254,0.0,0.0,0.0,0.679355818392016,0.0,0.0,0.2932786472456189,0.9322254608634071,0.0873808521787013,0.0,60.282276683991974,0.0,0.0,0.0,0.0,0.019953109930980376
7299.0,0.8400561261781107,0.0,0.283700718,0.0,0.0,0.0,0.7215134177044537,0.0,0.0,0.2932786472456189,0.6389457554207008,0.1747359387719619,0.0,60.3250926138955,0.0,0.0,-1.1102230246251565e-16,0.0,0.019953110158593485
7300.0,0.7993404857196104,0.0,0.300507047,0.0,0.0,0.0,0.7642556143451242,0.0,0.0,0.2517716302098826,0.34566638288858653,0.21668675883539654,0.0,60.4107125357413,0.0,0.0,1.1102230246251565e-16,0.0,0.019953087964445265
7301.0,0.766477177940258,0.0,0.31860031,0.0,0.0,0.0,0.8102707676256159,0.0,0.0,0.0843047858428459,0.09389436030242271,0.12809837552820372,0.0,60.51688835844148,0.0,0.0,0.0,0.0,0.019953110613819713
7302.0,0.742836667229106,0.0,0.336991632,0.0,0.0,0.0,0.857043950597691,0.0,0.0,0.0,0.009589467877271605,0.11420728336858507,0.0,60.579655872109946,0.0,0.0,0.0,0.0,0.01995311084143283
7303.0,0.731181295870338,0.0,0.354156842,0.0,0.0,0.0,0.9006988606734375,0.0,0.0,0.0,0.009589456991978933,0.16951756480309943,0.0,60.63561674990418,0.0,0.0,0.0,0.0,0.019953111069045952
7304.0,0.7326031526739797,0.0,0.368666027,0.0,0.0,0.0,0.9375989141215086,0.0,0.0,0.0,0.009589446106698618,0.2049957614475289,0.0,60.71867966496296,0.0,0.0,0.0,0.0,0.01995311129665907
7305.0,0.7525005825225326,0.0,0.374033374,0.0,0.0,0.0,0.951249259828338,0.0,0.0,0.0,0.009589435221430659,0.19874867730580545,0.0,60.81912689542998,0.0,0.0,1.1102230246251565e-16,0.0,0.019953111524272198
7306.0,0.8030150433627568,0.0,0.378723475,0.0,0.0,0.0,0.963177219777629,0.0,0.0,0.0,0.009589424336175054,0.16016217641487226,0.0,60.91651305352172,0.0,0.0,0.0,0.0,0.019953111751885327
7307.0,0.8581591042172483,0.0,0.383810812,0.0,0.0,0.0,0.9761154383755964,0.0,0.0,0.0,0.009589413450931809,0.1179563341583482,0.0,60.99499182506597,0.0,0.0,1.1102230246251565e-16,0.0,0.019953111979498454
7308.0,0.8910652390087584,0.0,0.384390276,0.0,0.0,0.0,0.977589142968324,0.0,0.0,0.0,0.009589402565700919,0.08652390395956552,0.0,61.0527897330093,0.0,0.0,0.0,0.0,0.019953112207111587
7309.0,0.9097420990108116,0.000570494,0.371346651,0.0,0.0,0.0006037518541297637,0.9444163314246985,0.0,0.0,0.0,0.009589391680482383,0.03527798426801666,0.0,61.09518574949589,0.0,0.0,1.1102230246251565e-16,0.0,0.019953112434724724
7310.0,0.9221833460426769,0.140755381,0.300262248,0.0,0.0,0.1489609395672721,0.7636330365653224,0.0,0.0,0.009589369910082385,0.009589380795276206,0.0,0.0,61.112471264849994,0.0,0.0,0.0,0.0,0.01995331445934673
7311.0,0.9255773867561893,0.460206619,0.256488055,0.0,0.0,0.48703509502999115,0.6523056214592232,0.0,0.0,0.0,0.0,0.21376332973302503,0.0,61.11247056771558,0.0,-5.551115123125783e-17,0.0,0.0,0.019953112889951
7312.0,0.9254917327318735,0.585819637,0.299533636,0.0,0.0,0.6199709234880211,0.5222075680792488,0.0,0.0,0.0,0.0,0.21668675883539654,0.0,61.21721390215037,0.0,0.0,0.23957244767595176,0.0,1.05e-08
7313.0,0.9271769756602862,0.610579672,0.33550584,0.0,0.0,0.6461743840670419,0.49768935042864093,0.0,0.0,0.0,0.0,0.21668675883539654,0.0,61.32338971565047,0.0,0.0,0.3555759038320253,0.0,1.05e-08
7314.0,0.9271962478157573,0.600979121,0.34857733,0.0,0.0,0.6360141536931601,0.5078688529579939,0.0,0.0,0.0,0.0,0.21668675883539654,0.0,61.429565527939374,0.0,-1.1102230246251565e-16,0.37864007967922686,0.0,1.05e-08
7315.0,0.928699475942499,0.595719618,0.35988129,0.0,0.0,0.6304480396094868,0.5149381951684088,0.0,0.0,0.0,0.0,0.21668675883539654,0.0,61.53574133901709,0.0,0.0,0.4003191977148465,0.0,1.05e-08
7316.0,0.9324511222075297,0.606992917,0.368258868,0.0,0.0,0.6423785334856875,0.7962997527719479,0.0,0.28954040521470914,0.0,0.0,0.21668675883539654,0.0,61.641917148883614,0.0,0.0,0.14026366632610754,0.0,1.05e-08
7317.0,0.9408580646941223,0.625754291,0.36965028,0.0,0.0,0.6622336315910522,0.7885898391840855,0.0,0.2932786472456189,0.0,0.26058636469323826,0.21668675883539654,0.0,61.74809295753895,0.0,0.0,0.1515122471215551,0.0,1.05e-08
7318.0,0.9565156203390447,0.594270869,0.36725371,0.0,0.0,0.6289148334847623,0.8375661929352979,0.0,0.2932786472456189,0.0,0.5245368514148951,0.21668675883539654,0.0,61.854268764983104,0.0,0.0,0.09644088795880212,0.0,1.05e-08
7319.0,0.969541456086865,0.412385184,0.377208645,0.0,0.0,0.43642583349806274,0.959324673410294,0.0,0.2095222919860952,0.0,0.788487038518436,0.21668675883539654,0.0,61.960444571216065,0.0,-5.551115123125783e-17,0.0,0.0,1.0500035756676175e-08
7320.0,0.9673808333234999,0.066449389,0.396046531,0.0,0.0,0.07032316170641571,1.0072335670007109,0.0,0.0,0.10651086345176985,0.9770562062706296,0.21668675883539654,0.0,62.06662037623783,0.0,0.0,0.0,0.0,1.1666719639550327e-08
7321.0,0.9466953864512418,0.0,0.397204167,0.0,0.0,0.0,1.0101776903455724,0.0,0.0,0.15320445494106616,0.8705442337330485,0.21668675883539654,0.0,62.17279618004841,0.0,0.0,0.0,0.0,1.1666732882808823e-08
7322.0,0.9034765071321132,0.0,0.393573767,0.0,0.0,0.0,1.0009447834636298,0.0,0.0,0.11921848250388013,0.7173387906111062,0.21668675883539654,0.0,62.27897198264779,0.0,0.0,0.0,0.0,1.1666746126082354e-08
7323.0,0.8533689029073889,0.0,0.394527284,0.0,0.0,0.0,1.0033697872294265,0.0,0.0,0.06668587451335893,0.5981194938344447,0.21668675883539654,0.0,62.38514778403599,0.0,0.0,0.0,0.0,1.1666759369370917e-08
7324.0,0.8084390844525527,0.0,0.402627464,0.0,0.0,0.0,1.02397032922672,0.0,0.0,0.0011555140612294224,0.5314329403777047,0.21668675883539654,0.0,62.491323584213,0.0,0.0,0.0,0.0,1.1666772612674513e-08
7325.0,0.7737663354095299,0.0,0.403496647,0.0,0.0,0.0,1.0261808530539476,0.0,0.035727758809021105,0.0,0.5302768230710017,0.21668675883539654,0.0,62.597499383178814,0.0,0.0,0.0,0.0,1.0500107270393827e-08
7326.0,0.7513014261821118,0.0,0.400989868,0.0,0.0,0.0,1.0198055618792536,0.0,0.0518173768617453,0.0,0.5624312040659906,0.21668675883539654,0.0,62.703675180933445,0.0,0.0,0.0,0.0,1.0500119189394123e-08
7327.0,0.7390871623146833,0.0,0.399499199,0.0,0.0,0.0,1.0160144622569536,0.0,0.060240541106873616,0.0,0.6090662048090287,0.21668675883539654,0.0,62.809850977476884,0.0,0.0,0.0,0.0,1.0500131108407949e-08
7328.0,0.7410486394715144,0.0,0.397534071,0.0,0.0,0.0,1.0110167088867743,0.0,0.05328131057986341,0.0,0.6632820004358938,0.21668675883539654,0.0,62.91602677280913,0.0,0.0,2.220446049250313e-16,0.0,1.0500143027435302e-08
7329.0,0.7631538017968063,0.0,0.397278873,0.0,0.0,0.0,1.0103676841593454,0.0,0.030527123527142586,0.0,0.7112344270464738,0.21668675883539654,0.0,63.02220256693019,0.0,0.0,0.0,0.0,1.0500154946476186e-08
7330.0,0.8166704361892981,0.0,0.400188284,0.0,0.0,0.0,1.0177669571993133,0.0,0.0,0.015590237825381279,0.7387080308773669,0.21668675883539654,0.0,63.12837835984006,0.0,0.0,0.0,0.0,1.1666852072811778e-08
7331.0,0.8748509322057836,0.0,0.397681487,0.0,0.0,0.0,1.0113916202466544,0.0,0.0,0.0801460707945257,0.7231169545223385,0.21668675883539654,0.0,63.234554151538745,0.0,0.0,0.0,0.0,1.1666865316220604e-08
7332.0,0.9112581752412008,0.0,0.391891398,0.0,0.0,0.0,0.9966661485148454,0.0,0.0,0.1312787855617521,0.6429700628960643,0.21668675883539654,0.0,63.34072994202623,0.0,0.0,0.0,0.0,1.1666878559644462e-08
7333.0,0.9326588332164953,0.000386583,0.365884739,0.0,0.0,0.00040911947018732267,0.9305254860926787,0.0,0.0,0.21841098648902588,0.5116905474797047,0.21668675883539654,0.0,63.44690573130253,0.0,0.0,0.0,0.0,1.1666891803083355e-08
7334.0,0.9448238460199423,0.172172878,0.252369768,0.0,0.0,0.18220996947094556,0.6418319104675654,0.0,0.0,0.2932786472456189,0.2932789801553876,0.1724966811641876,0.0,63.55308151936764,0.0,-2.7755575615628914e-17,0.0,0.0,0.019953118125053952
7335.0,0.9452842364006396,0.570490211,0.223394324,0.0,0.0,0.6037478442439888,0.5582231509920474,0.0,0.0,0.0,0.0,0.21668675883539654,0.0,63.63760416816267,0.0,0.0,0.009917822852847924,0.0,1.05e-08
7336.0,0.9404083810664645,0.674075473,0.232434526,0.0,0.0,0.7133717736683428,0.4437233662335183,0.0,0.0,0.0,0.0,0.21668675883539654,0.0,63.74377995405241,0.0,-1.1102230246251565e-16,0.1474088326168726,0.0,1.05e-08
7337.0,0.9366674415544733,0.666153417,0.234787272,0.0,0.0,0.7049878888272754,0.44836631156259454,0.0,0.0,0.0,0.0,0.21668675883539654,0.0,63.849955738730955,0.0,0.0,0.14874943861405865,0.0,1.05e-08
7338.0,0.9334811118499268,0.633966613,0.231572606,0.0,0.0,0.6709247039497636,0.4792431667355598,0.0,0.0,0.0,0.0,0.21668675883539654,0.0,63.956131522198305,0.0,0.0,0.10969697969645187,0.0,1.05e-08
7339.0,0.9259692539174339,0.618355143,0.236540743,0.0,0.0,0.6544031385026403,0.4882528742501902,0.0,0.0,0.0,0.0,0.21668675883539654,0.0,64.06230730445448,0.0,-1.1102230246251565e-16,0.11332233892315396,0.0,1.05e-08
7340.0,0.9231405297644056,0.628974893,0.242888427,0.0,0.0,0.6656419837015285,0.4741853048982738,0.0,0.0,0.0,0.0,0.21668675883539654,0.0,64.16848308549946,0.0,-1.1102230246251565e-16,0.14353346691543967,0.0,1.05e-08
7341.0,0.9286502248785174,0.651143496,0.244182215,0.0,0.0,0.689102940634847,0.5547153145904431,0.0,0.09848127151137605,0.0,0.0,0.21668675883539654,0.0,64.27465886533324,0.0,0.0,0.06629384509484781,0.0,1.05e-08
7342.0,0.9356824202748419,0.607508872,0.249881879,0.0,0.0,0.6429245669021609,0.6355046607238432,0.0,0.12606004851576552,0.0,0.08863314436023845,0.21668675883539654,0.0,64.38083464395585,0.0,-1.1102230246251565e-16,1.1102230246251565e-16,0.0,1.050001191887853e-08
7343.0,0.9417959762603799,0.411127094,0.295845904,0.0,0.0,0.4350944011426618,0.7524013009685215,0.0,0.02901296701540685,0.0,0.2020870874142863,0.21668675883539654,0.0,64.48701042136724,0.0,-5.551115123125783e-17,0.0,0.0,1.0500023837770588e-08
7344.0,0.934935088912687,0.055124645,0.362682061,0.0,0.0,0.05833822376220436,0.9223803704726792,0.0,0.0,0.17090325351320002,0.22819852833303692,0.21668675883539654,0.0,64.59318619756746,0.0,-6.938893903907228e-18,1.1102230246251565e-16,0.0,1.166670639630686e-08
7345.0,0.9159541571243127,0.0,0.422828481,0.0,0.0,0.0,1.075345965212159,0.0,0.0,0.057294950747550165,0.05729501578484143,0.21668675883539654,0.0,64.6993619725565,0.0,0.0,0.0,0.0,1.1666719639550327e-08
7346.0,0.881013739255303,0.0,0.465380713,0.0,0.0,0.0,1.0977004980906997,0.0,0.0,0.0,0.0,0.21668675883539654,0.0,64.80553774633434,0.0,0.0,0.08586516623858631,0.0,1.05e-08
7347.0,0.8422595759536338,0.0,0.499397058,0.0,0.0,0.0,1.0589463347890304,0.0,0.0,0.0,0.0,0.21668675883539654,0.0,64.911713518901,0.0,0.0,0.21113038778425963,0.0,1.05e-08
7348.0,0.8031692206065252,0.0,0.525136272,0.0,0.0,0.0,1.0198559794419217,0.0,0.0,0.0,0.0,0.21668675883539654,0.0,65.01788929025646,0.0,0.0,0.3156812340074131,0.0,1.05e-08
7349.0,0.7737984556686484,0.0,0.535112794,0.0,0.0,0.0,0.9904852145040449,0.0,0.0,0.0,0.0,0.21668675883539654,0.0,65.12406506040072,0.0,0.0,0.370424491957534,0.0,1.05e-08
7350.0,0.7506247593900173,0.0,0.532142095,0.0,0.0,0.0,0.9673115182254138,0.0,0.0,0.0,0.0,0.21668675883539654,0.0,65.23024082933381,0.0,0.0,0.38604304631205755,0.0,1.05e-08
7351.0,0.736643881271076,0.0,0.520387545,0.0,0.0,0.0,0.9533306401064726,0.0,0.0,0.0,0.0,0.21668675883539654,0.0,65.3364165970557,0.0,0.0,0.3701295145618003,0.0,1.05e-08
7352.0,0.7317680259369009,0.0,0.51131789,0.0,0.0,0.0,0.9484547847722975,0.0,0.0,0.0,0.0,0.21668675883539654,0.0,65.44259236356642,0.0,0.0,0.3519392394237564,0.0,1.05e-08
7353.0,0.7378687338187915,0.0,0.492000142,0.0,0.0,0.0,0.9545554926541882,0.0,0.0,0.0,0.0,0.21668675883539654,0.0,65.54876812886592,0.0,0.0,0.2967092431844305,0.0,1.05e-08
7354.0,0.7554427982577793,0.0,0.472234292,0.0,0.0,0.0,0.9721295570931759,0.0,0.0,0.0,0.0,0.21668675883539654,0.0,65.65494389295425,0.0,0.0,0.22886626829688483,0.0,1.05e-08
7355.0,0.7874281522878949,0.0,0.4615059,0.0,0.0,0.0,1.0653149400834256,0.0,0.06120002896013419,0.0,0.0,0.21668675883539654,0.0,65.76111965583138,0.0,0.0,0.10839622126714166,0.0,1.05e-08
7356.0,0.8197861013237842,0.0,0.449853984,0.0,0.0,0.0,1.1440777723509483,0.0,0.1076049121917674,0.0,0.055080026064120775,0.21668675883539654,0.0,65.86729541749733,0.0,0.0,-2.220446049250313e-16,0.0,1.050001191887853e-08
7357.0,0.8454030786460225,0.000279873,0.416534895,0.0,0.0,0.0002961886411966811,1.059339989702161,0.0,0.0,0.002453659138061288,0.15192438451372148,0.21668675883539654,0.0,65.97347117795209,0.0,-5.421010862427522e-20,2.220446049250313e-16,0.0,1.166669315307843e-08
7358.0,0.8574631652696826,0.121359085,0.313085596,0.0,0.0,0.12843390567515453,0.7962456351766999,0.0,0.0,0.14947038325322481,0.14947055292173358,0.21668675883539654,0.0,66.07964693719566,0.0,-2.7755575615628914e-17,0.0,0.0,1.166670639630686e-08
7359.0,0.8569385343707485,0.487478695,0.325955656,0.0,0.0,0.5158970400302327,0.5577282531759123,0.0,0.0,0.0,0.0,0.21668675883539654,0.0,66.18582269522803,0.0,0.0,0.27124877951759374,0.0,1.05e-08
7360.0,0.8492703578438794,0.606487193,0.411232655,0.0,0.0,0.6418433275016141,0.4241137891776618,0.0,0.0,0.0,0.0,0.21668675883539654,0.0,66.29199845204923,0.0,0.0,0.6217414362600349,0.0,1.05e-08
7361.0,0.8399854616080502,0.62158383,0.427354809,0.0,0.0,0.6578200469410368,0.39885217350241,0.0,0.0,0.0,0.0,0.21668675883539654,0.0,66.39817420765922,0.0,0.0,0.6880052408451418,0.0,1.05e-08
7362.0,0.8327091522424257,0.599326543,0.419174973,0.0,0.0,0.6342652360330373,0.4151306750447849,0.0,0.0,0.0,0.0,0.21668675883539654,0.0,66.50434996205803,0.0,0.0,0.6509236145513451,0.0,1.05e-08
7363.0,0.8299318205039868,0.580056431,0.409166505,0.0,0.0,0.6138717422376807,0.4327468371017027,0.0,0.0,0.0,0.0,0.21668675883539654,0.0,66.61052571524566,0.0,-1.1102230246251565e-16,0.607853713767317,0.0,1.05e-08
7364.0,0.8337262937811755,0.58234303,0.40149065,0.0,0.0,0.6162916421593297,0.4341214104572423,0.0,0.0,0.0,0.0,0.21668675883539654,0.0,66.71670146722208,0.0,-1.1102230246251565e-16,0.5869577503571571,0.0,1.05e-08
7365.0,0.8438505994552992,0.589334574,0.392635928,0.0,0.0,0.6236907693249613,0.4368465889657345,0.0,0.0,0.0,0.0,0.21668675883539654,0.0,66.82287721798733,0.0,0.0,0.5617130633395507,0.0,1.05e-08
7366.0,0.8656195697351516,0.554044249,0.399646237,0.0,0.0,0.5863431387598862,0.49596318981066195,0.0,0.0,0.0,0.0,0.21668675883539654,0.0,66.92905296754138,0.0,0.0,0.5204252224689081,0.0,1.05e-08
7367.0,0.8854955860776256,0.369277796,0.43395869,0.0,0.0,0.390805431825668,0.7113769130873542,0.0,0.0,0.0,0.0,0.21668675883539654,0.0,67.03522871588424,0.0,0.0,0.39227562530504945,0.0,1.05e-08
7368.0,0.8889153229984327,0.055079329,0.474160841,0.0,0.0,0.05829026599398638,1.0473118158398427,0.0,0.0,0.0,0.0,0.21668675883539654,0.0,67.14140446301592,0.0,0.0,0.158583648025455,0.0,1.05e-08
7369.0,0.8791807431349457,0.0,0.471107956,0.0,0.0,0.0,1.0958675019703423,0.0,0.0,0.0,0.0,0.21668675883539654,0.0,67.24758020893641,0.0,0.0,0.10226380286942649,0.0,1.05e-08
7370.0,0.8561333865421803,0.0,0.45820445,0.0,0.0,0.0,1.072820145377577,0.0,0.0,0.0,0.0,0.21668675883539654,0.0,67.3537559536457,0.0,0.0,0.09249470140010851,0.0,1.05e-08
7371.0,0.8248461128102381,0.0,0.454357844,0.0,0.0,0.0,1.0415328716456347,0.0,0.0,0.0,0.0,0.21668675883539654,0.0,67.4599316971438,0.0,0.0,0.11399920876759473,0.0,1.05e-08
7372.0,0.789490272923297,0.0,0.451209147,0.0,0.0,0.0,1.0061770317586936,0.0,0.0,0.0,0.0,0.21668675883539654,0.0,67.56610743943072,0.0,0.0,0.14134721860813548,0.0,1.05e-08
7373.0,0.7619867657155039,0.0,0.448530712,0.0,0.0,0.0,0.9786735245509005,0.0,0.0,0.0,0.0,0.21668675883539654,0.0,67.67228318050645,0.0,0.0,0.1620388756219181,0.0,1.05e-08
7374.0,0.7415197366052512,0.0,0.448555777,0.0,0.0,0.0,0.9582064954406478,0.0,0.0,0.0,0.0,0.21668675883539654,0.0,67.778458920371,0.0,0.0,0.18256965054833307,0.0,1.05e-08
7375.0,0.7276223711600178,0.0,0.448045718,0.0,0.0,0.0,0.9443091299954144,0.0,0.0,0.0,0.0,0.21668675883539654,0.0,67.88463465902434,0.0,0.0,0.19516982360394086,0.0,1.05e-08
7376.0,0.723408193163682,0.0,0.450522553,0.0,0.0,0.0,0.9400949519990787,0.0,0.0,0.0,0.0,0.21668675883539654,0.0,67.99081039646651,0.0,0.0,0.20568313858709253,0.0,1.05e-08
7377.0,0.7226587204509191,0.0,0.441860776,0.0,0.0,0.0,0.9393454792863156,0.0,0.0,0.0,0.0,0.21668675883539654,0.0,68.09698613269748,0.0,0.0,0.18440380442646642,0.0,1.05e-08
7378.0,0.7328472666432796,0.0,0.439827817,0.0,0.0,0.0,0.9495340254786762,0.0,0.0,0.0,0.0,0.21668675883539654,0.0,68.20316186771726,0.0,0.0,0.1690449956895359,0.0,1.05e-08
7379.0,0.7517896541207117,0.0,0.446673531,0.0,0.0,0.0,0.9684764129561084,0.0,0.0,0.0,0.0,0.21668675883539654,0.0,68.30933760152585,0.0,0.0,0.16751276684542515,0.0,1.05e-08
7380.0,0.7820555036126884,0.0,0.452102799,0.0,0.0,0.0,0.998742262448085,0.0,0.0,0.0,0.0,0.21668675883539654,0.0,68.41551333412326,0.0,0.0,0.15105474180285106,0.0,1.05e-08
7381.0,0.8075696961057478,0.000254727,0.432480572,0.0,0.0,0.00026957671517476494,1.0239868782259696,0.0,0.0,0.0,0.0,0.21668675883539654,0.0,68.52168906550948,0.0,-5.421010862427522e-20,0.07590648050179016,0.0,1.05e-08
7382.0,0.8264050160527852,0.153710841,0.362945984,0.0,0.0,0.16267165869158184,0.8804201161965999,0.0,0.0,0.0,0.0,0.21668675883539654,0.0,68.6278647956845,0.0,0.0,0.042631468600397016,0.0,1.05e-08
7383.0,0.8328997324465283,0.474238808,0.355719055,0.0,0.0,0.5018853127820609,0.547701178499864,0.0,0.0,0.0,0.0,0.21668675883539654,0.0,68.73404052464835,0.0,-1.1102230246251565e-16,0.3569707339471411,0.0,1.05e-08
7384.0,0.8341781187594411,0.563700727,0.378133458,0.0,0.0,0.5965625564870897,0.454302321107748,0.0,0.0,0.0,0.0,0.21668675883539654,0.0,68.84021625240099,0.0,0.0,0.5073743554736043,0.0,1.05e-08
7385.0,0.835212391103054,0.567780049,0.393441704,0.0,0.0,0.6008796890442987,0.45101946089415185,0.0,0.0,0.0,0.0,0.21668675883539654,0.0,68.94639197894244,0.0,0.0,0.5495894572704614,0.0,1.05e-08
7386.0,0.8360089735291907,0.548624542,0.404125058,0.0,0.0,0.5806074813295012,0.47208825103508606,0.0,0.0,0.0,0.0,0.21668675883539654,0.0,69.05256770427272,0.0,-1.1102230246251565e-16,0.5556907896143299,0.0,1.05e-08
7387.0,0.8385036469873873,0.535863888,0.413036075,0.0,0.0,0.5671029247304687,0.48808748109231515,0.0,0.0,0.0,0.0,0.21668675883539654,0.0,69.1587434283918,0.0,0.0,0.5623542386515278,0.0,1.05e-08
7388.0,0.8461289965020986,0.534693158,0.423552439,0.0,0.0,0.5658639451650652,0.49695181017243,0.0,0.0,0.0,0.0,0.21668675883539654,0.0,69.2649191512997,0.0,-1.1102230246251565e-16,0.5802353397026969,0.0,1.05e-08
7389.0,0.8636409617734574,0.524805641,0.434150072,0.0,0.0,0.5554000196522824,0.5249277009565715,0.0,0.0,0.0,0.0,0.21668675883539654,0.0,69.3710948729964,0.0,0.0,0.5792115640182692,0.0,1.05e-08
7390.0,0.8876926118013251,0.46997422,0.450017336,0.0,0.0,0.49737211384903174,0.60700725678769,0.0,0.0,0.0,0.0,0.21668675883539654,0.0,69.47727059348192,0.0,-5.551115123125783e-17,0.5374859556814212,0.0,1.05e-08
7391.0,0.9123524054018347,0.301422961,0.500867093,0.0,0.0,0.3189948914117124,0.8100442728255189,0.0,0.0,0.0,0.0,0.21668675883539654,0.0,69.58344631275624,0.0,0.0,0.46377107256294214,0.0,1.05e-08
7392.0,0.9214274492780903,0.053029964,0.541166041,0.0,0.0,0.05612143000528423,1.0819927781082026,0.0,0.0,0.0,0.0,0.21668675883539654,0.0,69.68962203081938,0.0,0.0,0.2943116688459937,0.0,1.05e-08
7393.0,0.9084615713472909,0.0,0.563727596,0.0,0.0,0.0,1.1251483301826875,0.0,0.0,0.0,0.0,0.21668675883539654,0.0,69.79579774767133,0.0,0.0,0.308535120855584,0.0,1.05e-08
7394.0,0.879840279122177,0.0,0.585821684,0.0,0.0,0.0,1.0965270379575736,0.0,0.0,0.0,0.0,0.21668675883539654,0.0,69.90197346331209,0.0,0.0,0.39334654561304827,0.0,1.05e-08
7395.0,0.8414030357104761,0.0,0.598012098,0.0,0.0,0.0,1.0580897945458727,0.0,0.0,0.0,0.0,0.21668675883539654,0.0,70.00814917774166,0.0,0.0,0.4627866970553598,0.0,1.05e-08
7396.0,0.8007923214317626,0.0,0.59623952,0.0,0.0,0.0,1.0174790802671592,0.0,0.0,0.0,0.0,0.21668675883539654,0.0,70.11432489096003,0.0,0.0,0.4988893550276112,0.0,1.05e-08
7397.0,0.764434329460327,0.0,0.587195327,0.0,0.0,0.0,0.9811210882957236,0.0,0.0,0.0,0.0,0.21668675883539654,0.0,70.22050060296722,0.0,0.0,0.5122459720014384,0.0,1.05e-08
7398.0,0.7391728163389991,0.0,0.57340817,0.0,0.0,0.0,0.9558595751743958,0.0,0.0,0.0,0.0,0.21668675883539654,0.0,70.32667631376323,0.0,0.0,0.5024437079225342,0.0,1.05e-08
7399.0,0.722579490478427,0.0,0.556671432,0.0,0.0,0.0,0.9392662493138236,0.0,0.0,0.0,0.0,0.21668675883539654,0.0,70.43285202334805,0.0,0.0,0.47647182238450847,0.0,1.05e-08
7400.0,0.7176008503150729,0.0,0.539801718,0.0,0.0,0.0,0.9342876091504695,0.0,0.0,0.0,0.0,0.21668675883539654,0.0,70.53902773172167,0.0,0.0,0.4385470638901381,0.0,1.05e-08
7401.0,0.7230013365481821,0.0,0.522785172,0.0,0.0,0.0,0.9396880953835788,0.0,0.0,0.0,0.0,0.21668675883539654,0.0,70.64520343888411,0.0,0.0,0.3898697528800642,0.0,1.05e-08
7402.0,0.7540038106492744,0.0,0.512489283,0.0,0.0,0.0,0.970690569484671,0.0,0.0,0.0,0.0,0.21668675883539654,0.0,70.75137914483535,0.0,0.0,0.33268256513755046,0.0,1.05e-08
7403.0,0.8159423769826141,0.0,0.506596146,0.0,0.0,0.0,1.0326291358180106,0.0,0.0,0.0,0.0,0.21668675883539654,0.0,70.85755484957542,0.0,0.0,0.25575645330962904,0.0,1.05e-08
7404.0,0.8744483582914995,0.0,0.50209117,0.0,0.0,0.0,1.0911351171268961,0.0,0.0,0.0,0.0,0.21668675883539654,0.0,70.9637305531043,0.0,0.0,0.1857933257046367,0.0,1.05e-08
7405.0,0.9083437970638567,0.00022163,0.472586959,0.0,0.0,0.00023455027297531532,1.1505226232066073,0.0,0.02572661758032927,0.0,0.0,0.21668675883539654,0.0,71.06990625542197,0.0,0.0,0.051370112047747885,0.0,1.05e-08
7406.0,0.9322155736406613,0.148944504,0.380667358,0.0,0.0,0.15762746050341986,0.9681209424330915,0.0,0.0,0.02315392953954647,0.023153955822296346,0.21668675883539654,0.0,71.17608195652846,0.0,0.0,1.1102230246251565e-16,0.0,1.1666679909865032e-08
7407.0,0.945781029741671,0.566763878,0.326783361,0.0,0.0,0.5998042787413631,0.5626635098357043,0.0,0.0,0.0,0.0,0.21668675883539654,0.0,71.28225765642378,0.0,1.1102230246251565e-16,0.2684185589945135,0.0,1.05e-08
7408.0,0.9510337627828355,0.674022091,0.409683884,0.0,0.0,0.7133152796798394,0.4544052419383925,0.0,0.0,0.0,0.0,0.21668675883539654,0.0,71.38843335510789,0.0,0.0,0.5875111176926567,0.0,1.05e-08
7409.0,0.9546804828680794,0.662628445,0.452502659,0.0,0.0,0.7012574229840668,0.47010981871940916,0.0,0.0,0.0,0.0,0.21668675883539654,0.0,71.49460905258081,0.0,-1.1102230246251565e-16,0.6807041175902017,0.0,1.05e-08
7410.0,0.9573443230242997,0.62905043,0.466739049,0.0,0.0,0.6657219242509566,0.5083091576087397,0.0,0.0,0.0,0.0,0.21668675883539654,0.0,71.60078474884256,0.0,0.0,0.6787110543743557,0.0,1.05e-08
7411.0,0.9576997872252102,0.615372906,0.477329227,0.0,0.0,0.6512470472585529,0.5231394988020539,0.0,0.0,0.0,0.0,0.21668675883539654,0.0,71.70696044389311,0.0,0.0,0.6908138685736147,0.0,1.05e-08
7412.0,0.9588539752028651,0.628975596,0.477682534,0.0,0.0,0.6656427276840304,0.5098980063542313,0.0,0.0,0.0,0.0,0.21668675883539654,0.0,71.81313613773247,0.0,-1.1102230246251565e-16,0.7049538985467068,0.0,1.05e-08
7413.0,0.966284461812258,0.652951124,0.465770437,0.0,0.0,0.6910159471810629,0.49195527346659174,0.0,0.0,0.0,0.0,0.21668675883539654,0.0,71.91931183036064,0.0,0.0,0.6926015448406742,0.0,1.05e-08
7414.0,0.9871647715898344,0.635376098,0.460046952,0.0,0.0,0.6724163571172255,0.5314351733080054,0.0,0.0,0.0,0.0,0.21668675883539654,0.0,72.02548752177762,0.0,0.0,0.6385655619105663,0.0,1.05e-08
7415.0,1.0042099224286722,0.40782602,0.477216645,0.0,0.0,0.4316008857890918,0.9283343538929445,0.0,0.13903855841796744,0.0,0.0,0.21668675883539654,0.0,72.13166321198342,0.0,0.0,0.285332692657861,0.0,1.05e-08
7416.0,1.003404774600104,0.04919463,0.481926263,0.0,0.0,0.052062509116183,1.2256446425301797,0.0,0.057615618210862196,0.0,0.1251347025761707,0.21668675883539654,0.0,72.23783890097803,0.0,-6.938893903907228e-18,2.220446049250313e-16,0.0,1.050001191887853e-08
7417.0,0.9875202357907448,0.0,0.462283173,0.0,0.0,0.0,1.1756879378024314,0.0,0.0,0.028519056823709876,0.17698861692179174,0.21668675883539654,0.0,72.34401458876145,0.0,0.0,0.0,0.0,1.166669315307843e-08
7418.0,0.9511365476120144,0.0,0.434980288,0.0,0.0,0.0,1.1062506871376598,0.0,0.0,0.06157261930975105,0.14846935919299314,0.21668675883539654,0.0,72.45019027533368,0.0,0.0,2.220446049250313e-16,0.0,1.166670639630686e-08
7419.0,0.9019154625389584,0.0,0.417364263,0.0,0.0,0.0,1.061449255214188,0.0,0.0,0.05715296616016685,0.08689657135121838,0.21668675883539654,0.0,72.55636596069472,0.0,0.0,0.0,0.0,1.1666719639550327e-08
7420.0,0.8510284066929605,0.0,0.408132832,0.0,0.0,0.0,1.0379716927389573,0.0,0.0,0.029743472789399903,0.029743506552146495,0.21668675883539654,0.0,72.66254164484458,0.0,0.0,0.0,0.0,1.1666732882808823e-08
7421.0,0.805316995266243,0.0,0.405313052,0.0,0.0,0.0,1.0220037541016396,0.0,0.0,0.0,0.0,0.21668675883539654,0.0,72.76871732778325,0.0,0.0,0.00879661697370926,0.0,1.05e-08
7422.0,0.7721282021944909,0.0,0.408317444,0.0,0.0,0.0,0.9888149610298874,0.0,0.0,0.0,0.0,0.21668675883539654,0.0,72.87489300951071,0.0,0.0,0.04962624069025334,0.0,1.05e-08
7423.0,0.7513699494015644,0.0,0.411886655,0.0,0.0,0.0,0.9680567082369611,0.0,0.0,0.0,0.0,0.21668675883539654,0.0,72.981068690027,0.0,0.0,0.07946178325978992,0.0,1.05e-08
7424.0,0.7409479959929434,0.0,0.415903615,0.0,0.0,0.0,0.9576347548283399,0.0,0.0,0.0,0.0,0.21668675883539654,0.0,73.08724436933211,0.0,0.0,0.10009975077938726,0.0,1.05e-08
7425.0,0.7444212666789478,0.0,0.426569899,0.0,0.0,0.0,0.9611080255143444,0.0,0.0,0.0,0.0,0.21668675883539654,0.0,73.19342004742602,0.0,0.0,0.12375318980811223,0.0,1.05e-08
7426.0,0.76914958349891,0.0,0.439157768,0.0,0.0,0.0,0.9858363423343066,0.0,0.0,0.0,0.0,0.21668675883539654,0.0,73.29959572430873,0.0,0.0,0.13103859663267725,0.0,1.05e-08
7427.0,0.822824677836386,0.0,0.445838146,0.0,0.0,0.0,1.0991238875310245,0.0,0.05961245085924186,0.0,0.0,0.21668675883539654,0.0,73.40577139998028,0.0,0.0,0.03474072420209473,0.0,1.05e-08
7428.0,0.8758873459000043,0.0,0.445340297,0.0,0.0,0.0,1.1325984720630364,0.0,0.04002436732763562,0.0,0.053651205773317674,0.21668675883539654,0.0,73.51194707444063,0.0,0.0,0.0,0.0,1.050001191887853e-08
7429.0,0.9090076157523039,0.000177155,0.430050158,0.0,0.0,0.00018748253218852135,1.0937122805692732,0.0,0.0,0.03179461148623884,0.08967307546709653,0.21668675883539654,0.0,73.61812274768978,0.0,-2.710505431213761e-20,0.0,0.0,1.166669315307843e-08
7430.0,0.9351899096350264,0.150780352,0.367419232,0.0,0.0,0.1595703321793716,0.9344280398002571,0.0,0.0,0.05787829649079425,0.05787836219025952,0.21668675883539654,0.0,73.72429841972775,0.0,0.0,0.0,0.0,1.166670639630686e-08
7431.0,0.951609786096359,0.600858167,0.356738362,0.0,0.0,0.6358861484875586,0.532410396444197,0.0,0.0,0.0,0.0,0.21668675883539654,0.0,73.83047409055453,0.0,-1.1102230246251565e-16,0.3748538382304172,0.0,1.05e-08
7432.0,0.9593657579981518,0.694805691,0.383019345,0.0,0.0,0.7353104926627829,0.44074202417076547,0.0,0.0,0.0,0.0,0.21668675883539654,0.0,73.93664976017013,0.0,0.0,0.5333605392844007,0.0,1.05e-08
7433.0,0.9651174257309557,0.663315536,0.400718773,0.0,0.0,0.7019845690455606,0.47981961552079155,0.0,0.0,0.0,0.0,0.21668675883539654,0.0,74.04282542857453,0.0,0.0,0.5392964920583408,0.0,1.05e-08
7434.0,0.9693722893888415,0.627450554,0.411195573,0.0,0.0,0.6640287809376566,0.6221981108257987,0.0,0.10016784353921733,0.0,0.0,0.21668675883539654,0.0,74.14900109576773,0.0,0.0,0.42356280691770565,0.0,1.05e-08
7435.0,0.9713209184420252,0.613132936,0.421718479,0.0,0.0,0.6488764946485427,0.8324098298744979,0.0,0.2932786472456189,0.0,0.0901510591852956,0.21668675883539654,0.0,74.25517676174977,0.0,0.0,0.2401131557473214,0.0,1.05e-08
7436.0,0.9705371841195359,0.626064118,0.426306971,0.0,0.0,0.6625615204482697,0.8179410697522816,0.0,0.2932786472456189,0.0,0.3541017393731808,0.21668675883539654,0.0,74.36135242652061,0.0,0.0,0.26625146175002967,0.0,1.05e-08
7437.0,0.9743252333449007,0.648313811,0.422327731,0.0,0.0,0.6861082946519739,0.7981823447739422,0.0,0.2932786472456189,0.0,0.6180521199427305,0.21668675883539654,0.0,74.46752809008025,0.0,0.0,0.27589010288612004,0.0,1.05e-08
7438.0,0.9903211223858704,0.622782343,0.417197105,0.0,0.0,0.659088429160567,0.841198099306319,0.0,0.2932786472456189,0.0,0.8820022008942845,0.21668675883539654,0.0,74.57370375242871,0.0,0.0,0.21982603629334407,0.0,1.05e-08
7439.0,1.0082956193885344,0.364926146,0.457916506,0.0,0.0,0.386200095475025,1.132060929994525,0.0,0.2932786472456189,0.0,1.1459519822281834,0.21668675883539654,0.0,74.679879413566,0.0,-5.551115123125783e-17,0.0325216117646463,0.0,1.05e-08
7440.0,1.0090044064397472,0.040979047,0.499193288,0.0,0.0,0.04336798565229561,1.2695584905781012,0.0,0.08723531095525314,0.0,1.4099014639447667,0.21668675883539654,0.0,74.78605507349208,0.0,0.0,2.220446049250313e-16,0.0,1.0500071513474118e-08
7441.0,0.9950470831774929,0.0,0.490939793,0.0,0.0,0.0,1.248568034764533,0.0,0.03683419275164345,0.0,1.4884116433830457,0.21668675883539654,0.0,74.89223073220698,0.0,0.0,0.0,0.0,1.0500083432433824e-08
7442.0,0.9607769080487542,0.0,0.465443792,0.0,0.0,0.0,1.183726088120936,0.0,0.006262421236785222,0.0,1.521560727318816,0.21668675883539654,0.0,74.99840638971068,0.0,0.0,0.0,0.0,1.050009535140706e-08
7443.0,0.9127892409258451,0.0,0.445524198,0.0,0.0,0.0,1.1330661728146054,0.0,0.0035901730533637708,0.0,1.5271951792626943,0.21668675883539654,0.0,75.1045820460032,0.0,0.0,0.0,0.0,1.0500107270393827e-08
7444.0,0.862737311816926,0.0,0.433274664,0.0,0.0,0.0,1.1019129096014086,0.0,0.02248883894908607,0.0,1.530424601445658,0.21668675883539654,0.0,75.21075770108455,0.0,0.0,0.0,0.0,1.0500119189394123e-08
7445.0,0.819404940915579,0.0,0.423595942,0.0,0.0,0.0,1.0772977875866971,0.0,0.0412060878357216,0.0,1.5506628192689575,0.21668675883539654,0.0,75.31693335495468,0.0,0.0,0.0,0.0,1.0500131108407949e-08
7446.0,0.7864431310082636,0.0,0.416867706,0.0,0.0,0.0,1.060186401384699,0.0,0.05705651154103898,0.0,1.5877465381172209,0.21668675883539654,0.0,75.42310900761365,0.0,0.0,0.0,0.0,1.0500143027435302e-08
7447.0,0.7652137810816004,0.0,0.412459829,0.0,0.0,0.0,1.0489761992339564,0.0,0.06707565931695933,0.0,1.6390955962054283,0.21668675883539654,0.0,75.5292846590614,0.0,0.0,0.0,0.0,1.0500154946476186e-08
7448.0,0.756661226753671,0.0,0.405300501,0.0,0.0,0.0,1.0307684511176924,0.0,0.05742046552862492,0.0,1.6994618290041077,0.21668675883539654,0.0,75.635460309298,0.0,0.0,0.0,0.0,1.0500166865530601e-08
7449.0,0.761357208636783,0.0,0.389323271,0.0,0.0,0.0,0.9901348358627953,0.0,0.012090868390615645,0.0,1.7511383188697642,0.21668675883539654,0.0,75.74163595832339,0.0,0.0,1.1102230246251565e-16,0.0,1.0500178784598546e-08
7450.0,0.7895909164018681,0.0,0.372849142,0.0,0.0,0.0,0.9482374969970753,0.0,0.0,0.05473647628980259,1.7620181126516783,0.2133830568850099,0.0,75.8478116061376,0.0,0.0,1.1102230246251565e-16,0.0,0.019953144528202793
7451.0,0.8469148721751958,0.0,0.355104926,0.0,0.0,0.0,0.9031100471234869,0.0,0.0,0.0,1.7072796362422553,0.056195174948291016,0.0,75.95236843878492,0.0,0.0,0.0,0.0,0.019953144755816294
7452.0,0.8990182151664775,0.0,0.336427015,0.0,0.0,0.0,0.8556080051963684,0.0,0.0,0.043410209970109144,1.7072776982579219,0.0,0.0,75.97990320809053,0.0,0.0,1.1102230246251565e-16,0.0,0.019953189827105818
7453.0,0.9232411732429767,0.000114064,0.296871111,0.0,0.0,0.00012071354210466259,0.7550086281957461,0.0,0.0,0.16811183150512599,1.6638655503056792,0.0,0.0,75.97990234135737,0.0,-1.3552527156068805e-20,0.0,0.0,0.019953212476595893
7454.0,0.9408387925386512,0.110877814,0.286560975,0.0,0.0,0.11734161232958643,0.7287876812950839,0.0,0.0,0.09470949891398098,1.495751830096851,0.0,0.0,75.97990147462423,0.0,0.0,0.0,0.0,0.019953235126111687
7455.0,0.9544385102493873,0.543874838,0.288301965,0.0,0.0,0.5755808857885008,0.7332154023595377,0.0,0.13767101906325446,0.0,1.4010406333100953,0.21668675883539654,0.0,75.97990060789111,0.0,-1.1102230246251565e-16,0.0,0.0,0.017957931998087862
7456.0,0.9601366442169937,0.648520768,0.260046105,0.0,0.0,0.6863273165391018,0.6613545263543577,0.0,0.17085843984106922,0.0,1.5249429601037703,0.21668675883539654,0.0,76.08607625298733,0.0,0.0,1.1102230246251565e-16,0.0,0.01795795238269836
7457.0,0.963935400195398,0.632012475,0.234213603,0.0,0.0,0.6688566463703228,0.5956567835454122,0.0,0.08389127088494049,0.0,1.6787138249522302,0.21668675883539654,0.0,76.19225189687238,0.0,0.0,1.1102230246251565e-16,0.0,0.017957972767331982
7458.0,0.9676549262013103,0.606455025,0.216735367,0.0,0.0,0.6418092842169458,0.5512057794002447,0.0,0.008673378580483624,0.0,1.7542140631902525,0.21668675883539654,0.0,76.29842753954622,0.0,-1.1102230246251565e-16,0.0,0.0,0.01795799315198875
7459.0,0.9693958442455283,0.592802423,0.207115706,0.0,0.0,0.6273607820921281,0.526740862518123,0.0,0.0,0.0,1.7620181126516783,0.18470580036472276,0.0,76.40460318100888,0.0,-1.1102230246251565e-16,0.0,0.0,0.019953146576724423
7460.0,0.9700618042845833,0.602110868,0.201927639,0.0,0.0,0.6372118776826424,0.5135464653419773,0.0,0.0,0.0,1.7620161125320581,0.1806965387400365,0.0,76.49510815160971,0.0,0.0,0.0,0.0,0.01995314680433795
7461.0,0.9789291371518732,0.618829515,0.197204158,0.0,0.0,0.6549051647720615,0.5015336126999476,0.0,0.0,0.0,1.7620141124147082,0.17750964032013583,0.0,76.58364858298205,0.0,0.0,0.0,0.0,0.019953147031951477
7462.0,1.0002077381425178,0.607116256,0.206263955,0.0,0.0,0.6425090627286532,0.5245746721067079,0.0,0.0,0.0,1.7620121122996288,0.16687599669284328,0.0,76.6706274331186,0.0,0.0,0.0,0.0,0.01995314725956501
7463.0,1.0194006636410737,0.347766621,0.256633509,0.0,0.0,0.3680402287021298,0.652675543020926,0.0,1.1111750441228867e-05,0.0,1.76201011218682,0.0013039963315409132,0.0,76.75239579688557,0.0,-5.551115123125783e-17,1.1102230246251565e-16,0.0,0.01995314748717855
7464.0,1.0200345034210103,0.036662605,0.310738086,0.0,0.0,0.038799909807950915,0.790275400151791,0.0,0.0,0.19095919346126847,1.7620181126516783,0.0,0.0,76.75303387954274,0.0,-6.938893903907228e-18,0.0,0.0,0.040720389311629
7465.0,1.0078609252151318,0.0,0.308682391,0.0,0.0,0.0,0.7850473149510762,0.0,0.0,0.22281361026405566,1.5710569190707895,0.0,0.0,76.75303300399018,0.0,0.0,0.0,0.0,0.04072043553461699
7466.0,0.9752224592496084,0.0,0.291252319,0.0,0.0,0.0,0.740718802467175,0.0,0.0,0.23450365678243335,1.3482415254528932,0.0,0.0,76.75303212843762,0.0,0.0,0.0,0.0,0.040720481757657453
7467.0,0.9284039695586096,0.0,0.269521743,0.0,0.0,0.0,0.6854531610229881,0.0,0.0,0.24295080853562145,1.1137363382410572,0.0,0.0,76.7530312528851,0.0,0.0,0.0,0.0,0.040720527980750376
7468.0,0.8780008589499959,0.0,0.251425217,0.0,0.0,0.0,0.6394297092147432,0.0,0.0,0.23857114973525267,0.8707842654699062,0.0,0.0,76.75303037733256,0.0,0.0,0.0,0.0,0.040720574203895764
7469.0,0.8354522223711381,0.0,0.231650712,0.0,0.0,0.0,0.5891387871947158,0.0,0.0,0.24631343517642243,0.6322121272813102,0.0,0.0,76.75302950178003,0.0,0.0,0.0,0.0,0.040720620427093644
7470.0,0.8044861512303801,0.0,0.216201246,0.0,0.0,0.0,0.5498473920443914,0.0,0.0,0.25463875918598877,0.38589797446193574,0.0,0.0,76.75302862622753,0.0,0.0,0.0,0.0,0.04072066665034397
7471.0,0.7830319594898881,0.0,0.203460421,0.0,0.0,0.0,0.5174446675996673,0.0,0.0,0.006393337441019861,0.13125877723157922,0.0,0.25919395444920096,76.75302775067503,0.0,0.0,0.0,0.0,0.04072071287364677
7472.0,0.7742952490096797,0.0,0.193563039,0.0,0.0,0.0,0.49227344503989034,0.0,0.0,0.0,0.12486529079478358,0.0,0.2820218039697894,76.49383292067333,0.0,0.0,0.0,0.0,0.040720713338164245
7473.0,0.7785865156278997,0.0,0.185175362,0.0,0.0,0.0,0.47094173484354523,0.0,0.0,0.0,0.12486514905644602,0.0,0.3076447807843544,76.2118102441078,0.0,0.0,0.0,0.0,0.04072071380268171
7474.0,0.8026809926679253,0.0,0.17802936,0.0,0.0,0.0,0.45276787768064986,0.0,0.0,0.0,0.12486500731826938,0.0,0.34991311498727545,75.90416459394483,0.0,0.0,0.0,0.0,0.04072071426719919
7475.0,0.8600820370631372,0.0,0.170965931,0.0,0.0,0.0,0.4348040218454215,0.0,0.0,0.0,0.12486486558025363,0.0,0.4252780152177157,75.55425061308839,0.0,0.0,5.551115123125783e-17,0.0,0.04072071473171667
7476.0,0.9138599162297922,0.0,0.160908956,0.0,0.0,0.0,0.4092269191324906,0.0,0.0,0.0,0.12486472384239876,0.0,0.5046329970973016,75.1289717359931,0.0,0.0,5.551115123125783e-17,0.0,0.04072071519623416
7477.0,0.9406888979960987,5.38e-05,0.136491867,0.0,0.0,5.6936356477335936e-05,0.34712888336092157,0.0,0.0,0.07975919051390236,0.12486458210470479,0.0,0.5137438877647974,74.62433788186958,0.0,0.0,5.551115123125783e-17,0.0,0.04072099021456546
7478.0,0.957883943377489,0.079859914,0.123669737,0.0,0.0,0.08451547456790691,0.3145193823918377,0.0,0.0,0.04510519865294707,0.04510524985326933,0.0,0.5137438877647974,74.11059314283511,0.0,-1.3877787807814457e-17,0.0,0.0,0.040721036438235554
7479.0,0.9657148625505582,0.506529595,0.106706455,0.0,0.0,0.5360585425137658,0.2713780196995359,0.0,0.0,0.0,0.0,0.0,0.15827830033725634,73.59684840966112,0.0,0.0,0.0,0.0,0.040720716589786654
7480.0,0.9668090927111921,0.62399095,0.109037604,0.0,0.0,0.6603674938258645,0.2773066450975453,0.0,0.0,0.0,0.0,0.0,0.029134953787782327,73.43856926977519,0.0,0.0,0.0,0.0,0.04072071705430416
7481.0,0.9641688074116586,0.615663167,0.119440492,0.0,0.0,0.651554229484714,0.3037634807650414,0.0,0.0,0.0,0.0,0.0,0.008851097161903236,73.40943347824427,0.0,-1.1102230246251565e-16,0.0,0.0,0.040720717518821684
7482.0,0.9617276677186591,0.5986116,0.133427305,0.0,0.0,0.6335086142949523,0.339335027152256,0.0,0.011115973728549073,0.0,0.0,0.0,0.0,73.40058154367158,0.0,-1.1102230246251565e-16,0.0,0.0,0.03664835790559
7483.0,0.9616163174870487,0.590437329,0.153889005,0.0,0.0,0.6248578111797414,0.3913736374283259,0.0,0.0546151311210185,0.0,0.010004376355694164,0.0,0.0,73.4005807063618,0.0,-1.1102230246251565e-16,0.0,0.0,0.036648399506287725
7484.0,0.9603486379271753,0.605838125,0.176425503,0.0,0.0,0.6411564210513162,0.44868891604200073,0.0,0.12949669916614162,0.0,0.05915798300834309,0.0,0.0,73.400579869052,0.0,0.0,0.0,0.0,0.036648441107032685
7485.0,0.9690639349013047,0.627462069,0.193755816,0.0,0.0,0.6640409672228765,0.49276371941460945,0.0,0.18774075173618138,0.0,0.17570494510586931,0.0,0.0,73.40057903174224,0.0,0.0,0.0,0.0,0.03664848270782485
7486.0,0.9946059649522667,0.613873894,0.21091986,0.0,0.0,0.6496606479723855,0.5364156640955164,0.0,0.19147034711563524,0.0,0.3446714222204782,0.0,0.0,73.40057819443246,0.0,-1.1102230246251565e-16,1.1102230246251565e-16,0.0,0.036648524308664256
7487.0,1.0176062118316582,0.349346674,0.236438875,0.0,0.0,0.36971239340214995,0.6013161404104944,0.0,0.0,0.046577678019013864,0.5169943433776784,0.0,0.0,73.4005773571227,0.0,0.0,0.0,0.0,0.04072062878838986
7488.0,1.0212722040723732,0.032405824,0.280154406,0.0,0.0,0.03429497299639049,0.712494365128893,0.0,0.0,0.27448286594708976,0.47041607850287553,0.0,0.0,73.40057651981296,0.0,0.0,0.0,0.0,0.040720675011649686
7489.0,1.0126768227322858,0.0,0.289895033,0.0,0.0,0.0,0.7372669251946531,0.0,0.0,0.19593245616332114,0.19593267857238256,0.0,0.07947744137431162,73.40057568250322,0.0,0.0,0.0,0.0,0.04072072123496198
7490.0,0.9833724396632537,0.0,0.284965556,0.0,0.0,0.0,0.724730179349105,0.0,0.0,0.0,0.0,0.0,0.2586422603141487,73.32109740381917,0.0,0.0,0.0,0.0,0.040720721699479545
7491.0,0.9384233490529466,0.0,0.28030401,0.0,0.0,0.0,0.7128748410547319,0.0,0.0,0.0,0.0,0.0,0.22554850799821466,73.06245430710194,0.0,0.0,0.0,0.0,0.040720722163997115
7492.0,0.8890395213336905,0.0,0.278585633,0.0,0.0,0.0,0.7085046298303291,0.0,0.0,0.0,0.0,0.0,0.18053489150336133,72.83690496565107,0.0,0.0,0.0,0.0,0.04072072262851468
7493.0,0.8461182897490591,0.0,0.281381064,0.0,0.0,0.0,0.7156140266234912,0.0,0.0,0.0,0.0,0.0,0.13050426312556784,72.65636924326802,0.0,0.0,1.1102230246251565e-16,0.0,0.04072072309303226
7494.0,0.8150087481175722,0.0,0.290888381,0.0,0.0,0.0,0.739793227967175,0.0,0.0,0.0,0.0,0.0,0.07521552015039724,72.52586415132217,0.0,0.0,0.0,0.0,0.04072072355754984
7495.0,0.7942355058703906,0.0,0.304765067,0.0,0.0,0.0,0.7750846971352986,0.0,0.0,0.0,0.0,0.0,0.019150808735092006,72.45064780384024,0.0,0.0,1.1102230246251565e-16,0.0,0.04072072402206743
7496.0,0.7855351983505164,0.0,0.316881086,0.0,0.0,0.0,0.8058984022936411,0.0,0.02036320394312467,0.0,0.0,0.0,0.0,72.43149616863161,0.0,0.0,1.1102230246251565e-16,0.0,0.0366484873065281
7497.0,0.790967804842744,0.0,0.319308787,0.0,0.0,0.0,0.8120725806955249,0.0,0.021104775852780915,0.0,0.018326883548812203,0.0,0.0,72.43149534237656,0.0,0.0,1.1102230246251565e-16,0.0,0.03664852890737272
7498.0,0.8154455836415826,0.0,0.321178717,0.0,0.0,0.0,0.8168282245820805,0.0,0.0013826409404977824,0.0,0.037321161012919706,0.0,0.0,72.43149451612153,0.0,0.0,0.0,0.0,0.036648570508264554
7499.0,0.8719429780802632,0.0,0.327926711,0.0,0.0,0.0,0.8339898597302478,0.0,0.0,0.03795311835001535,0.03856549549499821,0.0,0.0,72.43149368986649,0.0,0.0,1.1102230246251565e-16,0.0,0.04072068012133736
7500.0,0.9262840324567944,0.0,0.338425028,0.0,0.0,0.0,0.8606893923652509,0.0,0.0,0.0006123326730539843,0.0006123333681319604,0.0,0.06498230741848947,72.43149286361147,0.0,0.0,0.0,0.0,0.04072072634465545
7501.0,0.9577704517952706,6.28e-05,0.349620388,0.0,0.0,6.646102577651853e-05,0.8891616588895525,0.0,0.0,0.0,0.0,0.0,0.06854233187994167,72.36650972993797,0.0,-1.3552527156068805e-20,0.0,0.0,0.040720726809173075
7502.0,0.9812546439120463,0.108083343,0.368123524,0.0,0.0,0.1143842332027913,0.9362192094933203,0.0,0.0,0.0,0.0,0.0693487987840654,0.0,72.2979665725443,0.0,0.0,1.1102230246251565e-16,0.0,0.01995315636410844
7503.0,0.9953190347046955,0.58638794,0.392500518,0.0,0.0,0.620572356614325,0.5914334369257672,0.0,0.0,0.0,0.0,0.21668675883539654,0.0,72.33194665921667,0.0,-1.1102230246251565e-16,0.406781837922245,0.0,1.05e-08
7504.0,0.9990407020612156,0.692453007,0.402976725,0.0,0.0,0.7328206552110632,0.48290680568554906,0.0,0.0,0.0,0.0,0.21668675883539654,0.0,72.43812234592656,0.0,0.0,0.5419517711972126,0.0,1.05e-08
7505.0,0.9968458176881241,0.671847916,0.413170764,0.0,0.0,0.7110143576938895,0.5025182188296311,0.0,0.0,0.0,0.0,0.21668675883539654,0.0,72.54429803142527,0.0,-1.1102230246251565e-16,0.5482660447096674,0.0,1.05e-08
7506.0,0.9933468507948249,0.644601416,0.435281342,0.0,0.0,0.6821794796872028,0.5278541299430184,0.0,0.0,0.0,0.0,0.21668675883539654,0.0,72.65047371571278,0.0,1.1102230246251565e-16,0.5791622038309452,0.0,1.05e-08
7507.0,0.9901348248829837,0.629538919,0.45740743,0.0,0.0,0.6662388904933219,0.5405826932250583,0.0,0.0,0.0,0.0,0.21668675883539654,0.0,72.75664939878911,0.0,0.0,0.6227051561300166,0.0,1.05e-08
7508.0,0.9849120707503296,0.641299968,0.472721183,0.0,0.0,0.6786855685307087,0.5229132610550173,0.0,0.0,0.0,0.0,0.21668675883539654,0.0,72.86282508065425,0.0,0.0,0.6793208353973661,0.0,1.05e-08
7509.0,0.9887065440275182,0.655075324,0.471680603,0.0,0.0,0.6932639807949877,0.512129322067927,0.0,0.0,0.0,0.0,0.21668675883539654,0.0,72.96900076130821,0.0,0.0,0.6874583502319629,0.0,1.05e-08
7510.0,1.0035525277920487,0.620732313,0.462205498,0.0,0.0,0.6569188894046333,0.563320397222812,0.0,0.0,0.0,0.0,0.21668675883539654,0.0,73.07517644075097,0.0,0.0,0.6121699959448534,0.0,1.05e-08
7511.0,1.0186404841752712,0.369974063,0.476191712,0.0,0.0,0.3915422888166607,0.8437849541940071,0.0,0.0,0.0,0.0,0.21668675883539654,0.0,73.18135211898255,0.0,0.0,0.36727546197192884,0.0,1.05e-08
7512.0,1.016601918396556,0.032670954,0.519443161,0.0,0.0,0.03457555917097852,1.198713118060974,0.0,0.0,0.0,0.0,0.21668675883539654,0.0,73.28752779600292,0.0,0.0,0.12234526007226254,0.0,1.05e-08
7513.0,1.0059486991222824,0.0,0.539572264,0.0,0.0,0.0,1.222635457957679,0.0,0.0,0.0,0.0,0.21668675883539654,0.0,73.39370347181213,0.0,0.0,0.14961566301822815,0.0,1.05e-08
7514.0,0.9821540111673619,0.0,0.535702355,0.0,0.0,0.0,1.1988407700027586,0.0,0.0,0.0,0.0,0.21668675883539654,0.0,73.49987914641014,0.0,0.0,0.16356831994665222,0.0,1.05e-08
7515.0,0.9492607244794992,0.0,0.528033185,0.0,0.0,0.0,1.1659474833148957,0.0,0.0,0.0,0.0,0.21668675883539654,0.0,73.60605481979695,0.0,0.0,0.17695721800742503,0.0,1.05e-08
7516.0,0.910849177275093,0.0,0.518589317,0.0,0.0,0.0,1.1275359361104895,0.0,0.0,0.0,0.0,0.21668675883539654,0.0,73.71223049197259,0.0,0.0,0.19135092865129888,0.0,1.05e-08
7517.0,0.8735596977892234,0.0,0.509915983,0.0,0.0,0.0,1.09024645662462,0.0,0.0,0.0,0.0,0.21668675883539654,0.0,73.81840616293704,0.0,0.0,0.20658220926707505,0.0,1.05e-08
7518.0,0.8467007371144064,0.0,0.497055138,0.0,0.0,0.0,1.063387495949803,0.0,0.0,0.0,0.0,0.21668675883539654,0.0,73.92458183269028,0.0,0.0,0.2007332081999087,0.0,1.05e-08
7519.0,0.8312166308687234,0.0,0.481878085,0.0,0.0,0.0,1.04790338970412,0.0,0.0,0.0,0.0,0.21668675883539654,0.0,74.03075750123236,0.0,0.0,0.17761872555970948,0.0,1.05e-08
7520.0,0.8222829161325889,0.0,0.466103078,0.0,0.0,0.0,1.0389696749679855,0.0,0.0,0.0,0.0,0.21668675883539654,0.0,74.13693316856323,0.0,0.0,0.1464331226743718,0.0,1.05e-08
7521.0,0.8233407433328885,0.0,0.452855861,0.0,0.0,0.0,1.0400275021682852,0.0,0.0,0.0,0.0,0.21668675883539654,0.0,74.24310883468293,0.0,0.0,0.11168470462846658,0.0,1.05e-08
7522.0,0.83865354152994,0.0,0.445872279,0.0,0.0,0.0,1.0553403003653365,0.0,0.0,0.0,0.0,0.21668675883539654,0.0,74.34928449959143,0.0,0.0,0.07861111910538776,0.0,1.05e-08
7523.0,0.8618550753664737,0.0,0.441570746,0.0,0.0,0.0,1.114192700142861,0.0,0.03565086594099084,0.0,0.0,0.21668675883539654,0.0,74.45546016328875,0.0,0.0,0.008818973393915686,0.0,1.05e-08
7524.0,0.8967312527172465,0.0,0.43811256,0.0,0.0,0.0,1.1142167447910636,0.0,0.0007987332384203588,0.0,0.03208577934689176,0.21668675883539654,0.0,74.56163582577487,0.0,0.0,-2.220446049250313e-16,0.0,1.050001191887853e-08
7525.0,0.933314086502511,7.64e-05,0.439252328,0.0,0.0,8.085385938417223e-05,1.1171154258760727,0.0,0.0,0.03280456560245055,0.03280460283993937,0.21668675883539654,0.0,74.66781148704982,0.0,0.0,2.220446049250313e-16,0.0,1.166669315307843e-08
7526.0,0.9530830353145903,0.187707377,0.426394568,0.0,0.0,0.1986500767713325,0.9711197173786543,0.0,0.0,0.0,0.0,0.21668675883539654,0.0,74.77398714711356,0.0,0.0,0.11329559258997968,0.0,1.05e-08
7527.0,0.9651067189779162,0.543054221,0.411805669,0.0,0.0,0.5747124296166909,0.6070810481966218,0.0,0.0,0.0,0.0,0.21668675883539654,0.0,74.88016280596612,0.0,0.0,0.44023147806303653,0.0,1.05e-08
7528.0,0.9605820451434357,0.65979896,0.41143815,0.0,0.0,0.6982629886605115,0.47900581531832076,0.0,0.0,0.0,0.0,0.21668675883539654,0.0,74.9863384636075,0.0,0.0,0.567372029169537,0.0,1.05e-08
7529.0,0.9470594160545839,0.649314588,0.40924242,0.0,0.0,0.6871674135372214,0.7401944183314242,0.0,0.2636156569786653,0.0,0.0,0.21668675883539654,0.0,75.09251412003768,0.0,0.0,0.30059920110467964,0.0,1.05e-08
7530.0,0.9351577893759079,0.621592535,0.399232225,0.0,0.0,0.6578292594128423,0.7872939360440809,0.0,0.2932786472456189,0.0,0.2372540912807988,0.21668675883539654,0.0,75.19868977525667,0.0,0.0,0.22804155252349956,0.0,1.05e-08
7531.0,0.9228428820299084,0.609003783,0.388089242,0.0,0.0,0.6445066261140175,0.7883016619969062,0.0,0.2932786472456189,0.0,0.5012046044876192,0.21668675883539654,0.0,75.30486542926448,0.0,0.0,0.19869476629465266,0.0,1.05e-08
7532.0,0.917305349357894,0.624844316,0.377136951,0.0,0.0,0.6612706081526607,0.7660001472862488,0.0,0.2932786472456189,0.0,0.7651548180762935,0.21668675883539654,0.0,75.4110410820611,0.0,0.0,0.19314219248973663,0.0,1.05e-08
7533.0,0.927080614882931,0.643295055,0.365361566,0.0,0.0,0.680796962297164,0.7562490586667825,0.0,0.2932786472456189,0.0,1.0291047320471618,0.21668675883539654,0.0,75.51721673364653,0.0,0.0,0.17294588324560034,0.0,1.05e-08
7534.0,0.9579374771426864,0.613089911,0.371549055,0.0,0.0,0.6488309614378097,0.819071921785892,0.0,0.2932786472456189,0.0,1.2930543464005644,0.21668675883539654,0.0,75.62339238402078,0.0,0.0,0.1258591675951013,0.0,1.05e-08
7535.0,0.9871133791752449,0.362850422,0.411915784,0.0,0.0,0.38400336384653866,1.0475925729601059,0.0,0.2277957987960032,0.0,1.5570036611368414,0.21668675883539654,0.0,75.72956803318384,0.0,0.0,2.220446049250313e-16,0.0,1.0500071513474118e-08
7536.0,0.994903612686764,0.028411126,0.45818261,0.0,0.0,0.030067397729712037,1.165259302846906,0.0,0.0,0.016263670945542315,1.7620181126516783,0.21668675883539654,0.0,75.8357436811357,0.0,-3.469446951953614e-18,2.220446049250313e-16,0.0,0.019952895042776156
7537.0,0.9947344459887404,0.0,0.454644034,0.0,0.0,0.0,1.1562599246233833,0.0,0.0,0.05516128020075353,1.7457524415865155,0.21668675883539654,0.0,75.94191932787639,0.0,0.0,0.0,0.0,0.019952917691931617
7538.0,0.9728455600748458,0.0,0.437105868,0.0,0.0,0.0,1.111656505287208,0.0,0.0,0.07787581362303432,1.6905891797297932,0.21668675883539654,0.0,76.04809497340588,0.0,0.0,0.0,0.0,0.01995294034111279
7539.0,0.9506054926612567,0.0,0.425099037,0.0,0.0,0.0,1.0811204892641193,0.0,0.0,0.08617176223253394,1.612711447068263,0.21668675883539654,0.0,76.1542706177242,0.0,0.0,0.0,0.0,0.019952962990319664
7540.0,0.913498027977058,0.0,0.417010194,0.0,0.0,0.0,1.06054877975507,0.0,0.0,0.06963600705738464,1.5265378541985846,0.21668675883539654,0.0,76.2604462608313,0.0,0.0,0.0,0.0,0.019952985639552254
7541.0,0.8910823698136215,0.0,0.404571886,0.0,0.0,0.0,1.02891542267791,0.0,0.0,0.07885370597110818,1.4569001143222855,0.21668675883539654,0.0,76.36662190272722,0.0,0.0,0.0,0.0,0.01995300828881055
7542.0,0.8656131456833279,0.0,0.393897157,0.0,0.0,0.0,1.0017672354679683,0.0,0.0,0.08053266905075603,1.3780447545801504,0.21668675883539654,0.0,76.47279754341197,0.0,0.0,2.220446049250313e-16,0.0,0.019953030938094564
7543.0,0.8483260222257981,0.0,0.381251748,0.0,0.0,0.0,0.9696071749288877,0.0,0.0,0.09540560613230692,1.2975105212694522,0.21668675883539654,0.0,76.57897318288552,0.0,0.0,1.1102230246251565e-16,0.0,0.019953053587404283
7544.0,0.8383344802893637,0.0,0.364663143,0.0,0.0,0.0,0.9274186983791062,0.0,0.0,0.12760254074565408,1.2021034422940273,0.21668675883539654,0.0,76.68514882114788,0.0,0.0,1.1102230246251565e-16,0.0,0.019953076236739708
7545.0,0.8368141213577589,0.0,0.351632676,0.0,0.0,0.0,0.894279350527843,0.0,0.0,0.15922152966531244,1.0744995370046928,0.21668675883539654,0.0,76.79132445819906,0.0,0.0,1.1102230246251565e-16,0.0,0.019953098886100848
7546.0,0.8441718020464833,0.0,0.346762179,0.0,0.0,0.0,0.8818926038140429,0.0,0.0,0.17896595706783716,0.9152767876427208,0.21668675883539654,0.0,76.89750009403905,0.0,0.0,0.0,0.0,0.019953121535487693
7547.0,0.8627030502071997,0.0,0.340923158,0.0,0.0,0.0,0.8670426872277969,0.0,0.0,0.21234712181479937,0.7363097916167438,0.21668675883539654,0.0,77.00367572866784,0.0,0.0,0.0,0.0,0.019953144184900254
7548.0,0.8870994576829384,0.0,0.32970997,0.0,0.0,0.0,0.8385250801724543,0.0,0.0,0.07699475015143893,0.5239618339946106,0.028420372640954893,0.0,77.10985136208545,0.0,0.0,0.0,0.0,0.019953166834338523
7549.0,0.9096992719986537,5.72e-05,0.301081314,0.0,0.0,6.053456487924937e-05,0.7657161018220888,0.0,0.0,0.14392263561168558,0.446966489078375,0.0,0.0,77.12377646505661,0.0,-6.776263578034403e-21,1.1102230246251565e-16,0.0,0.0199531894838025
7550.0,0.921919959917906,0.09782002,0.245677294,0.0,0.0,0.10352259348215857,0.6248114749089985,0.0,0.0,0.19358589152674904,0.3030433461016187,0.0,0.0,77.12377558527483,0.0,-1.3877787807814457e-17,-1.1102230246251565e-16,0.0,0.01995321213329219
7551.0,0.9184338411282542,0.485621679,0.237135508,0.0,0.0,0.5139317663320893,0.6030878315794809,0.0,0.0,0.0,0.10945711058127619,0.1985857567833158,0.0,77.12377470549308,0.0,0.0,0.0,0.0,0.019953167517179807
7552.0,0.9140183761747763,0.619081685,0.249032699,0.0,0.0,0.6551720354228587,0.6333450089317519,0.0,0.15781190934443778,0.0,0.10945698633322626,0.21668675883539654,0.0,77.22108084653516,0.0,0.0,0.0,0.0,0.017957931689113832
7553.0,0.9052645348897048,0.606494351,0.246465111,0.0,0.0,0.6418509027885968,0.6268150670754294,0.0,0.14671467613892486,0.0,0.2514875804953114,0.21668675883539654,0.0,77.32725647747273,0.0,0.0,0.0,0.0,0.017957952073723964
7554.0,0.8946305877709023,0.581504769,0.243856147,0.0,0.0,0.6154045134025073,0.620179896937059,0.0,0.12426706373326729,0.0,0.3835305035492465,0.21668675883539654,0.0,77.43343210719912,0.0,-1.1102230246251565e-16,0.0,0.0,0.017957972458357244
7555.0,0.8913843002493347,0.559122799,0.248206336,0.0,0.0,0.5917177509009265,0.6312433857966476,0.0,0.11489007761284291,0.0,0.4953704255522066,0.21668675883539654,0.0,77.53960773571434,0.0,0.0,0.0,0.0,0.017957992843013658
7556.0,0.8920502602883897,0.556891204,0.256323361,0.0,0.0,0.5893560615248478,0.6518867683394529,0.0,0.13250581074051435,0.0,0.598770933093934,0.21668675883539654,0.0,77.64578336301835,0.0,0.0,0.0,0.0,0.017958013227693213
7557.0,0.9053780264719232,0.552419362,0.269302899,0.0,0.0,0.5846235263906039,0.6848965925253924,0.0,0.1474553336086764,0.0,0.7180254830775478,0.21668675883539654,0.0,77.75195898911119,0.0,-1.1102230246251565e-16,0.0,0.0,0.01795803361239591
7558.0,0.9411963980901695,0.508163706,0.284865651,0.0,0.0,0.5377879166107833,0.7244760989276526,0.0,0.10438085861286975,0.0,0.8507344682730898,0.21668675883539654,0.0,77.85813461399285,0.0,0.0,0.0,0.0,0.01795805399712174
7559.0,0.9740275856104035,0.344534464,0.302492034,0.0,0.0,0.36461964797457,0.7693038735267204,0.0,0.0,0.0,0.9446762753304557,0.15989593589088694,0.0,77.9643102376633,0.0,-5.551115123125783e-17,1.1102230246251565e-16,0.0,0.019953169338090007
7560.0,0.984357460942885,0.0311027,0.317899001,0.0,0.0,0.032915881312409606,0.8084871843586293,0.0,0.0,0.14295439527184614,0.9446752030000752,0.0,0.0,78.04265835687976,0.0,-6.938893903907228e-18,0.0,0.0,0.01995343862960314
7561.0,0.9856486953594452,0.0,0.315939827,0.0,0.0,0.0,0.8035045733219603,0.0,0.0,0.1821441220374849,0.8017197353990659,0.0,0.0,78.04265746661594,0.0,0.0,0.0,0.0,0.01995346127937564
7562.0,0.9605435008324936,0.0,0.308905674,0.0,0.0,0.0,0.7856151728034673,0.0,0.0,0.1749283280290263,0.6195747033054579,0.0,0.0,78.04265657635213,0.0,0.0,1.1102230246251565e-16,0.0,0.019953483929173853
7563.0,0.92459022412595,0.0,0.301802033,0.0,0.0,0.0,0.7675490489945898,0.0,0.0,0.15704117513136034,0.44464567197859856,0.0,0.0,78.04265568608831,0.0,0.0,0.0,0.0,0.01995350657899778
7564.0,0.8889517259587668,0.0,0.298594217,0.0,0.0,0.0,0.7593908663088235,0.0,0.0,0.12956085964994338,0.28760399211659654,0.0,0.0,78.04265479582453,0.0,0.0,0.0,0.0,0.01995352922884741
7565.0,0.8584952962626876,0.0,0.300913444,0.0,0.0,0.0,0.7652891714347289,0.0,0.0,0.09320612482795879,0.15804280599873363,0.0,0.0,78.04265390556075,0.0,0.0,0.0,0.0,0.019953551878722754
7566.0,0.8323858083006337,0.0,0.306623468,0.0,0.0,0.0,0.7798110202353177,0.0,0.0,0.052574788065316035,0.06483650177164448,0.0,0.0,78.04265301529696,0.0,0.0,0.0,0.0,0.01995357452862381
7567.0,0.8194584746807764,0.0,0.317391638,0.0,0.0,0.0,0.8071968484908617,0.0,0.0,0.01226162618991466,0.012261640108470195,0.0,0.0,78.0426521250332,0.0,0.0,0.0,0.0,0.019953597178550574
7568.0,0.8160879888239508,0.0,0.330270638,0.0,0.0,0.0,0.8399509823969158,0.0,0.0,0.0,0.0,0.023862993572964952,0.0,78.04265123476945,0.0,0.0,0.0,0.0,0.019953171386614184
7569.0,0.8246576739567435,0.0,0.347224968,0.0,0.0,0.0,0.8830695781813267,0.0,0.0,0.0,0.0,0.05841190422458318,0.0,78.05434321135647,0.0,0.0,0.0,0.0,0.019953171614227997
7570.0,0.8511954320403763,0.0,0.369364855,0.0,0.0,0.0,0.939376187658996,0.0,0.0,0.0,0.0,0.08818075561861964,0.0,78.08296415402941,0.0,0.0,0.0,0.0,0.019953171841841807
7571.0,0.904816992612655,0.0,0.387894323,0.0,0.0,0.0,0.9865007063390132,0.0,0.0,0.0,0.0,0.08168371372635819,0.0,78.12617183355893,0.0,0.0,0.0,0.0,0.019953172069455623
7572.0,0.960961064201033,0.0,0.405383539,0.0,0.0,0.0,1.030979635042787,0.0,0.0,0.0,0.0,0.07001857084175404,0.0,78.16619596206834,0.0,0.0,2.220446049250313e-16,0.0,0.01995317229706944
7573.0,0.993974266522938,4.32e-06,0.415062624,0.0,0.0,4.571841263607645e-06,1.055595680246458,0.0,0.0,0.0,0.0,0.06162598556478353,0.0,78.20050417010773,0.0,-8.470329472543003e-22,0.0,0.0,0.01995317252468326
7574.0,1.0134327194968724,0.066823285,0.442583051,0.0,0.0,0.07071885456778096,1.1255861881360287,0.0,0.0,0.0,0.0,0.1828723232069373,0.0,78.23070001097005,0.0,-1.3877787807814457e-17,2.220446049250313e-16,0.0,0.019953172752297084
7575.0,1.0260088716170352,0.498474982,0.466807741,0.0,0.0,0.5275343730517773,0.7151612574006545,0.0,0.0,0.0,0.0,0.21668675883539654,0.0,78.32030655693255,0.0,-1.1102230246251565e-16,0.4720336534694878,0.0,1.05e-08
7576.0,1.0304393260247682,0.631248962,0.462502287,0.0,0.0,0.6680486231669199,0.6060859973818602,0.0,0.027008535688615363,0.0,0.0,0.21668675883539654,0.0,78.42648217533083,0.0,-1.1102230246251565e-16,0.570159195587641,0.0,1.05e-08
7577.0,1.0292358869831317,0.621510462,0.459610607,0.0,0.0,0.6577424018369099,0.8814588912272372,0.0,0.2932786472456189,0.0,0.024307682119753826,0.21668675883539654,0.0,78.53265779251792,0.0,0.0,0.2874321225409706,0.0,1.05e-08
7578.0,1.0307648113171681,0.603513936,0.462231305,0.0,0.0,0.6386967397608942,0.9020334776372894,0.0,0.2932786472456189,0.0,0.2882584370484316,0.21668675883539654,0.0,78.63883340849381,0.0,0.0,0.27352254841598156,0.0,1.05e-08
7579.0,1.0306406129819103,0.591967773,0.467425682,0.0,0.0,0.6264774748442878,0.9141285442186381,0.0,0.2932786472456189,0.0,0.552208892358689,0.21668675883539654,0.0,78.74500902325853,0.0,-1.1102230246251565e-16,0.2746379267307061,0.0,1.05e-08
7580.0,1.0320517630325126,0.60417265,0.474305508,0.0,0.0,0.6393938545400878,0.9026233145734404,0.0,0.2932786472456189,0.0,0.8161590480508661,0.21668675883539654,0.0,78.85118463681206,0.0,-1.1102230246251565e-16,0.3036400693392045,0.0,1.05e-08
7581.0,1.0430240435473626,0.614929682,0.470031839,0.0,0.0,0.6507779848112792,0.9022114648170987,0.0,0.2932786472456189,0.0,1.080108904125303,0.21668675883539654,0.0,78.9573602491544,0.0,1.1102230246251565e-16,0.2931830374513076,0.0,1.05e-08
7582.0,1.066330503563683,0.593936272,0.453876831,0.0,0.0,0.6285607306210401,0.9477351790236583,0.0,0.2932786472456189,0.0,1.3440584605823396,0.21668675883539654,0.0,79.06353586028554,0.0,0.0,0.20657357937601772,0.0,1.05e-08
7583.0,1.0921680399985343,0.354374429,0.434467376,0.0,0.0,0.37503324936796234,1.1049462389405933,0.0,0.17112468947462478,0.0,1.6080077174223162,0.21668675883539654,0.0,79.16971147020551,0.0,0.0,0.0,0.0,1.0500083432433824e-08
7584.0,1.0960567327024702,0.021826635,0.421380112,0.0,0.0,0.02309905336544047,1.07166244380744,0.0,0.0,0.0012952355295897317,1.7620181126516783,0.0,0.0,79.2758870789143,0.0,0.0,0.0,0.0,0.02216964639323133
7585.0,1.0867868259208961,0.0,0.406550018,0.0,0.0,0.0,1.0339462480845294,0.0,0.0,0.05284057783636676,1.7607208770024683,0.0,0.0,79.27588617458252,0.0,0.0,0.0,0.0,0.022169671558690606
7586.0,1.0539642038030939,0.0,0.395540047,0.0,0.0,0.0,1.005945466623564,0.0,0.0,0.048018737179529744,1.7078783005190123,0.0,0.0,79.27588527025078,0.0,0.0,0.0,0.0,0.02216969672417845
7587.0,1.0100964952497733,0.0,0.390520409,0.0,0.0,0.0,0.9931794214949115,0.0,0.0,0.01691707375486178,1.6598576246755874,0.0,0.0,79.27588436591904,0.0,0.0,1.1102230246251565e-16,0.0,0.022169721889694856
7588.0,0.9603208003692727,0.0,0.392714504,0.0,0.0,0.0,0.998759488381518,0.0,0.0,0.0,1.6429386667665402,0.038438688012245224,0.0,79.27588346158733,0.0,0.0,0.0,0.0,0.019953175938890885
7589.0,0.9158749271518206,0.0,0.397923445,0.0,0.0,0.0,1.0120069727376584,0.0,0.0,0.0,1.6429368018175712,0.09613204558583788,0.0,79.2947175143816,0.0,0.0,0.0,0.0,0.01995317616650475
7590.0,0.8844934339931311,0.0,0.404844041,0.0,0.0,0.0,1.0296075727915215,0.0,0.0,0.0,1.6429349368707196,0.14511413879839033,0.0,79.34182131217212,0.0,0.0,0.0,0.0,0.019953176394118616
7591.0,0.8653112152476149,0.0,0.406297363,0.0,0.0,0.0,1.0333036907662567,0.0,0.0,0.0,1.6429330719259847,0.16799247551864183,0.0,79.41292633509943,0.0,0.0,0.0,0.0,0.019953176621732478
7592.0,0.8575316884891352,0.0,0.401353388,0.0,0.0,0.0,1.0207300733131792,0.0,0.0,0.0,1.6429312069833668,0.16319838482404408,0.0,79.49524174220855,0.0,0.0,0.0,0.0,0.019953176849346353
7593.0,0.8659193588202568,0.0,0.391820915,0.0,0.0,0.0,0.9964868947202882,0.0,0.0,0.0,1.6429293420428657,0.13056753590003137,0.0,79.5752080439383,0.0,0.0,1.1102230246251565e-16,0.0,0.019953177076960225
7594.0,0.8971081304242359,0.0,0.382322947,0.0,0.0,0.0,0.9723314699429441,0.0,0.0,0.0,1.6429274771044817,0.07522333951870826,0.0,79.63918522878309,0.0,0.0,1.1102230246251565e-16,0.0,0.0199531773045741
7595.0,0.9574107048931444,0.0,0.37420859,0.0,0.0,0.0,0.9516948727118294,0.0,0.0,0.005715832181315068,1.6429256121682145,0.0,0.0,79.6760437566712,0.0,0.0,0.0,0.0,0.02216992321485451
7596.0,1.018120135977553,0.0,0.36428027,0.0,0.0,0.0,0.9264449680032221,0.0,0.0,0.09167516797433083,1.6372079150527494,0.0,0.0,79.67604284777471,0.0,0.0,0.0,0.0,0.022169948380628014
7597.0,1.048540162713298,5.45e-05,0.350051706,0.0,0.0,5.767716408949459e-05,0.8902585955716001,0.0,0.0,0.15822388997760836,1.545530888634598,0.0,0.0,79.67604193887821,0.0,-6.776263578034403e-21,0.0,0.0,0.022169973546430084
7598.0,1.0667673390876933,0.235289357,0.323526349,0.0,0.0,0.2490059238935903,0.8227987698798627,0.0,0.0,0.0,1.3873052442785119,0.005037354685759697,0.0,79.67604102998173,0.0,0.0,0.0,0.0,0.019953178215029625
7599.0,1.073778120977939,0.591775509,0.264669081,0.0,0.0,0.626274002508939,0.6731117726427708,0.0,0.008920895338374424,0.0,1.3873036695067102,0.21668675883539654,0.0,79.67850842488129,0.0,0.0,0.0,0.0,0.019953021490307938
7600.0,1.069891569624611,0.669092633,0.225454937,0.0,0.0,0.7080984510938162,0.5733815666029165,0.0,0.0,0.0,1.3953309005412327,0.21158844807212174,0.0,79.784684027786,0.0,-1.1102230246251565e-16,1.1102230246251565e-16,0.0,0.019953178670257404
7601.0,1.0625167581310233,0.653189857,0.219945377,0.0,0.0,0.6912685975005964,0.5593695419112915,0.0,0.0,0.0,1.3953293166592675,0.1881213812808646,0.0,79.88836145720555,0.0,-1.1102230246251565e-16,0.0,0.0,0.0199531788978713
7602.0,1.054002748114036,0.62281044,0.224368314,0.0,0.0,0.6591181641198224,0.5706180449593574,0.0,0.0,0.0,1.3953277327791003,0.17573346096514397,0.0,79.98054002271468,0.0,0.0,1.1102230246251565e-16,0.0,0.019953179125485197
7603.0,1.0457307107157408,0.609994695,0.232935726,0.0,0.0,0.6455553049034166,0.5924068608516111,0.0,0.0,0.0,1.395326148900731,0.1922314550392869,0.0,80.06664850621758,0.0,0.0,0.0,0.0,0.01995317935309909
7604.0,1.0424373134807994,0.62171276,0.240255652,0.0,0.0,0.6579564931202306,0.6110230450574038,0.0,0.009855465861438484,0.0,1.3953245650241597,0.21668675883539654,0.0,80.16084100583453,0.0,-1.1102230246251565e-16,0.0,0.0,0.019953134737060008
7605.0,1.0506022833487,0.644889133,0.240353953,0.0,0.0,0.6824839696068422,0.611273046153537,0.0,0.026467973576282517,0.0,1.404192900424681,0.21668675883539654,0.0,80.2670166032371,0.0,-1.1102230246251565e-16,1.1102230246251565e-16,0.0,0.01995315738648755
7606.0,1.0767203367131857,0.60282812,0.251885342,0.0,0.0,0.637970943027551,0.6405999084432178,0.0,0.10466118148880695,0.0,1.4280124827018479,0.09718933326877617,0.0,80.37319219942849,0.0,0.0,0.0,0.0,0.019953180035940803
7607.0,1.1043159219971181,0.269254785,0.27288346,0.0,0.0,0.28495142048305666,0.69400274785211,0.0,0.0,0.12536175366195162,1.5222059250619648,0.0,0.0,80.42081405588101,0.0,-5.551115123125783e-17,0.0,0.0,0.02217022520602196
7608.0,1.1145986876162262,0.009300375,0.305347579,0.0,0.0,0.00984255513704281,0.7765661534634205,0.0,0.0,0.2932786472456189,1.3968424434984015,0.0,0.034911331770143786,80.42081313848863,0.0,0.0,1.1102230246251565e-16,0.0,0.040720776512589034
7609.0,1.1086178953683776,0.0,0.317187909,0.0,0.0,0.0,0.8066787207677042,0.0,0.0,0.2932786472456189,1.1035622106550198,0.0,0.008660527355054615,80.3859008893261,0.0,0.0,0.0,0.0,0.04072077697710722
7610.0,1.0819816351567817,0.0,0.322986245,0.0,0.0,0.0,0.8214251664371112,0.0,0.0,0.2605564687196705,0.8102823107228286,0.0,0.0,80.37723944497692,0.0,0.0,1.1102230246251565e-16,0.0,0.022170300704456577
7611.0,1.0394073023706292,0.0,0.334880679,0.0,0.0,0.0,0.8516753321310876,0.0,0.0,0.18773197023954152,0.5497249222273988,0.0,0.0,80.37723852808159,0.0,0.0,0.0,0.0,0.022170325870658585
7612.0,0.9912012174857149,0.0,0.345628154,0.0,0.0,0.0,0.8790085284430658,0.0,0.0,0.11219268904264901,0.3619923279786062,0.0,0.0,80.37723761118629,0.0,0.0,1.1102230246251565e-16,0.0,0.022170351036889156
7613.0,0.9505048491826856,0.0,0.356716462,0.0,0.0,0.0,0.9072085381506184,0.0,0.0,0.04329631103206728,0.24979922802760596,0.0,0.0,80.37723669429097,0.0,0.0,0.0,0.0,0.022170376203148295
7614.0,0.9220248860976927,0.0,0.36683124,0.0,0.0,0.0,0.9329326466250348,0.0,0.01090776052734201,0.0,0.20650263344094097,0.0,0.0,80.37723577739568,0.0,0.0,0.0,0.0,0.0199533612324924
7615.0,0.9063844612576335,0.0,0.372072649,0.0,0.0,0.0,0.9462627042570245,0.0,0.03987824299939094,0.0,0.21631938350821447,0.0,0.0,80.37723486050041,0.0,0.0,0.0,0.0,0.019953383882177052
7616.0,0.9000846077692088,0.0,0.373490511,0.0,0.0,0.0,0.9498686396408514,0.0,0.04978403187164255,0.0,0.25220955665704453,0.0,0.0,80.37723394360512,0.0,0.0,0.0,0.0,0.019953406531887406
7617.0,0.9083609278687199,0.0,0.369808218,0.0,0.0,0.0,0.9405037574292414,0.0,0.03214282956052143,0.0,0.2970148990508888,0.0,0.0,80.37723302670987,0.0,0.0,0.0,0.0,0.01995342918162347
7618.0,0.9378066400778731,0.0,0.369490546,0.0,0.0,0.0,0.9396958475584279,0.0,0.0018892074805549768,0.0,0.3259431085048357,0.0,0.0,80.37723210981463,0.0,0.0,1.1102230246251565e-16,0.0,0.01995345183138525
7619.0,1.003301989770925,0.0,0.373262448,0.0,0.0,0.0,0.9492886251955517,0.0,0.0,0.05401336457537346,0.3276430252495344,0.0,0.0,80.37723119291938,0.0,0.0,0.0,0.0,0.02217052720130304
7620.0,1.0604974645077792,0.0,0.376852714,0.0,0.0,0.0,0.958419462475026,0.0,0.0,0.10207800203275315,0.2736292887567337,0.0,0.0,80.37723027602415,0.0,0.0,1.1102230246251565e-16,0.0,0.02217055236776215
7621.0,1.0812428691970581,4.48e-05,0.375023234,0.0,0.0,4.7411687178153346e-05,0.9537666918485451,0.0,0.0,0.12742876566133482,0.171550976119166,0.0,0.0,80.37722935912893,0.0,0.0,0.0,0.0,0.02217057753424983
7622.0,1.0845426904838231,0.21635948,0.319063289,0.0,0.0,0.22897249963812333,0.8114482252047518,0.0,0.0,0.04412196564094797,0.04412201572517167,0.0,0.0,80.37722844223372,0.0,0.0,1.1102230246251565e-16,0.0,0.02217060270076607
7623.0,1.0772107060023934,0.513801309,0.219414594,0.0,0.0,0.543754172634681,0.558019643824712,0.0,0.0,0.0,0.0,0.02456311045699954,0.0,80.37722752533853,0.0,0.0,0.0,0.0,0.01995318390537761
7624.0,1.0652491215066964,0.623273705,0.174938294,0.0,0.0,0.659608435889032,0.44490661596184783,0.0,0.0,0.0,0.0,0.0392659303441834,0.0,80.38926253256727,0.0,0.0,0.0,0.0,0.01995318413299156
7625.0,1.052103370124834,0.622084796,0.1829558,0.0,0.0,0.6583502175499407,0.4652968997662264,0.0,0.0,0.0,0.0,0.07154374719133318,0.0,80.40850192140346,0.0,-1.1102230246251565e-16,0.0,0.0,0.019953184360605523
7626.0,1.0435893601078465,0.594514586,0.204082142,0.0,0.0,0.6291727583544943,0.5190258410515041,0.0,0.0,0.0,0.0,0.10460923929815184,0.0,80.44355744027526,0.0,0.0,1.1102230246251565e-16,0.0,0.01995318458821948
7627.0,1.0367820065253508,0.583755927,0.22188413,0.0,0.0,0.6177869062347526,0.5643002178467497,0.0,0.0,0.0,0.0,0.1453051175561515,0.0,80.4948150498795,0.0,1.1102230246251565e-16,0.0,0.0,0.019953184815833438
7628.0,1.0354586518496722,0.597704103,0.235514897,0.0,0.0,0.6325482133155078,0.5989662608283648,0.0,0.0,0.0,0.0,0.19605582229420024,0.0,80.56601363924547,0.0,-1.1102230246251565e-16,0.0,0.0,0.0199531850434474
7629.0,1.0477050359762192,0.625367838,0.280272259,0.0,0.0,0.6618246496994213,0.7127940912678191,0.0,0.11022694615562464,0.0,0.0,0.21668675883539654,0.0,80.66208007312088,0.0,0.0,0.0,0.0,0.01795778602544754
7630.0,1.0782749572545167,0.548902255,0.349725995,0.0,0.0,0.5809013840500661,0.8894302407530058,0.0,0.17536990871315866,0.0,0.09920425154006218,0.21668675883539654,0.0,80.76825566480561,0.0,0.0,1.1102230246251565e-16,0.0,0.01795780640989233
7631.0,1.1069240870375334,0.296620448,0.394911983,0.0,0.0,0.3139124082861541,1.0043481615255307,0.0,0.0,0.005350276061245176,0.2570370567721829,0.21668675883539654,0.0,80.87443125527916,0.0,-5.551115123125783e-17,0.0,0.0,0.019953140882622507
7632.0,1.118104078561349,0.019501606,0.427521952,0.0,0.0,0.020638483105883895,1.0872824958137728,0.0,0.0,0.22686985847708885,0.2516864889404635,0.21668675883539654,0.0,80.9806068445415,0.0,0.0,0.0,0.0,0.01995316353205703
7633.0,1.1132389299802132,0.0,0.454807089,0.0,0.0,0.0,1.1566746094051252,0.0,0.0,0.024816316596713055,0.02481634476649049,0.06825199602162509,0.0,81.08678243259267,0.0,0.0,0.0,0.0,0.019953186181517257
7634.0,1.0884784929011326,0.0,0.47748338,0.0,0.0,0.0,1.214345412410533,0.0,0.0,0.0,0.0,0.1258669195094003,0.0,81.1202249856539,0.0,0.0,0.0,0.0,0.01995318640913124
7635.0,1.0458955947125486,0.0,0.495904928,0.0,0.0,0.0,1.2611954667586036,0.0,0.0,0.0,0.0,0.21529987204605497,0.0,81.18189885084266,0.0,0.0,0.0,0.0,0.01995318663674522
7636.0,0.9994646894815786,0.0,0.502721798,0.0,0.0,0.0,1.278532268746348,0.0,0.06238082042937302,0.0,0.0,0.21668675883539654,0.0,81.28739486207083,0.0,0.0,2.220446049250313e-16,0.0,0.007523770728849372
7637.0,0.9585777409744468,0.0,0.502744869,0.0,0.0,0.0,1.2785909433812848,0.0,0.10332644357144127,0.0,0.056142738386435714,0.21668675883539654,0.0,81.39357044662235,0.0,0.0,0.0,0.0,0.007523779269316935
7638.0,0.9293932735394567,0.0,0.502651053,0.0,0.0,0.0,1.2783523486280794,0.0,0.13227231625322608,0.0,0.14913647387142623,0.21668675883539654,0.0,81.49974602996267,0.0,0.0,0.0,0.0,0.007523787809794191
7639.0,0.9123695362066978,0.0,0.501679152,0.0,0.0,0.0,1.275880590300769,0.0,0.1468242952586748,0.0,0.26818138921004414,0.21668675883539654,0.0,81.60592161209182,0.0,0.0,2.220446049250313e-16,0.0,0.007523796350281141
7640.0,0.9058148619959336,0.0,0.502343151,0.0,0.0,0.0,1.277569286019341,0.0,0.1550676651880108,0.0,0.40032295052211114,0.21668675883539654,0.0,81.71209719300977,0.0,0.0,0.0,0.0,0.007523804890777787
7641.0,0.9145301589700631,0.0,0.5002241,0.0,0.0,0.0,1.2721800725549601,0.0,0.1409631547495005,0.0,0.5398833947727301,0.21668675883539654,0.0,81.81827277271653,0.0,0.0,0.0,0.0,0.007523813431284127
7642.0,0.9469523485241892,0.0,0.498827993,0.0,0.0,0.0,1.2686294649281897,0.0,0.1049903575686039,0.0,0.6667496212094425,0.21668675883539654,0.0,81.9244483512121,0.0,0.0,0.0,0.0,0.007523821971800162
7643.0,1.0061135831190902,0.0,0.496918748,0.0,0.0,0.0,1.2637738343365705,0.0,0.04097349238208367,0.0,0.7612401861736886,0.21668675883539654,0.0,82.0306239284965,0.0,0.0,0.0,0.0,0.007523830512325891
7644.0,1.0625274648840628,0.0,0.490527491,0.0,0.0,0.0,1.2475194599592114,0.0,0.0,0.031694763760247824,0.7981154652109913,0.21668675883539654,0.0,82.13679950456971,0.0,0.0,0.0,0.0,0.008359821169845905
7645.0,1.0867846845702884,3.27e-05,0.476826108,0.0,0.0,3.4606298453696754e-05,1.2126738249347428,0.0,0.0,0.09076301217248836,0.7664197954859355,0.21668675883539654,0.0,82.24297507943172,0.0,0.0,2.220446049250313e-16,0.0,0.008359830659340482
7646.0,1.092962481074063,0.185053353,0.392162828,0.0,0.0,0.1958413322255443,0.9973564547937583,0.0,0.0,0.11645145289015692,0.6756559133273448,0.21668675883539654,0.0,82.34915065308255,0.0,0.0,0.0,0.0,0.00835984014884583
7647.0,1.0852279226783492,0.536190111,0.256026924,0.0,0.0,0.5674481654185562,0.6511328637511533,0.0,0.0,0.08333365234403621,0.5592036934798909,0.21668675883539654,0.0,82.45532622552219,0.0,0.0,0.0,0.0,0.008359849638361951
7648.0,1.0709108525139686,0.641597874,0.210122498,0.0,0.0,0.6790008414342913,0.5343877968915721,0.0,0.0,0.07420897302350164,0.47586940636696606,0.21668675883539654,0.0,82.56150179675065,0.0,-1.1102230246251565e-16,1.1102230246251565e-16,0.0,0.008359859127888841
7649.0,1.055805765325883,0.633270222,0.247049114,0.0,0.0,0.6701877157299939,0.6283003153449797,0.0,0.025995506913694056,0.0,0.4016598931698252,0.21668675883539654,0.0,82.6676773667679,0.0,0.0,0.0,0.0,0.007523881755683855
7650.0,1.0420861319811048,0.599846974,0.268989644,0.0,0.0,0.634816006385042,0.6840999160585286,0.0,0.06014303162706926,0.0,0.42505539345595533,0.21668675883539654,0.0,82.77385293557398,0.0,0.0,-1.1102230246251565e-16,0.0,0.007523890296277448
7651.0,1.030991794481605,0.583757319,0.280508808,0.0,0.0,0.6177883793836044,0.7133956874803622,0.0,0.08350551354696498,0.0,0.4791836394271889,0.21668675883539654,0.0,82.88002850316887,0.0,-1.1102230246251565e-16,0.0,0.0,0.007523898836880734
7652.0,1.0247262026029065,0.596381798,0.287443231,0.0,0.0,0.6311488224446572,0.7310314526409508,0.0,0.1207673136473049,0.0,0.5543380576837328,0.21668675883539654,0.0,82.98620406955258,0.0,-1.1102230246251565e-16,0.0,0.0,0.007523907377493715
7653.0,1.0320517630325126,0.617030671,0.297741213,0.0,0.0,0.6530014543030817,0.7572214892424053,0.0,0.1614844216775778,0.0,0.6630280107205477,0.21668675883539654,0.0,83.09237963472509,0.0,-1.1102230246251565e-16,1.1102230246251565e-16,0.0,0.007523915918116392
7654.0,1.055499552188954,0.557562917,0.361531924,0.0,0.0,0.5900669331013991,0.919455318736651,0.0,0.2373359408136995,0.0,0.8083632376073819,0.21668675883539654,0.0,83.19855519868642,0.0,0.0,1.1102230246251565e-16,0.0,0.0075239244587487625
7655.0,1.0786646830651536,0.292371949,0.4228339,0.0,0.0,0.3094162362869421,1.0753597469228227,0.0,0.08942454130921475,0.0,1.0219646667423496,0.21668675883539654,0.0,83.30473076143657,0.0,0.0,2.220446049250313e-16,0.0,0.0075239329993908284
7656.0,1.0884677861480931,0.018567525,0.457738863,0.0,0.0,0.019649948369922808,1.1641307564800756,0.0,0.0,0.12137384013349123,1.1024455938578905,0.21668675883539654,0.0,83.41090632297553,0.0,0.0,2.220446049250313e-16,0.0,0.008359935044491765
7657.0,1.0845919415478047,0.0,0.476599989,0.0,0.0,0.0,1.2120987545096553,0.0,0.0,0.08917994587354593,0.9810705023053325,0.21668675883539654,0.0,83.51708188330329,0.0,0.0,0.0,0.0,0.008359944534115604
7658.0,1.0583454071468454,0.0,0.483769167,0.0,0.0,0.0,1.230331553345616,0.0,0.0,0.044700612636626134,0.8918894427892273,0.21668675883539654,0.0,83.62325744241987,0.0,0.0,-2.220446049250313e-16,0.0,0.008359954023750215
7659.0,1.020205811469642,0.0,0.489951911,0.0,0.0,0.0,1.2460556332340273,0.0,0.009163062928988904,0.0,0.847187817742138,0.21668675883539654,0.0,83.72943300032529,0.0,0.0,2.220446049250313e-16,0.0,0.007523967162056038
7660.0,0.9757449487979346,0.0,0.496898841,0.0,0.0,0.0,1.2637232064505801,0.0,0.07129149881724901,0.0,0.8554336127099206,0.21668675883539654,0.0,83.83560855701948,0.0,0.0,0.0,0.0,0.0075239757027465775
7661.0,0.9358537283234736,0.0,0.498457873,0.0,0.0,0.0,1.267688168240457,0.0,0.11514768108158678,0.0,0.9195949906170877,0.21668675883539654,0.0,83.9417841125025,0.0,0.0,0.0,0.0,0.007523984243446811
7662.0,0.9081168138994199,0.0,0.496195084,0.0,0.0,0.0,1.2619333973803633,0.0,0.13712982464554688,0.0,1.0232268597306542,0.21668675883539654,0.0,84.04795966677435,0.0,0.0,2.220446049250313e-16,0.0,0.0075239927841567415
7663.0,0.8929432034918816,0.0,0.481664154,0.0,0.0,0.0,1.2249780416074387,0.0,0.11534807928016054,0.0,1.146642540416141,0.21668675883539654,0.0,84.15413521983498,0.0,0.0,0.0,0.0,0.007524001324876364
7664.0,0.888444225864696,0.0,0.456417416,0.0,0.0,0.0,1.1607700256789457,0.0,0.05563904097885324,0.0,1.2504545101799387,0.21668675883539654,0.0,84.26031077168446,0.0,0.0,0.0,0.0,0.007524009865605683
7665.0,0.8980439006398856,0.0,0.433172602,0.0,0.0,0.0,1.1016533434538258,0.0,0.0,0.01307731602145628,1.3005282276324786,0.21668675883539654,0.0,84.36648632232271,0.0,0.0,2.220446049250313e-16,0.0,0.008360020451494107
7666.0,0.926999243559831,0.0,0.417244542,0.0,0.0,0.0,1.0611447783397905,0.0,0.0,0.08254122405543705,1.2874494353424153,0.21668675883539654,0.0,84.4726618717498,0.0,0.0,0.0,0.0,0.008360029941214896
7667.0,0.9861840330114188,0.0,0.397864884,0.0,0.0,0.0,1.0118580392152055,0.0,0.0,0.19101275263161,1.2049067498645005,0.21668675883539654,0.0,84.57883741996571,0.0,0.0,0.0,0.0,0.008360039430946454
7668.0,1.040218874251021,0.0,0.379925341,0.0,0.0,0.0,0.9662338297551998,0.0,0.0,0.2906718033312177,1.0138926295070916,0.21668675883539654,0.0,84.68501296697042,0.0,0.0,1.1102230246251565e-16,0.0,0.008360048920688784
7669.0,1.0589728228749584,2.99e-05,0.358101832,0.0,0.0,3.164306800506217e-05,0.9107318392213094,0.0,0.0,0.2932786472456189,0.7232196752759333,0.145069306659975,0.0,84.79118851276394,0.0,-6.776263578034403e-21,1.1102230246251565e-16,0.0,0.019953194375622145
7670.0,1.05307340195021,0.118837115,0.308148907,0.0,0.0,0.12576491342710344,0.7836905476265372,0.0,0.0,0.2932786472456189,0.42994020708196445,0.14966070634904965,0.0,84.86227150578033,0.0,0.0,1.1102230246251565e-16,0.0,0.01995319460323622
7671.0,1.0322123643281047,0.482438377,0.244912191,0.0,0.0,0.5105628886843753,0.622865649447866,0.0,0.0,0.11547058503126002,0.1366610717983183,0.21668675883539654,0.0,84.93560428383348,0.0,-1.1102230246251565e-16,0.0,0.0,0.008360077389980411
7672.0,1.0088737840526658,0.59910697,0.224257953,0.0,0.0,0.6340328626761451,0.5703373726267225,0.0,0.0,0.021190307585194693,0.021190331638975848,0.21668675883539654,0.0,85.0417798267684,0.0,0.0,0.0,0.0,0.008360086879765832
7673.0,0.9878307316288895,0.607892573,0.278449403,0.0,0.0,0.6433306363615793,0.5611868541027067,0.0,0.0,0.0,0.0,0.21668675883539654,0.0,85.14795536849216,0.0,-1.1102230246251565e-16,0.14697131282972486,0.0,1.05e-08
7674.0,0.9709012137228779,0.578731616,0.30417323,0.0,0.0,0.6124696950423921,0.5751182775158822,0.0,0.0,0.0,0.0,0.21668675883539654,0.0,85.2541309090047,0.0,0.0,0.1984612477622415,0.0,1.05e-08
7675.0,0.9585456207153283,0.565482064,0.315944945,0.0,0.0,0.5984477393576896,0.5767846401930354,0.0,0.0,0.0,0.0,0.21668675883539654,0.0,85.36030644830608,0.0,-1.1102230246251565e-16,0.2267329493302861,0.0,1.05e-08
7676.0,0.9513356932185486,0.581297454,0.318453129,0.0,0.0,0.6151851126452006,0.7872512976651233,0.0,0.23441395825637867,0.0,0.0,0.21668675883539654,0.0,85.46648198639626,0.0,0.0,0.022645156257376953,0.0,1.05e-08
7677.0,0.9563421709398052,0.605096778,0.323359205,0.0,0.0,0.6403718560501005,0.8223736858704214,0.0,0.28971661214532013,0.0,0.2109725624307408,0.21668675883539654,0.0,85.57265752327525,0.0,-1.1102230246251565e-16,0.0,0.0,1.050001191887853e-08
7678.0,0.9795501288281626,0.552916299,0.359238814,0.0,0.0,0.5851494331225515,0.9043661017866266,0.0,0.2932786472456189,0.0,0.47171727388024415,0.21668675883539654,0.0,85.67883305894306,0.0,-1.1102230246251565e-16,0.009257333108009469,0.0,1.05e-08
7679.0,1.0012912615501124,0.288566417,0.423104705,0.0,0.0,0.3053888547527802,1.0760484636890646,0.0,0.16345929805633597,0.0,0.7356675209408721,0.21668675883539654,0.0,85.78500859339968,0.0,0.0,2.220446049250313e-16,0.0,1.0500035756676175e-08
7680.0,1.0079016108766818,0.017891461,0.474359857,0.0,0.0,0.01893447214491363,1.2064016053913047,0.0,0.0007477078241399555,0.0,0.8827800541133014,0.21668675883539654,0.0,85.89118412664513,0.0,0.0,2.220446049250313e-16,0.0,1.0500047675595293e-08
7681.0,1.0043255553614985,0.0,0.505468472,0.0,0.0,0.0,1.2855176657486214,0.0,0.0645053515517262,0.0,0.8834519890849045,0.21668675883539654,0.0,85.99735965867937,0.0,0.0,0.0,0.0,1.050005959452794e-08
7682.0,0.9822760681520118,0.0,0.522011384,0.0,0.0,0.0,1.327589934934433,0.0,0.1286271079470245,0.0,0.9415058026486017,0.21668675883539654,0.0,86.10353518950244,0.0,0.0,0.0,0.0,1.0500071513474118e-08
7683.0,0.9492457350252439,0.0,0.525698099,0.0,0.0,0.0,1.3369660632660936,0.0,0.171033569405453,0.0,1.057269131069442,0.21668675883539654,0.0,86.20971071911431,0.0,0.0,0.0,0.0,1.0500083432433824e-08
7684.0,0.9205944638916195,0.0,0.517830006,0.0,0.0,0.0,1.3169557696324816,0.0,0.17967454690546558,0.0,1.211198143396441,0.21668675883539654,0.0,86.315886247515,0.0,0.0,0.0,0.0,1.050009535140706e-08
7685.0,0.8895277492722904,0.0,0.498922555,0.0,0.0,0.0,1.268869956923719,0.0,0.1626554488160321,0.0,1.3729038607440114,0.21668675883539654,0.0,86.4220617747045,0.0,0.0,2.220446049250313e-16,0.0,1.0500107270393827e-08
7686.0,0.8647630294919939,0.0,0.477268661,0.0,0.0,0.0,1.2137993346965663,0.0,0.13234954636917598,0.0,1.519292206254081,0.21668675883539654,0.0,86.52823730068282,0.0,0.0,2.220446049250313e-16,0.0,1.0500119189394123e-08
7687.0,0.8491397354567979,0.0,0.456983659,0.0,0.0,0.0,1.1622101063564334,0.0,0.09638361206423904,0.0,1.6384050733921773,0.21668675883539654,0.0,86.63441282544994,0.0,0.0,0.0,0.0,1.0500131108407949e-08
7688.0,0.8433816436721704,0.0,0.432930197,0.0,0.0,0.0,1.1010368541433593,0.0,0.04096845163579251,0.0,1.7251484644472415,0.21668675883539654,0.0,86.74058834900588,0.0,0.0,2.220446049250313e-16,0.0,1.0500143027435302e-08
7689.0,0.8451718127803699,0.0,0.404985032,0.0,0.0,0.0,1.0299661439611425,0.0,0.0,0.0,1.7620181126516783,0.18479433118077263,0.0,86.84676387135065,0.0,0.0,0.0,0.0,0.019953198927904092
7690.0,0.8608015308673896,0.0,0.382136254,0.0,0.0,0.0,0.9718566685203706,0.0,0.0,0.0,1.7620161125320581,0.111055137652981,0.0,86.93731210293343,0.0,0.0,1.1102230246251565e-16,0.0,0.019953199155518214
7691.0,0.8864891727596885,0.0,0.358674168,0.0,0.0,0.0,0.9121874157399255,0.0,0.0,0.0,1.7620141124147082,0.02569824298023695,0.0,86.9917281286547,0.0,0.0,0.0,0.0,0.01995319938313234
7692.0,0.9190398433502882,0.0,0.334764391,0.0,0.0,0.0,0.8513795861318899,0.0,0.0,0.06766025721839836,1.7620121122996288,0.0,0.0,87.00431927536557,0.0,0.0,0.0,0.0,0.022169997572110134
7693.0,0.9428602275125033,2.98e-05,0.307130931,0.0,0.0,3.153723834618236e-05,0.7811016104251124,0.0,0.0,0.1617270798490447,1.6943498549684213,0.0,0.0,87.0043182828725,0.0,-6.776263578034403e-21,1.1102230246251565e-16,0.0,0.022170022737968045
7694.0,0.9487082560226624,0.085470344,0.256406739,0.0,0.0,0.09045297349859723,0.6520988169594403,0.0,0.0,0.20615646556462483,1.532620851812026,0.0,0.0,87.00431729037943,0.0,0.0,0.0,0.0,0.022170047903854524
7695.0,0.9413141723736037,0.404873065,0.233233822,0.0,0.0,0.42847578358571753,0.5931649846423447,0.0,0.0,0.0,1.3264626465234937,0.08032659585445848,0.0,87.00431629788639,0.0,0.0,0.0,0.0,0.019953200293588876
7696.0,0.9290592228446253,0.547714297,0.219932425,0.0,0.0,0.5796441721510306,0.5593366021223054,0.0,0.0,0.0,1.3264611408159497,0.20992155142871088,0.0,87.04367533736203,0.0,0.0,1.1102230246251565e-16,0.0,0.019953200521203016
7697.0,0.9130440616481845,0.577424994,0.212400825,0.0,0.0,0.6110869014369436,0.5401820843082799,0.0,0.02153816526164235,0.0,1.3264596351101148,0.21668675883539654,0.0,87.14653590462008,0.0,1.1102230246251565e-16,0.0,0.0,0.01995311106151682
7698.0,0.8976177718689147,0.560828888,0.199267577,0.0,0.0,0.5935232990698125,0.5067813417340571,0.0,0.0,0.0,1.3458424781414673,0.20268686893495486,0.0,87.25271142233403,0.0,0.0,0.0,0.0,0.0199532009764313
7699.0,0.8864035187353727,0.546442911,0.191930351,0.0,0.0,0.5782986686841851,0.4881211598175278,0.0,0.0,0.0,1.345840950435295,0.18001630976634012,0.0,87.35202699278558,0.0,-1.1102230246251565e-16,0.0,0.0,0.01995320120404545
7700.0,0.8804184437863085,0.555921598,0.191889346,0.0,0.0,0.5883299308025696,0.48801687507020125,0.0,0.0,0.0,1.3458394227308572,0.19592836208646242,0.0,87.44023398811156,0.0,0.0,5.551115123125783e-17,0.0,0.0199532014316596
7701.0,0.8884142469561854,0.568196402,0.203501932,0.0,0.0,0.6013203140039345,0.5175502392164524,0.0,0.05438521224519797,0.0,1.345837895028153,0.17607109401900345,0.0,87.5362378880682,0.0,0.0,0.0,0.0,0.019953201659273754
7702.0,0.9140012453699132,0.518444499,0.226546613,0.0,0.0,0.5486680447728223,0.5761579391385192,0.0,0.2108247385414282,0.0,1.3947830583478615,0.0,0.0,87.62251172557663,0.0,0.0,0.0,0.0,0.019953224308777263
7703.0,0.9399222944784725,0.277582999,0.273496648,0.0,0.0,0.2937651409500369,0.6955622200053505,0.0,0.049405066476914866,0.0,1.584523739775054,0.0,0.0,87.62251072603159,0.0,0.0,0.0,0.0,0.019953246958306484
7704.0,0.9423527274184325,0.014276586,0.320454006,0.0,0.0,0.015108862263482223,0.8149851248742467,0.0,0.0,0.11225874028070353,1.6289865009638445,0.0,0.0,87.62250972648657,0.0,0.0,1.1102230246251565e-16,0.0,0.02217029956429046
7705.0,0.9434469575790664,0.0,0.337563591,0.0,0.0,0.0,0.8584985683222638,0.0,0.0,0.08494838925680258,1.5167259115716942,0.0,0.0,87.62250872694155,0.0,0.0,1.1102230246251565e-16,0.0,0.022170324730491173
7706.0,0.9296930626245619,0.0,0.339463408,0.0,0.0,0.0,0.8633302214331419,0.0,0.0,0.06636284119142001,1.4317758006338077,0.0,0.0,87.62250772739654,0.0,0.0,1.1102230246251565e-16,0.0,0.02217034989672045
7707.0,0.9018747768774084,0.0,0.339915576,0.0,0.0,0.0,0.8644801842578979,0.0,0.0,0.037394592619510496,1.3654113341907232,0.0,0.0,87.62250672785153,0.0,0.0,0.0,0.0,0.022170375062978295
7708.0,0.8763006265673279,0.0,0.341824321,0.0,0.0,0.0,0.8693345432393801,0.0,0.0,0.006966083327947742,1.3280151916518448,0.0,0.0,87.62250572830655,0.0,0.0,1.1102230246251565e-16,0.0,0.022170400229264704
7709.0,0.8547543567506964,0.0,0.343196035,0.0,0.0,0.0,0.8728231140940125,0.0,0.01806875734331605,0.0,1.3210476008540124,0.0,0.0,87.62250472876158,0.0,0.0,0.0,0.0,0.019953382856021717
7710.0,0.8325742471541283,0.0,0.339558736,0.0,0.0,0.0,0.8635726615354011,0.0,0.03099841438127281,0.0,1.3373079829022338,0.0,0.0,87.6225037292166,0.0,0.0,0.0,0.0,0.01995340550573091
7711.0,0.818370668571966,0.0,0.330783761,0.0,0.0,0.0,0.8412559672134602,0.0,0.022885298641494165,0.0,1.3652050378269687,0.0,0.0,87.62250272967165,0.0,0.0,1.1102230246251565e-16,0.0,0.019953428155465813
7712.0,0.8113127769683468,0.0,0.32184026,0.0,0.0,0.0,0.8185106741516598,0.0,0.007197897183312955,0.0,1.3858002569191188,0.0,0.0,87.62250173012671,0.0,0.0,0.0,0.0,0.01995345080522642
7713.0,0.8128309945493438,0.0,0.31020986,0.0,0.0,0.0,0.7889320050794515,0.0,0.0,0.023898989469892332,1.392276791320655,0.0,0.0,87.62250073058179,0.0,0.0,1.1102230246251565e-16,0.0,0.022170526061125274
7714.0,0.823330036579849,0.0,0.297408794,0.0,0.0,0.0,0.7563760745022144,0.0,0.0,0.06695396207763449,1.3683762214356083,0.0,0.0,87.62249973103688,0.0,0.0,1.1102230246251565e-16,0.0,0.022170551227583088
7715.0,0.841951221466097,0.0,0.285269804,0.0,0.0,0.0,0.725503949030963,0.0,0.0,0.1164472724351341,1.3014207060730738,0.0,0.0,87.62249873149197,0.0,0.0,-1.1102230246251565e-16,0.0,0.02217057639406947
7716.0,0.8672855405080934,0.0,0.275495724,0.0,0.0,0.0,0.7006463106173839,0.0,0.0,0.16663922989070948,1.1849719563562537,0.0,0.0,87.62249773194708,0.0,0.0,0.0,0.0,0.02217060156058442
7717.0,0.8957869170991651,1.51e-05,0.264508147,0.0,0.0,1.5980278490850792e-05,0.6727024820312298,0.0,0.0,0.22306845478944445,1.0183313813683272,0.0,0.0,87.62249673240218,0.0,0.0,0.0,0.0,0.022170626727127937
7718.0,0.9105343987357325,0.079109534,0.240618321,0.0,0.0,0.0837213499736046,0.6119453922108765,0.0,0.0,0.21486765655125142,0.795261770640382,0.0,0.0,87.62249573285733,0.0,0.0,0.0,0.0,0.02217065189370002
7719.0,0.9117935128931743,0.452264306,0.196448008,0.0,0.0,0.47862977227492465,0.49961055668992643,0.0,0.06644681607167673,0.0,0.5803932113636369,0.0,0.0,87.62249473331246,0.0,-5.551115123125783e-17,0.0,0.0,0.019953609354270603
7720.0,0.9061167924316468,0.598386898,0.172434623,0.0,0.0,0.6332708129348562,0.43853922911576476,0.0,0.16569324961897422,0.0,0.6401946870063999,0.0,0.0,87.62249373376761,0.0,-1.1102230246251565e-16,5.551115123125783e-17,0.0,0.0199536320042369
7721.0,0.8986092172003697,0.604791946,0.172138176,0.0,0.0,0.640049253384344,0.4377852990952626,0.0,0.1792253352792369,0.0,0.7893178849592816,0.0,0.0,87.62249273422277,0.0,-1.1102230246251565e-16,0.0,0.0,0.019953654654228912
7722.0,0.8920888045993318,0.581213168,0.18172827,0.0,0.0,0.6150959130589171,0.46217502058354926,0.0,0.1851821290431346,0.0,0.9506197907321841,0.0,0.0,87.62249173467795,0.0,0.0,5.551115123125783e-17,0.0,0.019953677304246627
7723.0,0.8880116730419013,0.567238118,0.187312309,0.0,0.0,0.6003061653156347,0.47637646177794546,0.0,0.1886709540516788,0.0,1.1172826277939623,0.0,0.0,87.62249073513314,0.0,0.0,0.0,0.0,0.019953699954290055
7724.0,0.886255765543428,0.578791518,0.183110967,0.0,0.0,0.6125330891246543,0.46569152362644856,0.0,0.1919688472076748,0.0,1.2870852181794439,0.0,0.0,87.62248973558833,0.0,-1.1102230246251565e-16,0.0,0.0,0.019953722604359195
7725.0,0.8991102932426169,0.593668568,0.176820446,0.0,0.0,0.6282774203910326,0.4496933430865894,0.0,0.17886047023500506,0.0,1.4598557196573074,0.0,0.0,87.62248873604355,0.0,-1.1102230246251565e-16,5.551115123125783e-17,0.0,0.019953745254454047
7726.0,0.9341663440444529,0.568037146,0.192627427,0.0,0.0,0.6011517739223889,0.48989397763309545,0.0,0.15687940751103144,0.0,1.620828485742789,0.0,0.0,87.62248773649877,0.0,-1.1102230246251565e-16,0.0,0.0,0.019953767904574607
7727.0,0.9659718246235055,0.296010521,0.235525422,0.0,0.0,0.3132669246226382,0.5989930282217464,0.0,0.0,0.05371187177912093,1.7620181126516783,0.0,0.0,87.622486736954,0.0,0.0,0.0,0.0,0.04072037420341008
7728.0,0.9776700229944315,0.01557121,0.272953021,0.0,0.0,0.01647895842645833,0.6941796567975745,0.0,0.0,0.2670114077703986,1.708304240752937,0.0,0.0,87.62248573740924,0.0,0.0,0.0,0.0,0.04072042042638091
7729.0,0.9785329872894128,0.0,0.286978452,0.0,0.0,0.0,0.729849417265322,0.0,0.0,0.24868357002409078,1.4412908938351459,0.0,0.0,87.62248473786448,0.0,0.0,0.0,0.0,0.04072046664940423
7730.0,0.956813268073542,0.0,0.291288722,0.0,0.0,0.0,0.7408113833148017,0.0,0.0,0.21600188475874038,1.1926056877585227,0.0,0.0,87.62248373831974,0.0,0.0,0.0,0.0,0.040720512872480005
7731.0,0.9239178400350713,0.0,0.292439959,0.0,0.0,0.0,0.7437392325931311,0.0,0.0,0.18017860744194025,0.9766024492372879,0.0,0.0,87.62248273877503,0.0,0.0,0.0,0.0,0.04072055909560825
7732.0,0.8868960293751884,0.0,0.290609589,0.0,0.0,0.0,0.7390841985006065,0.0,0.0,0.14781183087458194,0.7964227332246093,0.0,0.0,87.62248173923031,0.0,0.0,0.0,0.0,0.04072060531878896
7733.0,0.8536772573949257,0.0,0.285297121,0.0,0.0,0.0,0.7255734221791817,0.0,0.0,0.12810383521574395,0.6486099983066903,0.0,0.0,87.62248073968563,0.0,0.0,1.1102230246251565e-16,0.0,0.040720651542022146
7734.0,0.8304949957138631,0.0,0.278651843,0.0,0.0,0.0,0.7086730164446564,0.0,0.0,0.12182197926920671,0.520505426834279,0.0,0.0,87.62247974014093,0.0,0.0,0.0,0.0,0.04072069776530781
7735.0,0.817379223240511,0.0,0.273315548,0.0,0.0,0.0,0.6951016428137684,0.0,0.0,0.12227758042674261,0.3986828567237471,0.0,0.0,87.62247874059625,0.0,0.0,0.0,0.0,0.040720743988645926
7736.0,0.81306868446682,0.0,0.267932355,0.0,0.0,0.0,0.6814109972384804,0.0,0.0,0.1316576872283396,0.27640482374013337,0.0,0.0,87.6224777410516,0.0,0.0,1.1102230246251565e-16,0.0,0.04072079021203652
7737.0,0.8219295932822863,0.0,0.25882442,0.0,0.0,0.0,0.6582475122941808,0.0,0.0,0.14474665844992526,0.14474682275638617,0.0,0.01893542253818034,87.62247674150694,0.0,0.0,0.0,0.0,0.040720836435479586
7738.0,0.8555487978262252,0.0,0.250607421,0.0,0.0,0.0,0.6373498738477243,0.0,0.0,0.0,0.0,0.0,0.21819892397850082,87.60354031942411,0.0,0.0,1.1102230246251565e-16,0.0,0.04072083689999846
7739.0,0.9177635983879833,0.0,0.244100798,0.0,0.0,0.0,0.6208020983202602,0.0,0.0,0.0,0.0,0.0,0.29696150006772304,87.38534039611699,0.0,0.0,1.1102230246251565e-16,0.0,0.04072083736451734
7740.0,0.9729740411113195,0.0,0.236006901,0.0,0.0,0.0,0.6002175353759471,0.0,0.0,0.0,0.0,0.0,0.37275650573537233,87.08837789920972,0.0,0.0,0.0,0.0,0.040720837829036224
7741.0,1.003445460261654,2e-05,0.224747211,0.0,0.0,2.1165931775961318e-05,0.5715816634914331,0.0,0.0,0.0,0.0,0.0,0.431842630838445,86.71562040002239,0.0,0.0,0.0,0.0,0.04072083829355511
7742.0,1.0172914332922978,0.101125403,0.178085392,0.0,0.0,0.1070206690357297,0.45291037939903045,0.0,0.0,0.0,0.0,0.0,0.4573603848575376,86.28377677998417,0.0,-1.3877787807814457e-17,5.551115123125783e-17,0.0,0.040720838758074016
7743.0,1.0156404519736115,0.553097306,0.124683013,0.0,0.0,0.5853409922131999,0.3170963664579756,0.0,0.0,0.0,0.0,0.0,0.11320309330243601,85.82641541085307,0.0,0.0,0.0,0.0,0.04072083922259292
7744.0,1.0071392900602714,0.651472487,0.119501419,0.0,0.0,0.6894511106878923,0.30391843154666215,0.0,0.0,0.0,0.0,0.0,0.013769747825716844,85.71321133849439,0.0,0.0,5.551115123125783e-17,0.0,0.040720839687111834
7745.0,0.995571714076427,0.628368497,0.120992338,0.0,0.0,0.6650002368832676,0.3077101669740308,0.0,0.0,0.0,0.0,0.0,0.02286131021912858,85.69944061290379,0.0,0.0,0.0,0.0,0.040720840151630744
7746.0,0.9854666805577743,0.596432293,0.124375239,0.0,0.0,0.6312022611309085,0.3163136293814323,0.0,0.0,0.0,0.0,0.0,0.037950790045433495,85.67657832507685,0.0,0.0,0.0,0.0,0.04072084061614966
7747.0,0.9776614575919998,0.579859447,0.129847823,0.0,0.0,0.6136632747424329,0.33023161596021394,0.0,0.0,0.0,0.0,0.0,0.0337665668893531,85.63862655768442,0.0,0.0,0.0,0.0,0.040720841080668584
7748.0,0.9726485558189196,0.590162539,0.135512857,0.0,0.0,0.6245670018601055,0.34463904528068506,0.0,0.0,0.0,0.0,0.0,0.003442508678129081,85.604859013881,0.0,0.0,0.0,0.0,0.04072084154518751
7749.0,0.9798370698096204,0.6022942,0.136827694,0.0,0.0,0.63740589731286,0.3479829653958054,0.0,0.005551792899045054,0.0,0.0,0.0,0.0,85.601415528674,0.0,0.0,0.0,0.0,0.03664871662569792
7750.0,1.006400524100548,0.553315766,0.156777798,0.0,0.0,0.5855721876859887,0.3987204743526889,0.0,0.0,0.0049966079373345434,0.004996613609140548,0.0,0.017111254124535714,85.60141455218441,0.0,0.0,0.0,0.0,0.04072084247422538
7751.0,1.0310795898565286,0.234511664,0.202238547,0.0,0.0,0.2481828940445582,0.5143371728708588,0.0,0.0,0.0,0.0,0.0,0.26855952294111163,85.58430232157028,0.0,-2.7755575615628914e-17,0.0,0.0,0.040720842938744325
7752.0,1.0383045068075636,0.005247303,0.23545307,0.0,0.0,0.005553202865289857,0.5988090211484974,0.0,0.0,0.0,0.0,0.0,0.4339422827937762,85.3157418223348,0.0,0.0,1.1102230246251565e-16,0.0,0.040720843403263283
7753.0,1.0330410670133596,0.0,0.2614715,0.0,0.0,0.0,0.6649796198165069,0.0,0.0,0.0,0.0,0.0,0.36806144719685274,84.88179856631024,0.0,0.0,0.0,0.0,0.040720843867782235
7754.0,1.0047688149373326,0.0,0.277444463,0.0,0.0,0.0,0.7056023831504958,0.0,0.0,0.0,0.0,0.0,0.2991664317868368,84.51373615083276,0.0,0.0,1.1102230246251565e-16,0.0,0.04072084433230119
7755.0,0.9654214975172767,0.0,0.293650107,0.0,0.0,0.0,0.7468169055210091,0.0,0.0,0.0,0.0,0.0,0.21860459199626758,84.21456875496392,0.0,0.0,1.1102230246251565e-16,0.0,0.04072084479682016
7756.0,0.9193225016305303,0.0,0.305957793,0.0,0.0,0.0,0.7781180620795669,0.0,0.0,0.0,0.0,0.0,0.14120443955096335,83.99596320229837,0.0,0.0,0.0,0.0,0.040720845261339136
7757.0,0.8782364075168643,0.0,0.319240521,0.0,0.0,0.0,0.8118989652203149,0.0,0.0,0.0,0.0,0.0,0.06633744229654936,83.85475780457186,0.0,0.0,0.0,0.0,0.04072084572585811
7758.0,0.8453559689326489,0.0,0.334078378,0.0,0.0,0.0,0.8496349039622111,0.0,0.0,0.0,0.0,0.004278935029562246,0.0,83.78841940571054,0.0,0.0,0.0,0.0,0.019953214633284776
7759.0,0.827786187194877,0.0,0.348552623,0.0,0.0,0.0,0.8864460972939162,0.0,0.0009645137863057631,0.0,0.0,0.0576953963127336,0.0,83.79051512806701,0.0,0.0,1.1102230246251565e-16,0.0,0.019953214860899078
7760.0,0.8218161017000679,0.0,0.361019213,0.0,0.0,0.0,0.9181513817268594,0.0,0.09633528002679147,0.0,0.0008680624076751868,0.0,0.0,83.81878491642833,0.0,0.0,0.0,0.0,0.01995323751041757
7761.0,0.8261887396413878,0.0,0.36855247,0.0,0.0,0.0,0.9373101136568787,0.0,0.11112137401549085,0.0,0.08756981344642384,0.0,0.0,83.81878396027392,0.0,0.0,1.1102230246251565e-16,0.0,0.01995326015996178
7762.0,0.8526751053104312,0.0,0.369651563,0.0,0.0,0.0,0.9401053492572519,0.0,0.0874302439468206,0.0,0.18757895065724328,0.0,0.0,83.81878300411951,0.0,0.0,0.0,0.0,0.01995328280953169
7763.0,0.9118706015150585,0.0,0.371214711,0.0,0.0,0.0,0.9440807789417756,0.0,0.03221017742671698,0.0,0.2662659572828876,0.0,0.0,83.81878204796513,0.0,0.0,-1.1102230246251565e-16,0.0,0.01995330545912732
7764.0,0.9686313820785101,0.0,0.370326189,0.0,0.0,0.0,0.941821071777673,0.0,0.0,0.026810310300837092,0.2952548147204568,0.0,0.0,83.81878109181075,0.0,0.0,0.0,0.0,0.022170364565276282
7765.0,1.0013662088213886,2.29e-05,0.352633039,0.0,0.0,2.423499188347571e-05,0.8968234939905857,0.0,0.0,0.10451847983891943,0.26844416926702186,0.0,0.0,83.8187801356564,0.0,-3.3881317890172014e-21,0.0,0.0,0.02217038973155078
7766.0,1.0167903572500505,0.100626504,0.293475355,0.0,0.0,0.10649268592587492,0.746372472691725,0.0,0.0,0.1639251986324506,0.16392538470907253,0.0,0.0,83.81877917950203,0.0,0.0,0.0,0.0,0.02217041489785384
7767.0,1.015950947811756,0.47638912,0.215624618,0.0,0.0,0.5041609806365125,0.5483809000243602,0.0,0.0,0.0,0.0,0.03659093284911657,0.0,83.81877822334769,0.0,-1.1102230246251565e-16,0.0,0.0,0.0199532166818136
7768.0,1.006783825859361,0.608159091,0.180609526,0.0,0.0,0.6436126914518325,0.4593298081615759,0.0,0.0,0.0,0.0,0.09615867375404731,0.0,83.83670682428942,0.0,-1.1102230246251565e-16,0.0,0.0,0.019953216909427928
7769.0,0.9927387072221829,0.600699814,0.192774875,0.0,0.0,0.6357185640478327,0.4902689703760243,0.0,0.0,0.0,0.0,0.13324882720167397,0.0,83.88382361807007,0.0,0.0,0.0,0.0,0.01995321713704226
7770.0,0.9812867641711648,0.573184045,0.208388974,0.0,0.0,0.6065987195769771,0.5299790635096824,0.0,0.0,0.0,0.0,0.15529101891549466,0.0,83.94911458650255,0.0,-1.1102230246251565e-16,1.1102230246251565e-16,0.0,0.01995321736465659
7771.0,0.9727063722853327,0.560304041,0.217586681,0.0,0.0,0.5929678552800716,0.5533708584244001,0.0,0.0,0.0,0.0,0.173632341419139,0.0,84.02520622813,0.0,0.0,1.1102230246251565e-16,0.0,0.019953217592270922
7772.0,0.9678947574693945,0.572870847,0.214329974,0.0,0.0,0.6062672632019588,0.5450883351562286,0.0,0.0,0.0,0.0,0.18346084088879278,0.0,84.11028511691624,0.0,-1.1102230246251565e-16,0.0,0.0,0.019953217819885263
7773.0,0.9728198638675511,0.590918001,0.21771028,0.0,0.0,0.6253665047176721,0.5536851979070195,0.0,0.0,0.0,0.0,0.20623183875714043,0.0,84.20017996947207,0.0,0.0,0.0,0.0,0.0199532180474996
7774.0,0.9999486347189628,0.539210061,0.2859312,0.0,0.0,0.570644168201897,0.727186024747162,0.0,0.0811947993946997,0.0,0.0,0.21668675883539654,0.0,84.30123260995795,0.0,0.0,1.1102230246251565e-16,0.0,0.019953106165953034
7775.0,1.0297048427662605,0.268403244,0.373322881,0.0,0.0,0.2840502375475349,0.9494423196263571,0.0,0.0,0.0,0.07307531945522974,0.20378771440763147,0.0,84.4074081601294,0.0,0.0,0.0,0.0,0.01995321850272829
7776.0,1.0417370918320181,0.013942799,0.441035435,0.0,0.0,0.014755616619997084,1.1216502597487974,0.0,0.0,0.0,0.07307523650524235,0.09466878453677648,0.0,84.50726317732008,0.0,-1.734723475976807e-18,2.220446049250313e-16,0.0,0.019953218730342635
7777.0,1.0387948760967713,0.0,0.477018166,0.0,0.0,0.0,1.2131622707340852,0.0,0.0,0.0,0.07307515355534915,0.17436739463731385,0.0,84.55364991773494,0.0,0.0,0.0,0.0,0.01995321895795699
7778.0,1.018809650873295,0.0,0.484404541,0.0,0.0,0.0,1.2319474493838505,0.0,0.0,0.0,0.07307507060555009,0.21313779851055575,0.0,84.63908897656992,0.0,0.0,2.220446049250313e-16,0.0,0.01995321918557134
7779.0,0.9843703090465324,0.0,0.480920226,0.0,0.0,0.0,1.2230860688356038,0.0,0.2299006842747948,0.0,0.0730749876558452,0.008815075514276426,0.0,84.74352553232814,0.0,0.0,0.0,0.0,0.019953219413185695
7780.0,0.944181440837574,0.0,0.475013883,0.0,0.0,0.0,1.2080649375740862,0.0,0.26388349673651207,0.0,0.27998552055354975,0.0,0.0,84.74784395262684,0.0,0.0,0.0,0.0,0.019953242062709358
7781.0,0.9100911391598984,0.0,0.464104339,0.0,0.0,0.0,1.1803195640955562,0.0,0.27022842493565774,0.0,0.5174803497964467,0.0,0.0,84.7478429858743,0.0,0.0,0.0,0.0,0.019953264712258733
7782.0,0.8873799746125725,0.0,0.449716369,0.0,0.0,0.0,1.1437277870929714,0.0,0.256347812480399,0.0,0.7606853448310692,0.0,0.0,84.74784201912175,0.0,0.0,2.220446049250313e-16,0.0,0.019953287361833813
7783.0,0.8736731893714417,0.0,0.427985514,0.0,0.0,0.0,1.0884614360903282,0.0,0.21478824671888663,0.0,0.9913975125866729,0.0,0.0,84.7478410523692,0.0,0.0,2.220446049250313e-16,0.0,0.01995331001143461
7784.0,0.8700328933380216,0.0,0.399519874,0.0,0.0,0.0,1.0160670433361139,0.0,0.1460341499980923,0.0,1.1847058092686122,0.0,0.0,84.74784008561669,0.0,0.0,0.0,0.0,0.019953332661061113
7785.0,0.8769623039051673,0.0,0.369627926,0.0,0.0,0.0,0.9400452351596403,0.0,0.06308293125447317,0.0,1.3161351994717903,0.0,0.0,84.74783911886418,0.0,0.0,1.1102230246251565e-16,0.0,0.019953355310713322
7786.0,0.9077056745827042,0.0,0.348526833,0.0,0.0,0.0,0.8863805076430554,0.0,0.0,0.021325166939648844,1.372908343616267,0.0,0.0,84.74783815211167,0.0,0.0,0.0,0.0,0.022170419955990277
7787.0,0.9632159063911456,0.0,0.331794732,0.0,0.0,0.0,0.8438270891568671,0.0,0.0,0.11938881723427858,1.3515816182471703,0.0,0.0,84.74783718535917,0.0,0.0,0.0,0.0,0.02217044512232765
7788.0,1.0152807050714852,0.0,0.319444248,0.0,0.0,0.0,0.8124170878570318,0.0,0.0,0.20286361721445323,1.2321912667920494,0.0,0.0,84.74783621860671,0.0,0.0,1.1102230246251565e-16,0.0,0.022170470288693584
7789.0,1.0420904146823207,1.28e-05,0.299986952,0.0,0.0,1.3546196336615242e-05,0.762932898196831,0.0,0.0,0.2791439702891532,1.0293262508803234,0.0,0.0,84.74783525185424,0.0,0.0,0.0,0.0,0.022170495455088094
7790.0,1.0422702881333836,0.087256599,0.250000863,0.0,0.0,0.09234336107182073,0.635807263244899,0.0,0.0,0.2932786472456189,0.750181112172063,0.0,0.020841016571044986,84.74783428510176,0.0,-1.3877787807814457e-17,1.1102230246251565e-16,0.0,0.0407208610549873
7791.0,1.0315528283408733,0.486871223,0.18621174,0.0,0.0,0.5152541544848424,0.4735774723844481,0.0,0.0,0.042721201471582815,0.4569016133733583,0.0,0.0,84.72699230177828,0.0,0.0,0.0,0.0,0.022170545787962802
7792.0,1.015186485644738,0.593310706,0.134762752,0.0,0.0,0.6278986962571721,0.342731363037219,0.0,0.0,0.04455642635034679,0.4141798932590471,0.0,0.0,84.72699133526358,0.0,0.0,0.0,0.0,0.02217057095444301
7793.0,0.9955438765185244,0.583962381,0.118886276,0.0,0.0,0.6180053957986964,0.30235398739778635,0.0,0.0,0.07518449332204162,0.36962299676067806,0.0,0.0,84.7269903687489,0.0,0.0,5.551115123125783e-17,0.0,0.02217059612095179
7794.0,0.9805351501077939,0.554785591,0.115948188,0.0,0.0,0.5871276984696189,0.2948817824300272,0.0,0.0,0.09852566920814781,0.29443808386848414,0.0,0.0,84.72698940223424,0.0,0.0,0.0,0.0,0.022170621287489128
7795.0,0.9701538823607229,0.538036141,0.118305905,0.0,0.0,0.5694018126703752,0.3008779761042706,0.0,0.0,0.09987409358607723,0.19591208043483416,0.0,0.0,84.72698843571956,0.0,0.0,0.0,0.0,0.022170646454055042
7796.0,0.9634407482049745,0.54777865,0.120579326,0.0,0.0,0.5797122767114097,0.30665978648231507,0.0,0.0,0.0770686850112498,0.09603776446307707,0.0,0.0,84.72698746920493,0.0,-1.1102230246251565e-16,0.0,0.0,0.022170671620649514
7797.0,0.9702588085405096,0.554457323,0.143325991,0.0,0.0,0.5867802935650073,0.3645095660712701,0.0,0.0,0.018968948904232286,0.018968970436479698,0.0,0.0,84.72698650269028,0.0,0.0,-5.551115123125783e-17,0.0,0.02217069678727256
7798.0,0.9953854165735402,0.487057196,0.216840354,0.0,0.0,0.5154509690763509,0.5514727844671284,0.0,0.0,0.0,1.072889695289606e-19,0.07153833696993922,0.0,84.72698553617566,0.0,0.0,0.0,0.0,0.019953223737858943
7799.0,1.0206233748381812,0.211496538,0.322339859,0.0,0.0,0.2238260647080005,0.8197812644572217,0.0,0.0,0.0,1.0728884774203261e-19,0.022983954327040857,0.0,84.76203835477631,0.0,0.0,0.0,0.0,0.019953223965473353
7800.0,1.0259938821627799,0.005332439,0.40553332,0.0,0.0,0.005643302003673769,1.0313605611186143,0.0,0.0,0.0,1.0728872595524287e-19,0.01100998095950828,0.0,84.77329952548207,0.0,0.0,2.220446049250313e-16,0.0,0.019953224193087763
7801.0,1.022531318229815,0.0,0.449324303,0.0,0.0,0.0,1.1427306768931103,0.0,0.0,0.0,1.0728860416859138e-19,0.1201993586632953,0.0,84.7786934491093,0.0,0.0,2.220446049250313e-16,0.0,0.019953224420702177
7802.0,1.0020921266774647,0.0,0.468696901,0.0,0.0,0.0,1.1919994608825626,0.0,-1.1920928955078125e-19,0.0,1.0728848238207812e-19,0.18990733420509778,0.0,84.83759016774984,0.0,0.0,0.0,0.0,0.019953224648316593
7803.0,0.9701817199186255,0.0,0.485899491,0.0,0.0,0.0,1.2357494365321429,0.0,0.04888095777812082,0.0,0.0,0.21668675883539654,0.0,84.93064379373402,0.0,0.0,0.0,0.0,0.017957700592348424
7804.0,0.929528178627754,0.0,0.49593789,0.0,0.0,0.0,1.261279296385268,0.0,0.11506435892211732,0.0,0.04399286200030874,0.21668675883539654,0.0,85.03681933672553,0.0,0.0,0.0,0.0,0.017957720976696234
7805.0,0.8930417056198448,0.0,0.497204128,0.0,0.0,0.0,1.2644996185383028,0.0,0.1547711540830614,0.0,0.1475507350925969,0.21668675883539654,0.0,85.14299487850586,0.0,0.0,0.0,0.0,0.01795774136106719
7806.0,0.8643411834222388,0.0,0.48783134,0.0,0.0,0.0,1.2406625540748306,0.0,0.15963461181719532,0.0,0.2868446062780862,0.21668675883539654,0.0,85.249170419075,0.0,0.0,0.0,0.0,0.01795776174546128
7807.0,0.8451568233261146,0.0,0.469769866,0.0,0.0,0.0,1.1947282472236223,0.0,0.13288466506211108,0.0,0.4305154313076441,0.21668675883539654,0.0,85.35534595843295,0.0,0.0,0.0,0.0,0.017957782129878506
7808.0,0.8372830771408877,0.0,0.447628234,0.0,0.0,0.0,1.1384171998265753,0.0,0.08444736385029099,0.0,0.5501111411725625,0.21668675883539654,0.0,85.46152149657972,0.0,0.0,0.0,0.0,0.017957802514318874
7809.0,0.8383045013808532,0.0,0.421340764,0.0,0.0,0.0,1.0715623731761073,0.0,0.016571112959857373,0.0,0.6261131441901648,0.21668675883539654,0.0,85.56769703351532,0.0,0.0,0.0,0.0,0.01795782289878238
7810.0,0.8477307267568035,0.0,0.398588696,0.0,0.0,0.0,1.013698852568013,0.0,0.0,0.05071863302418695,0.641026435134223,0.21668675883539654,0.0,85.6738725692397,0.0,0.0,0.0,0.0,0.01995315920363225
7811.0,0.871461174193487,0.0,0.381515941,0.0,0.0,0.0,0.9702790759226795,0.0,0.0,0.1178688571062042,0.5903070744616987,0.21668675883539654,0.0,85.7800481037529,0.0,0.0,0.0,0.0,0.019953181853087566
7812.0,0.9011595657743717,0.0,0.368620566,0.0,0.0,0.0,0.937483296784642,0.0,0.0,0.18036302782512612,0.4724375472802251,0.21668675883539654,0.0,85.88622363705494,0.0,0.0,1.1102230246251565e-16,0.0,0.019953204502568597
7813.0,0.9302648032368697,2.7e-06,0.356576769,0.0,0.0,2.8574007897547777e-06,0.9068532680809128,0.0,0.0,0.2325176037557942,0.2920739831770659,0.2091089260006271,0.0,85.99239916914577,0.0,0.0,0.0,0.0,0.019953227152075332
7814.0,0.9477103866393837,0.076316903,0.323969391,0.0,0.0,0.08076591811253288,0.8239255232764001,0.0,0.0,0.04301894525045069,0.05955604787933124,0.0,0.0,86.09486156193637,0.0,0.0,0.0,0.0,0.01995324980160778
7815.0,0.9537125923933112,0.228152208,0.273559817,0.0,0.0,0.2414527034531468,0.6957228726868251,0.0,0.0,0.01653701625333935,0.01653703502502392,0.0,0.0,86.09486057981785,0.0,-2.7755575615628914e-17,0.0,0.0,0.019953272451165936
7816.0,0.9497618005217463,0.343417603,0.23336319,0.0,0.0,0.36343767778810837,0.5934939959627236,0.0,0.0,0.0,0.0,0.007169873229085553,0.0,86.09485959769934,0.0,5.551115123125783e-17,-1.1102230246251565e-16,0.0,0.01995322783491868
7817.0,0.9293375984236515,0.405751119,0.246848064,0.0,0.0,0.42940502513869805,0.6277890009089355,0.0,0.0,0.0,0.0,0.12785642762398217,0.0,86.09837185346308,0.0,0.0,1.1102230246251565e-16,0.0,0.019953228062533135
7818.0,0.9010225193354665,0.422302309,0.290620681,0.0,0.0,0.4469210930562467,0.6707881851146165,0.0,0.0,0.0,0.0,0.21668675883539654,0.0,86.16102052084027,0.0,-5.551115123125783e-17,0.06832422278526673,0.0,1.05e-08
7819.0,0.8764505211098805,0.412983042,0.338206714,0.0,0.0,0.43705854458004834,0.6560787353652286,0.0,0.0,0.0,0.0,0.21668675883539654,0.0,86.2671960497964,0.0,0.0,0.20405543640917156,0.0,1.05e-08
7820.0,0.8604417839652635,0.399546695,0.378432598,0.0,0.0,0.4228389043840412,0.6542896384166189,0.0,0.0,0.0,0.0,0.21668675883539654,0.0,86.3733715775413,0.0,0.0,0.308147817077433,0.0,1.05e-08
7821.0,0.8538742616508519,0.379191589,0.444178689,0.0,0.0,0.40129716513961816,0.6692638553466304,0.0,0.0,0.0,0.0,0.21668675883539654,0.0,86.47954710407507,0.0,0.0,0.4603803917006175,0.0,1.05e-08
7822.0,0.86358742800826,0.318713668,0.554103444,0.0,0.0,0.3372935876477193,0.7429805991959373,0.0,0.0,0.0,0.0,0.21668675883539654,0.0,86.58572262939761,0.0,0.0,0.6662265133579628,0.0,1.05e-08
7823.0,0.8806175893928426,0.198900197,0.63689343,0.0,0.0,0.21049539999636327,0.886808948231876,0.0,0.0,0.0,0.0,0.21668675883539654,0.0,86.69189815350899,0.0,0.0,0.7329513351834525,0.0,1.05e-08
7824.0,0.8900523801712245,0.010882954,0.688663741,0.0,0.0,0.011517393094246266,1.0952217459123748,0.0,0.0,0.0,0.0,0.21668675883539654,0.0,86.79807367640917,0.0,0.0,0.6562018420182156,0.0,1.05e-08
7825.0,0.8958811365259125,0.0,0.704710307,0.0,0.0,0.0,1.1125678953613092,0.0,0.0,0.0,0.0,0.21668675883539654,0.0,86.90424919809816,0.0,0.0,0.6796656445450817,0.0,1.05e-08
7826.0,0.8911787305909769,0.0,0.712426627,0.0,0.0,0.0,1.1078654894263733,0.0,0.0,0.0,0.0,0.21668675883539654,0.0,87.01042471857596,0.0,0.0,0.7039923519430162,0.0,1.05e-08
7827.0,0.8775683061272013,0.0,0.716999177,0.0,0.0,0.0,1.094255064962598,0.0,0.0,0.0,0.0,0.21668675883539654,0.0,87.11660023784259,0.0,0.0,0.7292317782696791,0.0,1.05e-08
7828.0,0.8596066572281847,0.0,0.716900652,0.0,0.0,0.0,1.0762934160635813,0.0,0.0,0.0,0.0,0.21668675883539654,0.0,87.22277575589803,0.0,0.0,0.746942856391221,0.0,1.05e-08
7829.0,0.8400175818671686,0.0,0.711469504,0.0,0.0,0.0,1.0567043407025651,0.0,0.0,0.0,0.0,0.21668675883539654,0.0,87.32895127274229,0.0,0.0,0.7527193260487202,0.0,1.05e-08
7830.0,0.8227946989278755,0.0,0.700247126,0.0,0.0,0.0,1.039481457763272,0.0,0.0,0.0,0.0,0.21668675883539654,0.0,87.43512678837534,0.0,0.0,0.7414012297383548,0.0,1.05e-08
7831.0,0.8111307621666758,0.0,0.682985091,0.0,0.0,0.0,1.0278175210020724,0.0,0.0,0.0,0.0,0.21668675883539654,0.0,87.54130230279722,0.0,0.0,0.7091640091207991,0.0,1.05e-08
7832.0,0.8056296324549956,0.0,0.66923835,0.0,0.0,0.0,1.0223163912903923,0.0,0.0,0.0,0.0,0.21668675883539654,0.0,87.6474778160079,0.0,0.0,0.6797041484228321,0.0,1.05e-08
7833.0,0.8089123229368974,0.0,0.660340475,0.0,0.0,0.0,1.025599081772294,0.0,0.0,0.0,0.0,0.21668675883539654,0.0,87.75365332800742,0.0,0.0,0.6537922018473417,0.0,1.05e-08
7834.0,0.8268247207719324,0.0,0.655916027,0.0,0.0,0.0,1.043511479607329,0.0,0.0,0.0,0.0,0.21668675883539654,0.0,87.85982883879574,0.0,0.0,0.6246274581584068,0.0,1.05e-08
7835.0,0.855979209298412,0.0,0.655942454,0.0,0.0,0.0,1.0726659681338087,0.0,0.0,0.0,0.0,0.21668675883539654,0.0,87.96600434837286,0.0,0.0,0.5955401793141026,0.0,1.05e-08
7836.0,0.8852557548095414,0.0,0.653383013,0.0,0.0,0.0,1.101942513644938,0.0,0.0,0.0,0.0,0.21668675883539654,0.0,88.07217985673881,0.0,0.0,0.5597544115622215,0.0,1.05e-08
7837.0,0.9078748412807279,4.25e-06,0.644006655,0.0,0.0,4.4977605023917794e-06,1.124557102355622,0.0,0.0,0.0,0.0,0.21668675883539654,0.0,88.17835536389356,0.0,0.0,0.5132936790916878,0.0,1.05e-08
7838.0,0.9222090422499717,0.14506383,0.59646482,0.0,0.0,0.1535205564469825,0.9853752446383858,0.0,0.0,0.0,0.0,0.21668675883539654,0.0,88.28453086983714,0.0,0.0,0.531566178184068,0.0,1.05e-08
7839.0,0.9260442011887102,0.423270635,0.517653858,0.0,0.0,0.44794586915889123,0.6947850908652156,0.0,0.0,0.0,0.0,0.21668675883539654,0.0,88.39070637456952,0.0,-5.551115123125783e-17,0.6217226956024797,0.0,1.05e-08
7840.0,0.9222475865609138,0.542228703,0.553792133,0.0,0.0,0.5738387867332996,0.5650955586630108,0.0,0.0,0.0,0.0,0.21668675883539654,0.0,88.49688187809072,0.0,0.0,0.8433198214442376,0.0,1.05e-08
7841.0,0.9131468464773634,0.557830686,0.57650477,0.0,0.0,0.5903503121206849,0.539483293192075,0.0,0.0,0.0,0.0,0.21668675883539654,0.0,88.60305738040073,0.0,0.0,0.9266953258046522,0.0,1.05e-08
7842.0,0.9064465604252625,0.532039611,0.588257087,0.0,0.0,0.5630557054267499,0.5600776138339092,0.0,0.0,0.0,0.0,0.21668675883539654,0.0,88.70923288149956,0.0,0.0,0.9359897360211451,0.0,1.05e-08
7843.0,0.9031938488518712,0.52054084,0.594699692,0.0,0.0,0.5508865953020797,0.5689940123851879,0.0,0.0,0.0,0.0,0.21668675883539654,0.0,88.8154083813872,0.0,0.0,0.9434583011218433,0.0,1.05e-08
7844.0,0.9037613067629632,0.53243635,0.599850662,0.0,0.0,0.563475572957093,0.5569724926412666,0.0,0.0,0.0,0.0,0.21668675883539654,0.0,88.92158388006365,0.0,0.0,0.968579872199414,0.0,1.05e-08
7845.0,0.9154573637832812,0.55114255,0.609736214,0.0,0.0,0.5832722806064674,0.5488718420122104,0.0,0.0,0.0,0.0,0.21668675883539654,0.0,89.02775937752892,0.0,0.0,1.0018216590924083,0.0,1.05e-08
7846.0,0.9421921261228403,0.48260893,0.649838157,0.0,0.0,0.5107433843424845,0.6481355006157523,0.0,0.0,0.0,0.0,0.21668675883539654,0.0,89.133934873783,0.0,0.0,1.004546074944565,0.0,1.05e-08
7847.0,0.95822870082536,0.205222179,0.660984869,0.0,0.0,0.21718593198140607,0.9577295276793506,0.0,0.0,0.0,0.0,0.21668675883539654,0.0,89.2401103688259,0.0,-2.7755575615628914e-17,0.7233005918253893,0.0,1.05e-08
7848.0,0.9607811907499699,0.004957586,0.638970665,0.0,0.0,0.005246596352473048,1.1722213532328936,0.0,0.0,0.0,0.0,0.21668675883539654,0.0,89.3462858626576,0.0,-8.673617379884035e-19,0.4528217963478469,0.0,1.05e-08
7849.0,0.9555691433703555,0.0,0.617176109,0.0,0.0,0.0,1.172255902205752,0.0,0.0,0.0,0.0,0.21668675883539654,0.0,89.4524613552781,0.0,0.0,0.3973588906976848,0.0,1.05e-08
7850.0,0.9355111122262104,0.0,0.604369804,0.0,0.0,0.0,1.152197871061607,0.0,0.0,0.0,0.0,0.21668675883539654,0.0,89.55863684668745,0.0,0.0,0.38484766733357856,0.0,1.05e-08
7851.0,0.9069776153760202,0.0,0.593736457,0.0,0.0,0.0,1.1236643742114167,0.0,0.0,0.0,0.0,0.21668675883539654,0.0,89.66481233688559,0.0,0.0,0.38633822051519684,0.0,1.05e-08
7852.0,0.8734012378442392,0.0,0.574842509,0.0,0.0,0.0,1.0900879966796357,0.0,0.0,0.0,0.0,0.21668675883539654,0.0,89.77098782587257,0.0,0.0,0.37186312644157216,0.0,1.05e-08
7853.0,0.8411674871436078,0.0,0.550645738,0.0,0.0,0.0,1.0578542459790043,0.0,0.0,0.0,0.0,0.21668675883539654,0.0,89.87716331364834,0.0,0.0,0.34255915857491415,0.0,1.05e-08
7854.0,0.815700404363922,0.0,0.527912972,0.0,0.0,0.0,1.0323871631993187,0.0,0.0,0.0,0.0,0.21668675883539654,0.0,89.98333880021292,0.0,0.0,0.3102118099842299,0.0,1.05e-08
7855.0,0.7966188290969768,0.0,0.509893219,0.0,0.0,0.0,1.0133055879323734,0.0,0.0,0.0,0.0,0.21668675883539654,0.0,90.08951428556632,0.0,0.0,0.28346518409300936,0.0,1.05e-08
7856.0,0.7864217175021846,0.0,0.49250864,0.0,0.0,0.0,1.0031084763375813,0.0,0.0,0.0,0.0,0.21668675883539654,0.0,90.19568976970855,0.0,0.0,0.24944948192381555,0.0,1.05e-08
7857.0,0.7844752297996088,0.0,0.472943811,0.0,0.0,0.0,1.0989739247788042,0.0,0.09781193614379882,0.0,0.0,0.21668675883539654,0.0,90.30186525263957,0.0,0.0,0.10382636371669096,0.0,1.05e-08
7858.0,0.790017045172839,0.0,0.449532976,0.0,0.0,0.0,1.1432613782973016,0.0,0.13655757428906595,0.0,0.08803074252941895,0.21668675883539654,0.0,90.40804073435942,0.0,0.0,0.0,0.0,1.050001191887853e-08
7859.0,0.8067431347711006,0.0,0.427398941,0.0,0.0,0.0,1.0869696517446743,0.0,0.0635397581381772,0.0,0.21093245946324155,0.21668675883539654,0.0,90.51421621486807,0.0,0.0,0.0,0.0,1.0500023837770588e-08
7860.0,0.8347884036826909,0.0,0.4129002,0.0,0.0,0.0,1.0500961596891425,0.0,0.0,0.0013790028289449472,0.2681180023518383,0.21668675883539654,0.0,90.62039169416555,0.0,0.0,0.0,0.0,1.166670639630686e-08
7861.0,0.8657887364331753,6.1e-06,0.399759329,0.0,0.0,6.455609191668201e-06,1.0166760301467728,0.0,0.0,0.06579300951260751,0.26673869517410537,0.21668675883539654,0.0,90.72656717225185,0.0,0.0,0.0,0.0,1.1666719639550327e-08
7862.0,0.8938768323569235,0.080728423,0.356351098,0.0,0.0,0.08543461467994731,0.9062793370185078,0.0,0.0,0.11884963949386494,0.2009453828784028,0.21668675883539654,0.0,90.83274264912694,0.0,0.0,0.0,0.0,1.1666732882808823e-08
7863.0,0.9093159702398407,0.33113739,0.272672306,0.0,0.0,0.3504415702604948,0.6934657367184194,0.0,0.0,0.08209542209632313,0.0820955152854054,0.21668675883539654,0.0,90.93891812479085,0.0,-5.551115123125783e-17,0.0,0.0,1.1666746126082354e-08
7864.0,0.9152368046706681,0.471353945,0.269283496,0.0,0.0,0.49883227211001113,0.6330912913960535,0.0,0.0,0.0,0.0,0.21668675883539654,0.0,91.04509359924357,0.0,-5.551115123125783e-17,0.05175595502636676,0.0,1.05e-08
7865.0,0.9108620253787403,0.521425473,0.328627296,0.0,0.0,0.551822799388318,0.5757259848258188,0.0,0.0,0.0,0.0,0.21668675883539654,0.0,91.15126907248512,0.0,-1.1102230246251565e-16,0.26004561687993755,0.0,1.05e-08
7866.0,0.9015021818716348,0.510811494,0.390162329,0.0,0.0,0.5405900616190437,0.5775988790879877,0.0,0.0,0.0,0.0,0.21668675883539654,0.0,91.25744454451547,0.0,0.0,0.41466986609128753,0.0,1.05e-08
7867.0,0.8940181614970445,0.505331596,0.435566692,0.0,0.0,0.5347907042586824,0.5759142160737587,0.0,0.0,0.0,0.0,0.21668675883539654,0.0,91.36362001533465,0.0,-1.1102230246251565e-16,0.5318278256053288,0.0,1.05e-08
7868.0,0.8877504282677382,0.524267752,0.46725903,0.0,0.0,0.5548307735584302,0.5496064135447044,0.0,0.0,0.0,0.0,0.21668675883539654,0.0,91.46979548494262,0.0,0.0,0.6387362246595732,0.0,1.05e-08
7869.0,0.8901144793388533,0.547977415,0.500652069,0.0,0.0,0.579922629032882,0.526878609141368,0.0,0.0,0.0,0.0,0.21668675883539654,0.0,91.57597095333942,0.0,0.0,0.7463898828509432,0.0,1.05e-08
7870.0,0.9085986177861961,0.500062157,0.577481074,0.0,0.0,0.5292140749401029,0.5960713016814897,0.0,0.0,0.0,0.0,0.21668675883539654,0.0,91.68214642052503,0.0,0.0,0.8725902734414132,0.0,1.05e-08
7871.0,0.9286245286712227,0.255415024,0.633563657,0.0,0.0,0.2703048486269761,0.875006438879643,0.0,0.0,0.0,0.0,0.21668675883539654,0.0,91.78832188649945,0.0,-5.551115123125783e-17,0.7362854983349894,0.0,1.05e-08
7872.0,0.9347081057482501,0.00810939,0.654767546,0.0,0.0,0.008582139774233145,1.1428127248094135,0.0,0.0,0.0,0.0,0.21668675883539654,0.0,91.8944973512627,0.0,0.0,0.5224053727930675,0.0,1.05e-08
7873.0,0.9295667229386961,0.0,0.660092977,0.0,0.0,0.0,1.1462534817740928,0.0,0.0,0.0,0.0,0.21668675883539654,0.0,92.00067281481475,0.0,0.0,0.5325083599142222,0.0,1.05e-08
7874.0,0.9127763928221977,0.0,0.648896824,0.0,0.0,0.0,1.1294631516575941,0.0,0.0,0.0,0.0,0.21668675883539654,0.0,92.10684827715562,0.0,0.0,0.5208244067327421,0.0,1.05e-08
7875.0,0.8852107864467756,0.0,0.632896971,0.0,0.0,0.0,1.1018975452821722,0.0,0.0,0.0,0.0,0.21668675883539654,0.0,92.2130237382853,0.0,0.0,0.5076988625810126,0.0,1.05e-08
7876.0,0.8528078690481207,0.0,0.618388225,0.0,0.0,0.0,1.0694946278835173,0.0,0.0,0.0,0.0,0.21668675883539654,0.0,92.31919919820379,0.0,0.0,0.5032028430052966,0.0,1.05e-08
7877.0,0.8210130952221075,0.0,0.603587524,0.0,0.0,0.0,1.0376998540575042,0.0,0.0,0.0,0.0,0.21668675883539654,0.0,92.4253746569111,0.0,0.0,0.49735617398190635,0.0,1.05e-08
7878.0,0.7933896723802724,0.0,0.587389354,0.0,0.0,0.0,1.010076431215669,0.0,0.0,0.0,0.0,0.21668675883539654,0.0,92.53155011440724,0.0,0.0,0.4837840824815547,0.0,1.05e-08
7879.0,0.775689268255419,0.0,0.575204039,0.0,0.0,0.0,0.9923760270908155,0.0,0.0,0.0,0.0,0.21668675883539654,0.0,92.63772557069217,0.0,0.0,0.4704945464559731,0.0,1.05e-08
7880.0,0.7648561755300821,0.0,0.56646729,0.0,0.0,0.0,0.9815429343654788,0.0,0.0,0.0,0.0,0.21668675883539654,0.0,92.74390102576592,0.0,0.0,0.45910816199755466,0.0,1.05e-08
7881.0,0.7614150251031961,0.0,0.563070391,0.0,0.0,0.0,0.9781017839385928,0.0,0.0,0.0,0.0,0.21668675883539654,0.0,92.85007647962848,0.0,0.0,0.4539102500196468,0.0,1.05e-08
7882.0,0.7666078003273396,0.0,0.566043455,0.0,0.0,0.0,0.9832945591627362,0.0,0.0,0.0,0.0,0.21668675883539654,0.0,92.95625193227986,0.0,0.0,0.45627863143555847,0.0,1.05e-08
7883.0,0.7819077504207437,0.0,0.569947898,0.0,0.0,0.0,0.9985945092561402,0.0,0.0,0.0,0.0,0.21668675883539654,0.0,93.06242738372005,0.0,0.0,0.4509085399375855,0.0,1.05e-08
7884.0,0.8033062670454304,0.0,0.565739304,0.0,0.0,0.0,1.019993025880827,0.0,0.0,0.0,0.0,0.21668675883539654,0.0,93.16860283394907,0.0,0.0,0.4188066417279763,0.0,1.05e-08
7885.0,0.8315763777708496,0.0,0.550569929,0.0,0.0,0.0,1.0482631366062463,0.0,0.0,0.0,0.0,0.21668675883539654,0.0,93.27477828296689,0.0,0.0,0.3519574689619369,0.0,1.05e-08
7886.0,0.8571805069894406,0.055473464,0.509641706,0.0,0.0,0.058707377720012305,1.015159888104825,0.0,0.0,0.0,0.0,0.21668675883539654,0.0,93.38095373077351,0.0,0.0,0.2809712309598378,0.0,1.05e-08
7887.0,0.8674075974927433,0.421062214,0.506078726,0.0,0.0,0.44560870474796116,0.6384856515801787,0.0,0.0,0.0,0.0,0.21668675883539654,0.0,93.48712917736897,0.0,0.0,0.6485840245134,0.0,1.05e-08
7888.0,0.8708358998159819,0.5380508,0.538278107,0.0,0.0,0.5694173262400705,0.518105332411308,0.0,0.0,0.0,0.0,0.21668675883539654,0.0,93.59330462275324,0.0,-1.1102230246251565e-16,0.8508544622447406,0.0,1.05e-08
7889.0,0.8736003834507733,0.558202459,0.546042294,0.0,0.0,0.5907437582183922,0.4995433840677777,0.0,0.0,0.0,0.0,0.21668675883539654,0.0,93.69948006692631,0.0,0.0,0.8891624483761151,0.0,1.05e-08
7890.0,0.8733776829875524,0.547064132,0.550347898,0.0,0.0,0.5789561047493749,0.5111083370735741,0.0,0.0,0.0,0.0,0.21668675883539654,0.0,93.8056555098882,0.0,-1.1102230246251565e-16,0.8885475947540005,0.0,1.05e-08
7891.0,0.8741935375691601,0.540955762,0.553212476,0.0,0.0,0.5724916376152583,0.5183886587892983,0.0,0.0,0.0,0.0,0.21668675883539654,0.0,93.91183095163892,0.0,-1.1102230246251565e-16,0.8885525258837097,0.0,1.05e-08
7892.0,0.8766560907682384,0.558449792,0.555922459,0.0,0.0,0.5910055098885894,0.5023373397150456,0.0,0.0,0.0,0.0,0.21668675883539654,0.0,94.01800639217844,0.0,0.0,0.9114959286651704,0.0,1.05e-08
7893.0,0.8905748697195507,0.581281524,0.561773589,0.0,0.0,0.615168253980541,0.49209337457440616,0.0,0.0,0.0,0.0,0.21668675883539654,0.0,94.12418183150676,0.0,0.0,0.9366206062463508,0.0,1.05e-08
7894.0,0.9281876931472123,0.526563657,0.55362371,0.0,0.0,0.5572605219881348,0.5876139299944741,0.0,0.0,0.0,0.0,0.21668675883539654,0.0,94.23035726962392,0.0,-1.1102230246251565e-16,0.8203731133246029,0.0,1.05e-08
7895.0,0.9607726253475384,0.214793533,0.547468831,0.0,0.0,0.2273152632697848,0.9501441209131501,0.0,0.0,0.0,0.0,0.21668675883539654,0.0,94.3365327065299,0.0,-2.7755575615628914e-17,0.4421897093504442,0.0,1.05e-08
7896.0,0.9765436725746791,0.01422748,0.549566388,0.0,0.0,0.015056893551192704,1.178173537858883,0.0,0.0,0.0,0.0,0.21668675883539654,0.0,94.44270814222467,0.0,1.734723475976807e-18,0.21949484189252755,0.0,1.05e-08
7897.0,0.9772717317813632,0.0,0.539715236,0.0,0.0,0.0,1.2902065476886257,0.0,0.09624805707186597,0.0,0.0,0.21668675883539654,0.0,94.54888357670826,0.0,0.0,0.08240818257626481,0.0,1.05e-08
7898.0,0.9538089531706664,0.0,0.521937942,0.0,0.0,0.0,1.3274031557510857,0.0,0.15690744374502266,0.0,0.08662325136467937,0.21668675883539654,0.0,94.65505900998068,0.0,0.0,0.0,0.0,1.050001191887853e-08
7899.0,0.9196008772095565,0.0,0.507071079,0.0,0.0,0.0,1.2895934483619282,0.0,0.15330581231697518,0.0,0.22783985240654847,0.21668675883539654,0.0,94.7612344420419,0.0,0.0,0.0,0.0,1.0500023837770588e-08
7900.0,0.8784676733825169,0.0,0.503973138,0.0,0.0,0.0,1.2817147020037438,0.0,0.1865602697858305,0.0,0.3658148248639745,0.21668675883539654,0.0,94.86740987289193,0.0,0.0,2.220446049250313e-16,0.0,1.0500035756676175e-08
7901.0,0.8413023922319051,0.0,0.498708855,0.0,0.0,0.0,1.2683264707512116,0.0,0.21033731968391006,0.0,0.5337186524238398,0.21668675883539654,0.0,94.97358530253078,0.0,0.0,0.0,0.0,1.0500047675595293e-08
7902.0,0.8135697605090673,0.0,0.489213343,0.0,0.0,0.0,1.2441772921228598,0.0,0.2139207727783961,0.0,0.7230216342993049,0.21668675883539654,0.0,95.07976073095844,0.0,0.0,2.220446049250313e-16,0.0,1.050005959452794e-08
7903.0,0.798963608012621,0.0,0.471805721,0.0,0.0,0.0,1.1999058749341052,0.0,0.1842555080860877,0.0,0.9155495090763137,0.21668675883539654,0.0,95.18593615817493,0.0,0.0,2.220446049250313e-16,0.0,1.0500071513474118e-08
7904.0,0.7949592823758588,0.0,0.455270648,0.0,0.0,0.0,1.1578535420520197,0.0,0.14620750084076453,0.0,1.0813784270860785,0.21668675883539654,0.0,95.29211158418022,0.0,0.0,2.220446049250313e-16,0.0,1.0500083432433824e-08
7905.0,0.8064176494787006,0.0,0.443222627,0.0,0.0,0.0,1.127212770785854,0.0,0.10410836247175669,0.0,1.2129639503376726,0.21668675883539654,0.0,95.39828700897432,0.0,0.0,0.0,0.0,1.050009535140706e-08
7906.0,0.8414993964878313,0.0,0.437845179,0.0,0.0,0.0,1.1135367360110389,0.0,0.05535058068781107,0.0,1.3066600996904847,0.21668675883539654,0.0,95.50446243255725,0.0,0.0,0.0,0.0,1.0500107270393827e-08
7907.0,0.9083673519205435,0.0,0.43154675,0.0,0.0,0.0,1.0975184436852548,0.0,0.0,0.02753566707068532,1.3564741390804356,0.21668675883539654,0.0,95.61063785492898,0.0,0.0,2.220446049250313e-16,0.0,1.16667990993268e-08
7908.0,0.9753145373257478,0.0,0.42282275,0.0,0.0,0.0,1.0753313900167702,0.0,0.0,0.11666990614437416,1.3289369322352607,0.21668675883539654,0.0,95.71681327608952,0.0,0.0,0.0,0.0,1.1666812342675498e-08
7909.0,1.0113042169926256,8.31e-06,0.403102529,0.0,0.0,8.794444652911927e-06,1.0251785241660847,0.0,0.0,0.20280365721728458,1.2122655175747068,0.21668675883539654,0.0,95.8229886960389,0.0,0.0,0.0,0.0,1.1666825586039226e-08
7910.0,1.0322059402762809,0.128939482,0.372768415,0.0,0.0,0.13645621396198962,0.9480321904540336,0.0,0.0,0.1644042946956542,1.0094604842784651,0.21668675883539654,0.0,95.92916411477708,0.0,-2.7755575615628914e-17,0.0,0.0,1.1666838829417986e-08
7911.0,1.0401824712906869,0.479667486,0.344217239,0.0,0.0,0.507630464191144,0.875420260810481,0.0,0.12618149487554148,0.0,0.8450550437139315,0.21668675883539654,0.0,96.03533953230408,0.0,0.0,0.0,0.0,1.0500166865530601e-08
7912.0,1.035587132886146,0.618982579,0.312681696,0.0,0.0,0.6550671518811293,0.7952184285081187,0.0,0.19801168866770558,0.0,0.9586174298545871,0.21668675883539654,0.0,96.14151494861989,0.0,-1.1102230246251565e-16,0.0,0.0,1.0500178784598546e-08
7913.0,1.0282251694962057,0.614792751,0.293127438,0.0,0.0,0.6506330712010786,0.7454876431237312,0.0,0.1512087859932076,0.0,1.136826861500119,0.21668675883539654,0.0,96.24769036372452,0.0,0.0,1.1102230246251565e-16,0.0,1.0500190703680018e-08
7914.0,1.019775399997455,0.579578743,0.285171683,0.0,0.0,0.6133662066567709,0.725254405714479,0.0,0.10215845353839828,0.0,1.2729134784477305,0.21668675883539654,0.0,96.35386577761795,0.0,0.0,1.1102230246251565e-16,0.0,1.0500202622775022e-08
7915.0,1.0116318436356335,0.563712044,0.289093547,0.0,0.0,0.5965745332295852,0.7352285697502996,0.0,0.10348450050885462,0.0,1.3648546417100123,0.21668675883539654,0.0,96.4600411903002,0.0,-1.1102230246251565e-16,0.0,0.0,1.0500214541883553e-08
7916.0,1.0086532249400526,0.581475725,0.295543632,0.0,0.0,0.6153737762363822,0.7516325566899246,0.0,0.14166634915085755,0.0,1.457989142880532,0.21668675883539654,0.0,96.56621660177126,0.0,-1.1102230246251565e-16,0.0,0.0,1.0500226461005616e-08
7917.0,1.0188117922239028,0.607696583,0.293772991,0.0,0.0,0.6431232208131407,0.7471294266011327,0.0,0.15475409635497395,0.0,1.585487202109088,0.21668675883539654,0.0,96.67239201203115,0.0,-1.1102230246251565e-16,1.1102230246251565e-16,0.0,1.050023838014121e-08
7918.0,1.0519813131401838,0.540349696,0.290267176,0.0,0.0,0.571850240034872,0.7382133668169996,0.0,0.041395534876291024,0.0,1.7247640890944769,0.21668675883539654,0.0,96.77856742107984,0.0,-1.1102230246251565e-16,0.0,0.0,1.0500250299290332e-08
7919.0,1.0856369206444572,0.222531974,0.311901522,0.0,0.0,0.23550482898269987,0.7932342741742401,0.0,0.0,0.05689781748751714,1.7620181126516783,0.0,0.0,96.88474282891735,0.0,0.0,1.1102230246251565e-16,0.0,0.04072023459810564
7920.0,1.101142440396219,0.005894933,0.326062866,0.0,0.0,0.006238587485093148,0.8292496913390585,0.0,0.0,0.2656541615720674,1.705118295044541,0.0,0.0,96.88474172371434,0.0,0.0,0.0,0.0,0.040720280820918005
7921.0,1.0986070812764723,0.0,0.336013759,0.0,0.0,0.0,0.8545570041589059,0.0,0.0,0.24405007711756638,1.4394621979415432,0.0,0.0,96.88474061851134,0.0,0.0,0.0,0.0,0.040720327043782846
7922.0,1.0730607685242943,0.0,0.341101303,0.0,0.0,0.0,0.8674957492034701,0.0,0.0,0.20556501932082427,1.1954104868472522,0.0,0.0,96.88473951330835,0.0,0.0,0.0,0.0,0.04072037326670016
7923.0,1.030381509558355,0.0,0.34485762,0.0,0.0,0.0,0.8770488907526265,0.0,0.0,0.15333261880572863,0.9898441105801219,0.0,0.0,96.88473840810536,0.0,0.0,0.0,0.0,0.04072041948966992
7924.0,0.9843360474368061,0.0,0.350858608,0.0,0.0,0.0,0.8923107250969563,0.0,0.0,0.09202532233984984,0.8365103681726481,0.0,0.0,96.88473730290241,0.0,0.0,0.0,0.0,0.040720465712692167
7925.0,0.944142896526632,0.0,0.352064016,0.0,0.0,0.0,0.8953763431607367,0.0,0.0,0.04876655336589526,0.744484096284784,0.0,0.0,96.88473619769944,0.0,0.0,1.1102230246251565e-16,0.0,0.04072051193576688
7926.0,0.9164295369592652,0.0,0.352130815,0.0,0.0,0.0,0.8955462277318051,0.0,0.0,0.020883309227460102,0.6957166978326564,0.0,0.0,96.8847350924965,0.0,0.0,0.0,0.0,0.04072055815889407
7927.0,0.8999132997205772,0.0,0.35187155,0.0,0.0,0.0,0.8948868597275227,0.0,0.0,0.005026439993054418,0.6748325988763011,0.0,0.0,96.88473398729357,0.0,0.0,1.1102230246251565e-16,0.0,0.04072060438207372
7928.0,0.8976970018414068,0.0,0.351268648,0.0,0.0,0.0,0.8933535471380184,0.0,0.0,0.004343454703388352,0.6698053928605188,0.0,0.0,96.88473288209066,0.0,0.0,0.0,0.0,0.04072065060530584
7929.0,0.9088727106640065,0.0,0.35014474,0.0,0.0,0.0,0.8904952015265513,0.0,0.0,0.018377509137455363,0.6654611778409348,0.0,0.0,96.88473177688775,0.0,0.0,0.0,0.0,0.040720696828590426
7930.0,0.9416268095623563,0.0,0.353101999,0.0,0.0,0.0,0.898016162570179,0.0,0.0,0.04361064699217725,0.6470829133185327,0.0,0.0,96.88473067168486,0.0,0.0,1.1102230246251565e-16,0.0,0.04072074305192749
7931.0,1.009051516153121,0.0,0.355720249,0.0,0.0,0.0,0.904674949052012,0.0,0.0,0.10437656710110917,0.6034715318031281,0.0,0.0,96.88472956648198,0.0,0.0,0.0,0.0,0.040720789275317026
7932.0,1.0695125505670138,0.0,0.355296739,0.0,0.0,0.0,0.9035978698338619,0.0,0.0,0.16591468073315183,0.499094279683379,0.0,0.0,96.88472846127911,0.0,0.0,1.1102230246251565e-16,0.0,0.04072083549875902
7933.0,1.0889324592300063,6.83e-06,0.351065643,0.0,0.0,7.22816570149079e-06,0.892837260706339,0.0,0.0,0.1960879703579658,0.33317903241333746,0.0,0.0,96.88472735607627,0.0,-8.470329472543003e-22,0.0,0.0,0.04072088172225349
7934.0,1.0866412140795594,0.14529457,0.310474455,0.0,0.0,0.15376474780188182,0.7896049284477932,0.0,0.0,0.13709052823810863,0.1370906838538566,0.0,0.006181009591775733,96.88472625087343,0.0,-2.7755575615628914e-17,0.0,0.0,0.04072092794580043
7935.0,1.0729130153323496,0.443627621,0.247569122,0.0,0.0,0.4694895980009012,0.6296228102331092,0.0,0.0,0.0,0.0,0.026199392901660755,0.0,96.87854413607882,0.0,0.0,0.0,0.0,0.01995325492105697
7936.0,1.0544438663392623,0.542303545,0.225598287,0.0,0.0,0.5739179917665984,0.5737461372291635,0.0,0.0,0.0,0.0,0.09322026265649946,0.0,96.89138073346832,0.0,-1.1102230246251565e-16,0.0,0.0,0.019953255148671734
7937.0,1.0362894958855353,0.544014189,0.231556265,0.0,0.0,0.5757283604764463,0.5888985876695179,0.0,0.0,0.0,0.0,0.12833745226042872,0.0,96.93705755689126,0.0,0.0,-1.1102230246251565e-16,0.0,0.019953255376286498
7938.0,1.022124461614315,0.514709311,0.235527393,0.0,0.0,0.5447151080539027,0.5989980409089058,0.0,0.0,0.0,0.0,0.12158868734849358,0.0,96.99994180269908,0.0,0.0,1.1102230246251565e-16,0.0,0.01995325560390127
7939.0,1.0120215694462702,0.499611858,0.242644632,0.0,0.0,0.5287375250444637,0.6170987474270664,0.0,0.0,0.0,0.0,0.13381470302525997,0.0,97.0595191529827,0.0,0.0,1.1102230246251565e-16,0.0,0.019953255831516036
7940.0,1.0103984256854863,0.499561578,0.247834172,0.0,0.0,0.5286843138919789,0.6302968907666754,0.0,0.0,0.0,0.0,0.1485827789731679,0.0,97.12508725026832,0.0,0.0,0.0,0.0,0.01995325605913081
7941.0,1.0282208867949898,0.494592367,0.259095992,0.0,0.0,0.523425414841661,0.6589381797103726,0.0,0.0,0.0,0.0,0.15414270775704392,0.0,97.19789170402045,0.0,0.0,0.0,0.0,0.01995325628674559
7942.0,1.0677395122636772,0.412956008,0.294511899,0.0,0.0,0.4370299345900668,0.7490086324071934,0.0,0.05594930931114178,0.0,0.0,0.06234974542244115,0.0,97.27342052204617,0.0,-5.551115123125783e-17,0.0,0.0,0.01995325651436037
7943.0,1.1073844774182307,0.163583248,0.364032299,0.0,0.0,0.17311959334290802,0.9258143231287117,0.0,0.0,0.008450560946610999,0.05035437838002761,0.0,0.0,97.30397078766634,0.0,-2.7755575615628914e-17,0.0,0.0,0.022170310182140163
7944.0,1.1254210735885235,0.003001705,0.424792409,0.0,0.0,0.0031766941620780978,1.0803406667180095,0.0,0.0,0.041903712708435674,0.04190376027465108,0.0,0.0,97.30396967768102,0.0,0.0,2.220446049250313e-16,0.0,0.022170335348352926
7945.0,1.125755124283355,0.0,0.464118708,0.0,0.0,0.0,1.18035610762767,0.0,0.0,0.0,0.0,0.05460098334431512,0.0,97.30396856769572,0.0,0.0,0.0,0.0,0.019953257197204723
7946.0,1.1029711538153606,0.0,0.482514738,0.0,0.0,0.0,1.2271412640807942,0.0,0.0,0.0,0.0,0.12417011026543369,0.0,97.33072193954914,0.0,0.0,2.220446049250313e-16,0.0,0.019953257424819508
7947.0,1.0616302389793553,0.0,0.490171817,0.0,0.0,0.0,1.246614902631554,0.0,0.0,0.0,0.0,0.18498466365219876,0.0,97.39156418328874,0.0,0.0,0.0,0.0,0.0199532576524343
7948.0,1.0148909792608485,0.0,0.490259125,0.0,0.0,0.0,1.2468369461072175,0.0,0.015259208010972396,0.0,0.0,0.21668675883539654,0.0,97.48220555749378,0.0,0.0,0.0,0.0,0.019952764603473602
7949.0,0.9780490420520287,0.0,0.485982489,0.0,0.0,0.0,1.2359605187284262,0.0,0.04122471784100108,0.0,0.013733287209875157,0.21668675883539654,0.0,97.58838095730461,0.0,0.0,2.220446049250313e-16,0.0,0.019952787252480994
7950.0,0.9500894271647542,0.0,0.479188851,0.0,0.0,0.0,1.2186828008340822,0.0,0.051906614833931615,0.0,0.05083551767770982,0.21668675883539654,0.0,97.69455635590425,0.0,0.0,2.220446049250313e-16,0.0,0.019952809901514098
7951.0,0.9352177471929289,0.0,0.470276587,0.0,0.0,0.0,1.1960169503439742,0.0,0.04411244431564855,0.0,0.0975514133233271,0.21668675883539654,0.0,97.80073175329271,0.0,0.0,0.0,0.0,0.019952832550572914
7952.0,0.9323997297929402,0.0,0.460708904,0.0,0.0,0.0,1.1716842249652428,0.0,0.022597736336906222,0.0,0.137252502473875,0.21668675883539654,0.0,97.90690714946999,0.0,0.0,2.220446049250313e-16,0.0,0.019952855199657435
7953.0,0.9429394574849954,0.0,0.453613224,0.0,0.0,0.0,1.1536383477329648,0.0,0.0,0.0,0.15759030937765747,0.21069889024796956,0.0,98.01308254443607,0.0,0.0,2.220446049250313e-16,0.0,0.019953259018123108
7954.0,0.9765136936661686,0.0,0.449862647,0.0,0.0,0.0,1.14409980426818,0.0,0.0,0.0,0.15759013049216958,0.16758611060201142,0.0,98.11632388258315,0.0,0.0,0.0,0.0,0.01995325924573792
7955.0,1.043964096464228,0.0,0.444443093,0.0,0.0,0.0,1.130316684660517,0.0,0.0,0.0,0.15758995160688477,0.08635258819628908,0.0,98.19843995752596,0.0,0.0,0.0,0.0,0.019953259473352726
7956.0,1.1030889280987948,0.0,0.437807976,0.0,0.0,0.0,1.1134421205871934,0.0,0.0,0.0,0.15758977272180297,0.010353192488398723,0.0,98.24075160555327,0.0,0.0,0.0,0.0,0.019953259700967545
7957.0,1.115127601216376,1.62e-06,0.429507409,0.0,0.0,1.7144404738528665e-06,1.0923319503088975,0.0,0.0,0.022793936467004557,0.15758959383692428,0.0,0.0,98.24582354920103,0.0,0.0,0.0,0.0,0.022169964939406327
7958.0,1.1055621880509126,0.062668083,0.396609049,0.0,0.0,0.06632141846541406,1.0086641741826787,0.0,0.0,0.030576595402819647,0.13479547848524406,0.0,0.0,98.24582242847161,0.0,0.0,2.220446049250313e-16,0.0,0.0221699901052272
7959.0,1.086022363753878,0.371187926,0.314638624,0.0,0.0,0.39282691588882884,0.8001953274720527,0.0,0.0,0.0,0.10421873007203293,0.10699987960700365,0.0,98.24582130774222,0.0,0.0,0.0,0.0,0.019953260383812007
7960.0,1.061366852854584,0.486488394,0.284406242,0.0,0.0,0.5148490078600494,0.723307720644894,0.0,0.0,0.0,0.10421861177022586,0.17678987565035936,0.0,98.29825012802027,0.0,0.0,1.1102230246251565e-16,0.0,0.01995326061142683
7961.0,1.0393344964499607,0.496845789,0.314640716,0.0,0.0,0.5258102036573835,0.8002006478888655,0.0,0.06998959626089177,0.0,0.10421849346855308,0.21668675883539654,0.0,98.38487604576149,0.0,0.0,0.0,0.0,0.01995305904257508
7962.0,1.0232122677231252,0.479584663,0.337241224,0.0,0.0,0.50754281289277,0.8576787180322651,0.0,0.12532250436651338,0.0,0.1672090118018172,0.21668675883539654,0.0,98.49105143527518,0.0,-1.1102230246251565e-16,1.1102230246251565e-16,0.0,0.019953081691916702
7963.0,1.0132335738903384,0.477263289,0.347420977,0.0,0.0,0.5050861107072454,0.8835680722439707,0.0,0.15873385022548117,0.0,0.2799990759277136,0.21668675883539654,0.0,98.5972268235777,0.0,0.0,0.0,0.0,0.01995310434128403
7964.0,1.0118288478915598,0.489897567,0.347453415,0.0,0.0,0.518456924016572,0.8836505692232115,0.0,0.17359188651282706,0.0,0.4228592232952956,0.21668675883539654,0.0,98.70340221066904,0.0,-1.1102230246251565e-16,1.1102230246251565e-16,0.0,0.019953126990677073
7965.0,1.0271716249971217,0.50168464,0.333540927,0.0,0.0,0.5309311431643857,0.8482680476828459,0.0,0.13534080701471338,0.0,0.5790914411566499,0.21668675883539654,0.0,98.8095775965492,0.0,0.0,0.0,0.0,0.019953149640095827
7966.0,1.067585335019909,0.420378934,0.36510069,0.0,0.0,0.4448855918547672,0.9285314767802393,0.0,0.08914497477970096,0.0,0.7008975101258244,0.21668675883539654,0.0,98.91575298121818,0.0,0.0,0.0,0.0,0.019953172289540286
7967.0,1.10334803152235,0.166625282,0.426578316,0.0,0.0,0.1763389675481158,1.0848826216075012,0.0,0.0,0.0,0.7811271918177646,0.15787355763326674,0.0,99.02192836467596,0.0,-2.7755575615628914e-17,0.0,0.0,0.019953262204730683
7968.0,1.118125492067428,0.002835633,0.463026163,0.0,0.0,0.003000940730983226,1.1775775250336498,0.0,0.0,0.0,0.7811263051368552,0.062452973697204865,0.0,99.0992852783335,0.0,0.0,0.0,0.0,0.019953262432345527
7969.0,1.1161725803130285,0.0,0.478629153,0.0,0.0,0.0,1.2172593655332864,0.0,0.0,0.0,0.7811254184569525,0.10108678522025773,0.0,99.12988610497993,0.0,0.0,0.0,0.0,0.01995326265996038
7970.0,1.091345761365103,0.0,0.479432885,0.0,0.0,0.0,1.2193034330503745,0.0,0.12530329740606488,0.0,0.7811245317780563,0.0026543742792066935,0.0,99.1794174989236,0.0,0.0,2.220446049250313e-16,0.0,0.019953262887575228
7971.0,1.0470326518853403,0.0,0.474656437,0.0,0.0,0.0,1.2071558736601034,0.0,0.16012322177476304,0.0,0.8938966127656249,0.0,0.0,99.18071701094112,0.0,0.0,0.0,0.0,0.01995328553714824
7972.0,0.9988072948449551,0.0,0.461700142,0.0,0.0,0.0,1.1742051615429874,0.0,0.17539786669803223,0.0,1.0380064976740495,0.0,0.0,99.18071587954701,0.0,0.0,0.0,0.0,0.019953308186746965
7973.0,0.9578603885208022,0.0,0.446674033,0.0,0.0,0.0,1.1359904564981111,0.0,0.17813006797730882,0.0,1.1958633994299628,0.0,0.0,99.18071474815291,0.0,0.0,0.0,0.0,0.019953330836371394
7974.0,0.9275195917575493,0.0,0.428817284,0.0,0.0,0.0,1.090576810417453,0.0,0.16305721865990366,0.0,1.3561791031491204,0.0,0.0,99.18071361675882,0.0,0.0,0.0,0.0,0.01995335348602154
7975.0,0.9098106222302642,0.0,0.410386828,0.0,0.0,0.0,1.0437041010631836,0.0,0.13389347883291927,0.0,1.5029290605034482,0.0,0.0,99.18071248536475,0.0,0.0,0.0,0.0,0.019953376135697393
7976.0,0.9030418129587107,0.0,0.396220266,0.0,0.0,0.0,1.0076754133749768,0.0,0.10463360041626593,0.0,1.6234314854332113,0.0,0.0,99.1807113539707,0.0,0.0,-2.220446049250313e-16,0.0,0.019953398785398955
7977.0,0.9109455380524482,0.0,0.377592654,0.0,0.0,0.0,0.9603012928844094,0.0,0.04935575483196118,0.0,1.7175998830020685,0.0,0.0,99.18071022257664,0.0,0.0,0.0,0.0,0.01995342143512623
7978.0,0.9372520302704285,0.0,0.363544339,0.0,0.0,0.0,0.9245733333639163,0.0,0.0,0.01267869690651204,1.7620181126516783,0.0,0.0,99.18070909118259,0.0,0.0,1.1102230246251565e-16,0.0,0.04072026200432333
7979.0,1.0015096793121177,0.0,0.356866384,0.0,0.0,0.0,0.9075898228205044,0.0,0.0,0.09391985649161325,1.749337415625546,0.0,0.0,99.18070795978858,0.0,0.0,1.1102230246251565e-16,0.0,0.0407203082271668
7980.0,1.0556986977954883,0.0,0.357404248,0.0,0.0,0.0,0.9089577294498425,0.0,0.0,0.14674096834564573,1.6554155734085523,0.0,0.0,99.18070682839456,0.0,0.0,1.1102230246251565e-16,0.0,0.040720354450062744
7981.0,1.062364722237863,3.29e-06,0.353489727,0.0,0.0,3.4817957771456364e-06,0.8990022402804925,0.0,0.0,0.16335900016159335,1.5086727259510266,0.0,0.0,99.18070569700056,0.0,0.0,0.0,0.0,0.04072040067301117
7982.0,1.0523688976002128,0.124692068,0.29881445,0.0,0.0,0.13196119021457647,0.7599509673393796,0.0,0.0,0.16045674004625668,1.345312013249762,0.0,0.0,99.18070456560658,0.0,-2.7755575615628914e-17,0.0,0.0,0.04072044689601205
7983.0,1.0380625341888716,0.338871331,0.188902251,0.0,0.0,0.35862637363876027,0.4804200345064848,0.0,0.0,0.19901612604362653,1.1848537460994795,0.0,0.0,99.1807034342126,0.0,-5.551115123125783e-17,5.551115123125783e-17,0.0,0.04072049311906541
7984.0,1.0178503258009584,0.424003932,0.16092242,0.0,0.0,0.448721914872567,0.4092611610502569,0.0,0.0,0.15986724987813447,0.9858362750928202,0.0,0.0,99.18070230281866,0.0,0.0,0.0,0.0,0.04072053934217123
7985.0,1.0008223057669836,0.440861135,0.199594762,0.0,0.0,0.46656183530414364,0.5076134452593348,0.0,0.0,0.026647025203505204,0.8259679061623548,0.0,0.0,99.1807011714247,0.0,-5.551115123125783e-17,0.0,0.0,0.04072058556532952
7986.0,0.9904346139680889,0.435512758,0.221653047,0.0,0.0,0.46090166616943756,0.5637125228762229,0.0,0.03417957507757158,0.0,0.7993199433779002,0.0,0.0,99.18070004003077,0.0,-5.551115123125783e-17,0.0,0.0,0.036648568609686245
7987.0,0.9831497392000327,0.433938132,0.222796804,0.0,0.0,0.4592352448450048,0.5666213488669043,0.0,0.04270685451187641,0.0,0.8300806536156674,0.0,0.0,99.18069890863686,0.0,0.0,1.1102230246251565e-16,0.0,0.03664861021062316
7988.0,0.9811432936804358,0.442600067,0.211527269,0.0,0.0,0.4684021411078954,0.5379604389787949,0.0,0.025219286406254447,0.0,0.8685158804269039,0.0,0.0,99.18069777724295,0.0,-5.551115123125783e-17,0.0,0.0,0.03664865181160729
7989.0,0.9912204896411859,0.427549626,0.197114533,0.0,0.0,0.45247431073768885,0.5013056765829098,0.0,0.0,0.037440502320587286,0.8912122523141016,0.0,0.0,99.18069664584905,0.0,0.0,0.0,0.0,0.04072077045848738
7990.0,1.024756181511417,0.324177911,0.20841257,0.0,0.0,0.343076377374983,0.5300390733352626,0.0,0.0,0.15164073080117144,0.8537707383517502,0.0,0.0,99.18069551445517,0.0,-5.551115123125783e-17,0.0,0.0,0.04072081668190802
7991.0,1.051189013415263,0.116025533,0.240530782,0.0,0.0,0.12278942578737741,0.6117227612513298,0.0,0.0,0.2932786472456189,0.7021290384098006,0.0,0.023398179130936923,99.1806943830613,0.0,0.0,0.0,0.0,0.040720954423444304
7992.0,1.0615103233453131,0.001942035,0.285901498,0.0,0.0,0.0020552490158264516,0.7271104860185901,0.0,0.0,0.2932786472456189,0.4088495941564463,0.0,0.039065941065277686,99.15729507253651,0.0,0.0,0.0,0.0,0.04072095488796453
7993.0,1.056229752746246,0.0,0.325839744,0.0,0.0,0.0,0.8286822429451314,0.0,0.0,0.11557035162586544,0.11557048281338761,0.0,0.11197715817524932,99.1182280003443,0.0,0.0,0.0,0.0,0.04072095535248477
7994.0,1.029071002986324,0.0,0.353898294,0.0,0.0,0.0,0.9000413161580914,0.0,0.0,0.0,0.0,0.0,0.1290296868282327,99.00624971148778,0.0,0.0,0.0,0.0,0.040720955817004995
7995.0,0.9837814376293615,0.0,0.36755473,0.0,0.0,0.0,0.9347726410609142,0.0,0.0,0.0,0.0,0.0,0.04900879656844742,98.87721889525564,0.0,0.0,0.0,0.0,0.04072095628152523
7996.0,0.9353655003848736,0.0,0.364293211,0.0,0.0,0.0,0.9264778798167851,0.0,0.0,0.0,0.0,0.0,0.008887620568088622,98.82820897075521,0.0,0.0,0.0,0.0,0.04072095674604547
7997.0,0.8887525803522327,0.0,0.346726533,0.0,0.0,0.0,0.8818019481841636,0.0,0.0,0.0,0.0,0.0,0.006950632168069144,98.8193202228142,0.0,0.0,0.0,0.0,0.04072095721056572
7998.0,0.8525937339873312,0.0,0.319915644,0.0,0.0,0.0,0.8136159517212123,0.0,0.0,0.0,0.0,0.0,0.03897778226611894,98.81236846337463,0.0,0.0,0.0,0.0,0.040720957675085975
7999.0,0.831749827170089,0.0,0.292823448,0.0,0.0,0.0,0.7447145295927038,0.0,0.0,0.0,0.0,0.0,0.08703529757738532,98.7733895539163,0.0,0.0,0.0,0.0,0.04072095813960623
8000.0,0.823006692638057,0.0,0.271726086,0.0,0.0,0.0,0.6910592908309602,0.0,0.0,0.0,0.0,0.0,0.13194740180709674,98.68635312959134,0.0,0.0,1.1102230246251565e-16,0.0,0.0407209586041265
8001.0,0.8258461235441248,0.0,0.257061894,0.0,0.0,0.0,0.6537650204379107,0.0,0.0,0.0,0.0,0.0,0.172081103106214,98.55440460202954,0.0,0.0,1.1102230246251565e-16,0.0,0.04072095906864677
8002.0,0.8498142608982845,0.0,0.247274313,0.0,0.0,0.0,0.6288730460074154,0.0,0.0,0.0,0.0,0.0,0.22094121489086918,98.38232237467379,0.0,0.0,0.0,0.0,0.040720959533167046
8003.0,0.9065600520074809,0.0,0.239993473,0.0,0.0,0.0,0.6103562661092437,0.0,0.0,0.0,0.0,0.0,0.2962037858982373,98.16138003749643,0.0,0.0,0.0,0.0,0.04072095999768732
8004.0,0.9596826778881202,0.0,0.239192765,0.0,0.0,0.0,0.6083198892902631,0.0,0.0,0.0,0.0,0.0,0.35136278859785697,97.86517513183206,0.0,0.0,1.1102230246251565e-16,0.0,0.04072096046220761
8005.0,0.9800576289222335,3.67e-07,0.238068154,0.0,0.0,3.8839484808889013e-07,0.6054597557949436,0.0,0.0,0.0,0.0,0.0,0.37459748473244175,97.513811226847,0.0,0.0,1.1102230246251565e-16,0.0,0.040720960926727896
8006.0,0.9867771871298056,0.059099212,0.199802294,0.0,0.0,0.06254449446025372,0.5081412448491937,0.0,0.0,0.0,0.0,0.0,0.4160914478203583,97.13921262973551,0.0,0.0,0.0,0.0,0.040720961391248194
8007.0,0.9876016071138448,0.243900564,0.168902224,0.0,0.0,0.25811913488712435,0.42955556036387316,0.0,0.0,0.0,0.0,0.0,0.29992691186284737,96.7231200738093,0.0,-5.551115123125783e-17,5.551115123125783e-17,0.0,0.04072096185576849
8008.0,0.9818156777713146,0.38306046,0.197966976,0.0,0.0,0.4053915781214179,0.5034736269027543,0.0,0.0,0.0,0.0,0.0,0.07295047274714234,96.42319205858712,0.0,0.0,0.0,0.0,0.0407209623202888
8009.0,0.9719975852341197,0.447682033,0.240121341,0.0,0.0,0.47378036839008314,0.6106814625992116,0.0,0.0,0.0,0.0,0.11246424575517508,0.0,96.35024048590206,0.0,-5.551115123125783e-17,1.1102230246251565e-16,0.0,0.019953271764556465
8010.0,0.9632587334033035,0.444633236,0.268446651,0.0,0.0,0.4705538369250454,0.682718965252406,0.0,0.0,0.0,0.0,0.1900140687741479,0.0,96.40534686721637,0.0,-5.551115123125783e-17,0.0,0.0,0.01995327199217142
8011.0,0.9569396077594077,0.434734447,0.295116534,0.0,0.0,0.4600779822931136,0.7135483843016907,0.0,0.0,0.0,0.0,0.21668675883539654,0.0,96.49845266118133,0.0,-5.551115123125783e-17,0.03699796809574163,0.0,1.05e-08
8012.0,0.9526911681533456,0.442311097,0.320496099,0.0,0.0,0.4680963251426304,0.701281601846112,0.0,0.0,0.0,0.0,0.21668675883539654,0.0,96.60462807221424,0.0,0.0,0.11381057479911905,0.0,1.05e-08
8013.0,0.9598839648452623,0.446111795,0.35693157,0.0,0.0,0.47211859087108204,0.7044521328095769,0.0,0.0,0.0,0.0,0.21668675883539654,0.0,96.71080348203594,0.0,-5.551115123125783e-17,0.20330347236769442,0.0,1.05e-08
8014.0,0.9844752352263192,0.388982496,0.424671904,0.0,0.0,0.4116588486189573,0.7895031454427585,0.0,0.0,0.0,0.0,0.21668675883539654,0.0,96.81697889064645,0.0,0.0,0.290531050516159,0.0,1.05e-08
8015.0,1.0015846265833939,0.188353225,0.499399412,0.0,0.0,0.1993335755066146,1.018937809912176,0.0,0.0,0.0,0.0,0.21668675883539654,0.0,96.9231542980458,0.0,-2.7755575615628914e-17,0.25114489940163853,0.0,1.05e-08
8016.0,1.0003190883741284,0.00476824,0.514967384,0.0,0.0,0.005046212126570489,1.2119596350829547,0.0,0.0,0.0,0.0,0.21668675883539654,0.0,97.02932970423396,0.0,0.0,0.0977158562429492,0.0,1.05e-08
8017.0,0.9921348463507568,0.0,0.501815395,0.0,0.0,0.0,1.2088216051861533,0.0,0.0,0.0,0.0,0.21668675883539654,0.0,97.13550510921091,0.0,0.0,0.06740548107437694,0.0,1.05e-08
8018.0,0.9692780699620941,0.0,0.488997471,0.0,0.0,0.0,1.1859648287974907,0.0,0.0,0.0,0.0,0.21668675883539654,0.0,97.24168051297669,0.0,0.0,0.05766345327842726,0.0,1.05e-08
8019.0,0.935296977165421,0.0,0.487663444,0.0,0.0,0.0,1.1519837360008176,0.0,0.0,0.0,0.0,0.21668675883539654,0.0,97.3478559155313,0.0,0.0,0.08825182156292599,0.0,1.05e-08
8020.0,0.8960588686263677,0.0,0.494826495,0.0,0.0,0.0,1.1127456274617644,0.0,0.0,0.0,0.0,0.21668675883539654,0.0,97.4540313168747,0.0,0.0,0.14570714662732231,0.0,1.05e-08
8021.0,0.8537158017058678,0.0,0.518076695,0.0,0.0,0.0,1.0704025605412644,0.0,0.0,0.0,0.0,0.21668675883539654,0.0,97.56020671700692,0.0,0.0,0.2471805935573368,0.0,1.05e-08
8022.0,0.8202679052105604,0.0,0.540952665,0.0,0.0,0.0,1.036954664045957,0.0,0.0,0.0,0.0,0.21668675883539654,0.0,97.66638211592797,0.0,0.0,0.3388071207391008,0.0,1.05e-08
8023.0,0.7959742825640007,0.0,0.556679658,0.0,0.0,0.0,1.0126610413993973,0.0,0.0,0.0,0.0,0.21668675883539654,0.0,97.7725575136378,0.0,0.0,0.403097950828907,0.0,1.05e-08
8024.0,0.78359941740098,0.0,0.573055685,0.0,0.0,0.0,1.0002861762363766,0.0,0.0,0.0,0.0,0.21668675883539654,0.0,97.87873291013648,0.0,0.0,0.45712065986234895,0.0,1.05e-08
8025.0,0.780969838854486,0.0,0.591777989,0.0,0.0,0.0,0.9976565976898826,0.0,0.0,0.0,0.0,0.21668675883539654,0.0,97.98490830542397,0.0,0.0,0.5073651815135756,0.0,1.05e-08
8026.0,0.7900427413801338,0.0,0.613843253,0.0,0.0,0.0,1.0067295002155303,0.0,0.0,0.0,0.0,0.21668675883539654,0.0,98.09108369950026,0.0,0.0,0.5544091057391065,0.0,1.05e-08
8027.0,0.8095268905613631,0.0,0.636628151,0.0,0.0,0.0,1.0262136493967597,0.0,0.0,0.0,0.0,0.21668675883539654,0.0,98.19725909236539,0.0,0.0,0.5928719710875598,0.0,1.05e-08
8028.0,0.8380796595670243,0.0,0.655011977,0.0,0.0,0.0,1.0547664184024208,0.0,0.0,0.0,0.0,0.21668675883539654,0.0,98.3034344840193,0.0,0.0,0.6110733210748016,0.0,1.05e-08
8029.0,0.8687245281165983,1.5e-06,0.658025197,0.0,0.0,1.5874448831970988e-06,1.0854096995071116,0.0,0.0,0.0,0.0,0.21668675883539654,0.0,98.40960987446206,0.0,0.0,0.5880933221634796,0.0,1.05e-08
8030.0,0.8984036475420119,0.12550677,0.610976621,0.0,0.0,0.1328233865620634,0.9822670198153449,0.0,0.0,0.0,0.0,0.21668675883539654,0.0,98.51578526369362,0.0,0.0,0.5715811095194163,0.0,1.05e-08
8031.0,0.9158406655420943,0.388512486,0.569406637,0.0,0.0,0.4111614386392563,0.7213659857382346,0.0,0.0,0.0,0.0,0.21668675883539654,0.0,98.62196065171399,0.0,-5.551115123125783e-17,0.726760517506883,0.0,1.05e-08
8032.0,0.9241833675104502,0.517374887,0.651320554,0.0,0.0,0.5475360780418848,0.5933340483039621,0.0,0.0,0.0,0.0,0.21668675883539654,0.0,98.72813603852317,0.0,0.0,1.0631175893605507,0.0,1.05e-08
8033.0,0.9255581146007182,0.527157063,0.675489973,0.0,0.0,0.557888521533707,0.5843563519024078,0.0,0.0,0.0,0.0,0.21668675883539654,0.0,98.83431142412117,0.0,0.0,1.1335634421684662,0.0,1.05e-08
8034.0,0.9227251077464742,0.501848662,0.671731928,0.0,0.0,0.5311047270874735,0.6083071394943973,0.0,0.0,0.0,0.0,0.21668675883539654,0.0,98.940486808508,0.0,0.0,1.100055118342687,0.0,1.05e-08
8035.0,0.9198963835934459,0.491471919,0.67007637,0.0,0.0,0.5201230553677393,0.6164600870611031,0.0,0.0,0.0,0.0,0.21668675883539654,0.0,99.04666219168362,0.0,0.0,1.0876917221059572,0.0,1.05e-08
8036.0,0.9182689571314463,0.504895537,0.668779926,0.0,0.0,0.5343292245064677,0.6006264914603753,0.0,0.0,0.0,0.0,0.21668675883539654,0.0,99.15283757364807,0.0,-1.1102230246251565e-16,1.1002281750420604,0.0,1.05e-08
8037.0,0.9271791170108942,0.515134485,0.663829078,0.0,0.0,0.5451650682477485,0.5987008075985423,0.0,0.0,0.0,0.0,0.21668675883539654,0.0,99.25901295440134,0.0,0.0,1.0895627618978743,0.0,1.05e-08
8038.0,0.9466996691524576,0.447471045,0.671892274,0.0,0.0,0.4735570805094058,0.6898293474784484,0.0,0.0,0.0,0.0,0.21668675883539654,0.0,99.36518833394342,0.0,0.0,1.018940705556656,0.0,1.05e-08
8039.0,0.9604064543935884,0.179817582,0.682300207,0.0,0.0,0.19030033363651647,0.9867928795924685,0.0,0.0,0.0,0.0,0.21668675883539654,0.0,99.47136371227431,0.0,0.0,0.7484468396564132,0.0,1.05e-08
8040.0,0.959564903604686,0.004759963,0.684094826,0.0,0.0,0.005037452605705007,1.1712142098343776,0.0,0.0,0.0,0.0,0.21668675883539654,0.0,99.57753908939402,0.0,0.0,0.5685896208390206,0.0,1.05e-08
8041.0,0.9556226771355528,0.0,0.673401735,0.0,0.0,0.0,1.1723094359709494,0.0,0.0,0.0,0.0,0.21668675883539654,0.0,99.68371446530254,0.0,0.0,0.5402995088818399,0.0,1.05e-08
8042.0,0.9328108691096558,0.0,0.659935209,0.0,0.0,0.0,1.1494976279450524,0.0,0.0,0.0,0.0,0.21668675883539654,0.0,99.78988983999987,0.0,0.0,0.5288629749671083,0.0,1.05e-08
8043.0,0.9018704941761926,0.0,0.648428532,0.0,0.0,0.0,1.118557253011589,0.0,0.0,0.0,0.0,0.21668675883539654,0.0,99.89606521348603,0.0,0.0,0.5305393356702965,0.0,1.05e-08
8044.0,0.8627972696339471,0.0,0.637564063,0.0,0.0,0.0,1.0794840284693437,0.0,0.0,0.0,0.0,0.21668675883539654,0.0,100.002240585761,0.0,0.0,0.5419818223878528,0.0,1.05e-08
8045.0,0.8257326319619064,0.0,0.626563452,0.0,0.0,0.0,1.042419390797303,0.0,0.0,0.0,0.0,0.21668675883539654,0.0,100.10841595682479,0.0,0.0,0.5510694831406908,0.0,1.05e-08
8046.0,0.7928521933776909,0.0,0.61422543,0.0,0.0,0.0,1.0095389522130875,0.0,0.0,0.0,0.0,0.21668675883539654,0.0,100.21459132667738,0.0,0.0,0.552571614036123,0.0,1.05e-08
8047.0,0.7703273263332518,0.0,0.603358857,0.0,0.0,0.0,0.9870140851686484,0.0,0.0,0.0,0.0,0.21668675883539654,0.0,100.3207666953188,0.0,0.0,0.5474603923204169,0.0,1.05e-08
8048.0,0.7579952881823891,0.0,0.592538277,0.0,0.0,0.0,0.9746820470177857,0.0,0.0,0.0,0.0,0.21668675883539654,0.0,100.42694206274902,0.0,0.0,0.5322733120411862,0.0,1.05e-08
8049.0,0.7537918169390928,0.0,0.573429607,0.0,0.0,0.0,0.9704785757744894,0.0,0.0,0.0,0.0,0.21668675883539654,0.0,100.53311742896807,0.0,0.0,0.48787922633544967,0.0,1.05e-08
8050.0,0.7597040859674887,0.0,0.554875789,0.0,0.0,0.0,0.9763908448028854,0.0,0.0,0.0,0.0,0.21668675883539654,0.0,100.63929279397593,0.0,0.0,0.4347805112133699,0.0,1.05e-08
8051.0,0.7766871376386976,0.0,0.538612668,0.0,0.0,0.0,0.9933738964740941,0.0,0.0,0.0,0.0,0.21668675883539654,0.0,100.74546815777259,0.0,0.0,0.37643676049997143,0.0,1.05e-08
8052.0,0.8001948846121602,0.0,0.523994722,0.0,0.0,0.0,1.0168816434475567,0.0,0.0,0.0,0.0,0.21668675883539654,0.0,100.85164352035808,0.0,0.0,0.31575235689824077,0.0,1.05e-08
8053.0,0.8340239415156727,1.3e-06,0.502095596,0.0,0.0,1.3757855654374856e-06,1.050709324565504,0.0,0.0,0.0,0.0,0.21668675883539654,0.0,100.9578188817324,0.0,0.0,0.22623037455896045,0.0,1.05e-08
8054.0,0.8651548966532386,0.097040753,0.414236758,0.0,0.0,0.10269789787429567,0.9791437576143396,0.0,0.0,0.0,0.0,0.21668675883539654,0.0,101.0639942418955,0.0,-1.3877787807814457e-17,0.07435156347749006,0.0,1.05e-08
8055.0,0.8807160915208058,0.330586013,0.407956542,0.0,0.0,0.34985804986225305,0.7475448004939493,0.0,0.0,0.0,0.0,0.21668675883539654,0.0,101.17016960084744,0.0,0.0,0.28997854794294264,0.0,1.05e-08
8056.0,0.8888510824801958,0.479649042,0.431565493,0.0,0.0,0.5076109449688603,0.6272757010615874,0.0,0.02934880471485525,0.0,0.0,0.21668675883539654,0.0,101.27634495858818,0.0,-1.1102230246251565e-16,0.47029041020125917,0.0,1.05e-08
8057.0,0.8936584145949183,0.507365291,0.420586954,0.0,0.0,0.536942956739838,0.8666808639360957,0.0,0.2932786472456189,0.0,0.02641392424336973,0.21668675883539654,0.0,101.38252031511774,0.0,0.0,0.20296440436543106,0.0,1.05e-08
8058.0,0.8944036046064655,0.481482537,0.413786589,0.0,0.0,0.5095513264729384,0.8948176842145424,0.0,0.2932786472456189,0.0,0.2903646767811889,0.21668675883539654,0.0,101.48869567043613,0.0,0.0,0.15753275794985855,0.0,1.05e-08
8059.0,0.8910117052435611,0.465133202,0.414188901,0.0,0.0,0.4922488810133217,0.9087282303112549,0.0,0.2932786472456189,0.0,0.5543151297005904,0.21668675883539654,0.0,101.59487102454332,0.0,0.0,0.14464537988793236,0.0,1.05e-08
8060.0,0.8907611672224375,0.470297642,0.412916416,0.0,0.0,0.49771439024837394,0.903012183055079,0.0,0.2932786472456189,0.0,0.8182652830019141,0.21668675883539654,0.0,101.70104637743933,0.0,0.0,0.14712521749402319,0.0,1.05e-08
8061.0,0.9016692072190505,0.475613004,0.408278631,0.0,0.0,0.5033396197212008,0.9082949935788651,0.0,0.2932786472456189,0.0,1.0822151366855006,0.21668675883539654,0.0,101.80722172912415,0.0,0.0,0.13004749813278949,0.0,1.05e-08
8062.0,0.9348301627329001,0.424104999,0.416271348,0.0,0.0,0.4488288737339071,0.9959666950800086,0.0,0.2932786472456189,0.0,1.3461646907516895,0.21668675883539654,0.0,101.9133970795978,0.0,-5.551115123125783e-17,0.06270303654865761,0.0,1.05e-08
8063.0,0.9653551156484319,0.210313421,0.443631387,0.0,0.0,0.2225739760227515,1.1282523375049656,0.0,0.16878443904388862,0.0,1.610113945200821,0.21668675883539654,0.0,102.01957242886024,0.0,0.0,0.0,0.0,1.0500083432433824e-08
8064.0,0.9790983038498969,0.004414905,0.466643068,0.0,0.0,0.004672278901367525,1.1867761111579975,0.0,0.0,0.0,1.7620181126516783,0.21235008620946805,0.0,102.12574777691154,0.0,0.0,0.0,0.0,0.01995328428338287
8065.0,0.9790062257737574,0.0,0.462493648,0.0,0.0,0.0,1.1762232220895559,0.0,0.0,0.0,1.7620161125320581,0.1972169963157985,0.0,102.22979815416491,0.0,0.0,0.0,0.0,0.019953284510997968
8066.0,0.9555198923063739,0.0,0.437370611,0.0,0.0,0.0,1.1123298050521504,0.0,0.0,0.0,1.7620141124147082,0.1568099127457764,0.0,102.32643331618345,0.0,0.0,0.0,0.0,0.01995328473861307
8067.0,0.9185173538019621,0.0,0.407512818,0.0,0.0,0.0,1.0363948605641278,0.0,0.0,0.0,1.7620121122996288,0.11787750676216575,0.0,102.40326900615032,0.0,0.0,0.0,0.0,0.019953284966228172
8068.0,0.8752706369249308,0.0,0.375378082,0.0,0.0,0.0,0.9546691484762566,0.0,0.0,0.0,1.76201011218682,0.07939851155132582,0.0,102.46102781630873,0.0,0.0,0.0,0.0,0.019953285193843276
8069.0,0.8345935407773726,0.0,0.347075884,0.0,0.0,0.0,0.8826904247300299,0.0,0.0,0.0,1.7620081120762812,0.0480968839526574,0.0,102.49993191815496,0.0,0.0,1.1102230246251565e-16,0.0,0.019953285421458387
8070.0,0.8043148431817486,0.0,0.324679114,0.0,0.0,0.0,0.8257305051987703,0.0,1.5556432959146763e-05,0.0,1.762006111968013,0.02140010558406252,0.0,102.52349822203404,0.0,0.0,0.0,0.0,0.019953285649073497
8071.0,0.7864174348009688,0.0,0.305533363,0.0,0.0,0.0,0.7770386430987651,0.0,0.0,0.009378791702203702,1.7620181126516783,0.0,0.0,102.53398310424366,0.0,0.0,1.1102230246251565e-16,0.0,0.04072035096237121
8072.0,0.7807535624430887,0.0,0.287088525,0.0,0.0,0.0,0.7301293571505182,0.0,0.0,0.0506242052925706,1.7526373208298542,0.0,0.0,102.5339819345975,0.0,0.0,0.0,0.0,0.04072039718531567
8073.0,0.7884816967869789,0.0,0.279038847,0.0,0.0,0.0,0.7096572528634915,0.0,0.0,0.07882444392348743,1.7020111260660817,0.0,0.0,102.53398076495134,0.0,0.0,0.0,0.0,0.0407204434083126
8074.0,0.8198974515553946,0.0,0.281278049,0.0,0.0,0.0,0.7153520367869873,0.0,0.0,0.1045454147684073,1.623184750138705,0.0,0.0,102.53397959530521,0.0,0.0,0.0,0.0,0.04072048963136199
8075.0,0.8863028752568017,0.0,0.282099569,0.0,0.0,0.0,0.7174413431063058,0.0,0.0,0.16886153215049599,1.518637492844592,0.0,0.0,102.5339784256591,0.0,0.0,0.0,0.0,0.04072053585446386
8076.0,0.9516012206939275,0.0,0.280612667,0.0,0.0,0.0,0.713659823794777,0.0,0.0,0.23794139689915053,1.349774236843119,0.0,0.0,102.53397725601299,0.0,0.0,0.0,0.0,0.04072058207761819
8077.0,0.9836658046965352,4.42e-07,0.260157508,0.0,0.0,4.677670922487451e-07,0.6616378487225179,0.0,0.0,0.2932786472456189,1.1118313077747388,0.0,0.028748840961306164,102.53397608636689,0.0,0.0,0.0,0.0,0.04072099437220275
8078.0,0.999558908908326,0.110495591,0.194522775,0.0,0.0,0.11693710703252626,0.49471426509256994,0.0,0.0,0.2932786472456189,0.8185513984560476,0.0,0.09462888953761094,102.5052260757595,0.0,0.0,5.551115123125783e-17,0.0,0.04072099483672344
8079.0,1.004719563873351,0.443249834,0.175406859,0.0,0.0,0.4690897873075089,0.446098279969433,0.0,0.0,0.08953149659640906,0.5252718220481798,0.0,0.0,102.41059601690377,0.0,5.551115123125783e-17,5.551115123125783e-17,0.0,0.04072072074739601
8080.0,1.0002548478558917,0.591451088,0.14483761,0.0,0.0,0.6259306688713047,0.36835394615830597,0.0,0.0,0.005970232826281132,0.4357397291999673,0.0,0.0,102.41059484866514,0.0,0.0,0.0,0.0,0.04072076697076022
8081.0,0.993325437288746,0.586862148,0.12117981,0.0,0.0,0.6210742093231058,0.30818694956519743,0.0,0.0,0.06406427840044282,0.42976900175244737,0.0,0.0,102.41059368042652,0.0,-1.1102230246251565e-16,5.551115123125783e-17,0.0,0.040720813194176905
8082.0,0.9874217336627816,0.545170578,0.113871558,0.0,0.0,0.5769521630104698,0.2896004549128808,0.0,0.0,0.12086911573943096,0.36570423550831754,0.0,0.0,102.4105925121879,0.0,0.0,0.0,0.0,0.040720859417646055
8083.0,0.9818756355883357,0.525929437,0.116642623,0.0,0.0,0.5565893291255872,0.29664788360085187,0.0,0.0,0.12863842286189653,0.24483470464703777,0.0,0.0,102.4105913439493,0.0,1.1102230246251565e-16,0.0,0.0,0.04072090564116767
8084.0,0.9792546224442732,0.532742236,0.124081931,0.0,0.0,0.5637992910674542,0.3155676825293695,0.0,0.0,0.09988764884744952,0.11619600386592298,0.0,0.0,102.41059017571074,0.0,0.0,0.0,0.0,0.04072095186474176
8085.0,0.9912547512509123,0.543623552,0.129701606,0.0,0.0,0.575314950671888,0.3298597539214421,0.0,0.0,0.013389273021131019,0.01630822312090358,0.0,0.07269077363645124,102.41058900747215,0.0,0.0,5.551115123125783e-17,0.0,0.04072099808836832
8086.0,1.0237176264665884,0.493198278,0.145775972,0.0,0.0,0.5219500552084801,0.3707404074208537,0.0,0.0,0.0,0.0029189315878192473,0.0,0.13102716383725455,102.33789706559716,0.0,0.0,5.551115123125783e-17,0.0,0.04072099855288904
8087.0,1.0585531181558112,0.213422693,0.192100893,0.0,0.0,0.22586450797399682,0.4885548856894593,0.0,0.0,0.0,0.002918928274452434,0.0,0.344133724492355,102.20686873435056,0.0,0.0,0.0,0.0,0.04072099901740977
8088.0,1.0746410852729202,0.003043633,0.221494438,0.0,0.0,0.0032210664214532233,0.5633091452518184,0.0,0.0,0.0,0.0029189249610893815,0.0,0.5081108735996487,101.86273384394357,0.0,0.0,0.0,0.0,0.040720999481930496
8089.0,1.0741036062703389,0.0,0.22647407,0.0,0.0,0.0,0.5759734463101981,0.0,0.0,0.0,0.0029189216477300906,0.0,0.4981301599601408,101.35462180835496,0.0,0.0,0.0,0.0,0.04072099994645123
8090.0,1.048762863176519,0.0,0.221898254,0.0,0.0,0.0,0.5643361382898965,0.0,0.0,0.0,0.002918918334374561,0.0,0.4844267248866225,100.85649049220213,0.0,0.0,0.0,0.0,0.04072100041097198
8091.0,1.0057945218785138,0.0,0.217084463,0.0,0.0,0.0,0.5520936074249413,0.0,0.0,0.0,0.002918915021022792,0.0,0.45370091445357247,100.37206261680517,0.0,0.0,1.1102230246251565e-16,0.0,0.04072100087549272
8092.0,0.954749006087532,0.0,0.218466819,0.0,0.0,0.0,0.5556092432297272,0.0,0.0,0.0,0.0029189117076747844,0.0,0.39913976285780484,99.91836055736732,0.0,0.0,1.1102230246251565e-16,0.0,0.040721001340013475
8093.0,0.9101510969769194,0.0,0.221653115,0.0,0.0,0.0,0.5637126958152016,0.0,0.0,0.0,0.0029189083943305374,0.0,0.34643840116171787,99.51921965470082,0.0,0.0,0.0,0.0,0.040721001804534224
8094.0,0.8797781799545481,0.0,0.221554986,0.0,0.0,0.0,0.5634631321529554,0.0,0.0,0.0,0.0029189050809900518,0.0,0.3163150478015926,99.17278011828354,0.0,0.0,1.1102230246251565e-16,0.0,0.04072100226905499
8095.0,0.86193002263775,0.0,0.219234538,0.0,0.0,0.0,0.5575617217550958,0.0,0.0,0.0,0.002918901767653327,0.0,0.30436830088265426,98.85646393917837,0.0,0.0,0.0,0.0,0.04072100273357576
8096.0,0.8562961291883803,0.0,0.215877796,0.0,0.0,0.0,0.5490247874468361,0.0,0.0,0.0,0.0029188984543203635,0.0,0.3072713417415441,98.5520945106005,0.0,0.0,1.1102230246251565e-16,0.0,0.040721003198096524
8097.0,0.8666902450390988,0.0,0.210444904,0.0,0.0,0.0,0.5352077463671615,0.0,0.0,0.0,0.0029188951409911614,0.0,0.33148249867193724,98.24482204463578,0.0,0.0,0.0,0.0,0.04072100366261731
8098.0,0.8986327720570565,0.0,0.207953872,0.0,0.0,0.0,0.5288725032821189,0.0,0.0,0.0,0.00291889182766572,0.0,0.3697602687749377,97.91333842524585,0.0,0.0,0.0,0.0,0.04072100412713809
8099.0,0.9682930486824628,0.0,0.210980481,0.0,0.0,0.0,0.5365698366517335,0.0,0.0,0.0,0.0029188885143440393,0.0,0.4317232120307293,97.5435770395343,0.0,0.0,0.0,0.0,0.04072100459165888
8100.0,1.0328868897695913,0.0,0.217150353,0.0,0.0,0.0,0.5522611802087809,0.0,0.0,0.0,0.00291888520102612,0.0,0.4806257095608104,97.11185271478497,0.0,0.0,0.0,0.0,0.04072100505617968
8101.0,1.0593240043746532,5.14e-07,0.21337542,0.0,0.0,5.439644466422059e-07,0.5426606940710076,0.0,0.0,0.0029188785744015647,0.0029188818877119616,0.0,0.5137438877647974,96.63122589743041,0.0,-1.0587911840678754e-22,1.1102230246251565e-16,0.0,0.04072173767352922
8102.0,1.0660178663749305,0.055441693,0.203558315,0.0,0.0,0.058673754579089604,0.5176936336051491,0.0,0.0,0.0,0.0,0.0,0.4896504781906918,96.11748090735456,0.0,0.0,0.0,0.0,0.040721005985221284
8103.0,1.0613026123363474,0.359111011,0.174834832,0.0,0.0,0.38004595794112467,0.44464348930588166,0.0,0.0,0.0,0.0,0.0,0.23661316508934108,95.62782933271332,0.0,0.0,5.551115123125783e-17,0.0,0.04072100644974209
8104.0,1.0479405845430876,0.479625112,0.15692769,0.0,0.0,0.5075856199314903,0.39910168272596686,0.0,0.0,0.0,0.0,0.0,0.14125328188563038,95.39121507675908,0.0,-1.1102230246251565e-16,5.551115123125783e-17,0.0,0.0407210069142629
8105.0,1.0325142947638177,0.502405426,0.182216785,0.0,0.0,0.5316939485294392,0.4634174218355964,0.0,0.0,0.0,0.0,0.0,0.03740292439878216,95.24996070670768,0.0,-1.1102230246251565e-16,5.551115123125783e-17,0.0,0.04072100737878372
8106.0,1.020931729325718,0.496647404,0.213173305,0.0,0.0,0.5256002534886148,0.542146671105372,0.0,0.04681519526826881,0.0,0.0,0.0,0.0,95.21255669575451,0.0,0.0,0.0,0.0,0.0366486599604347
8107.0,1.0138417174629804,0.492812927,0.233414043,0.0,0.0,0.5215422395596903,0.5936233263433062,0.0,0.10132384844001602,0.0,0.042133675741441924,0.0,0.0,95.21255560962678,0.0,0.0,0.0,0.0,0.0366487015614753
8108.0,1.0124841011775754,0.503703491,0.245440243,0.0,0.0,0.5330676862909772,0.6242086019998778,0.0,0.14479218711327976,0.0,0.133325091510257,0.0,0.0,95.21255452349908,0.0,0.0,0.0,0.0,0.03664874316256313
8109.0,1.0262786817936298,0.504737404,0.244459014,0.0,0.0,0.5341618728919912,0.6217131205138537,0.0,0.12959631161221524,0.0,0.2636379085708977,0.0,0.0,95.21255343737137,0.0,0.0,1.1102230246251565e-16,0.0,0.03664878476369817
8110.0,1.0658936680396724,0.408162022,0.256717617,0.0,0.0,0.4319564755595211,0.6528894481917135,0.0,0.018952255711562123,0.0,0.38027428975859223,0.0,0.0,95.2125523512437,0.0,0.0,1.1102230246251565e-16,0.0,0.03664882636488045
8111.0,1.1009240226342139,0.134551526,0.295375849,0.0,0.0,0.14239542098337427,0.7512058475627283,0.0,0.0,0.20732275408811118,0.3973308882382436,0.0,0.0,95.21255126511603,0.0,0.0,1.1102230246251565e-16,0.0,0.040720964406788816
8112.0,1.118059110198583,0.001201605,0.335710932,0.0,0.0,0.0012716544725826999,0.853786848393057,0.0,0.0,0.19000746744449995,0.19000768312792127,0.0,0.07299313988844344,95.21255017898837,0.0,-2.168404344971009e-19,0.0,0.0,0.04072101063042962
8113.0,1.1188428445210725,0.0,0.367295255,0.0,0.0,0.0,0.9341127389803743,0.0,0.0,0.0,0.0,0.0,0.18473010554069827,95.13955595297229,0.0,0.0,0.0,0.0,0.04072101109495048
8114.0,1.096664876275112,0.0,0.382576456,0.0,0.0,0.0,0.9729761991713306,0.0,0.0,0.0,0.0,0.0,0.1236886771037815,94.95482476213661,0.0,0.0,0.0,0.0,0.04072101155947135
8115.0,1.0531804694806046,0.0,0.388200487,0.0,0.0,0.0,0.9872793488309157,0.0,0.0,0.0,0.0,0.0,0.06590112064968885,94.83113500184515,0.0,0.0,1.1102230246251565e-16,0.0,0.04072101202399222
8116.0,1.005289163135051,0.0,0.388401441,0.0,0.0,0.0,0.9877904191178137,0.0,0.0,0.0,0.0,0.0,0.01749874401723723,94.76523279941877,0.0,0.0,0.0,0.0,0.0407210124885131
8117.0,0.9631431004704772,0.0,0.386542628,0.0,0.0,0.0,0.9830630482110418,0.0,0.01991994774056455,0.0,0.0,0.0,0.0,94.7477329743766,0.0,0.0,0.0,0.0,0.03664870574213955
8118.0,0.934224160510866,0.0,0.382259812,0.0,0.0,0.0,0.9721709037309586,0.0,0.037946743220092706,0.0,0.0179279529665081,0.0,0.0,94.74773189355133,0.0,0.0,1.1102230246251565e-16,0.0,0.036648747343232126
8119.0,0.9182689571314463,0.0,0.375095546,0.0,0.0,0.0,0.953950597192983,0.0,0.0356816400615367,0.0,0.05208000151403429,0.0,0.0,94.74773081272605,0.0,0.0,0.0,0.0,0.036648788944371916
8120.0,0.9149434396373867,0.0,0.36260487,0.0,0.0,0.0,0.9221840567565256,0.0,0.007240617119138943,0.0,0.0841934184518452,0.0,0.0,94.74772973190078,0.0,0.0,1.1102230246251565e-16,0.0,0.03664883054555894
8121.0,0.9276908998061808,0.0,0.350855064,0.0,0.0,0.0,0.8923017119243061,0.0,0.0,0.03538918788187481,0.09070987828859516,0.0,0.0,94.74772865107552,0.0,0.0,-1.1102230246251565e-16,0.0,0.04072096905199241
8122.0,0.9611109587435857,0.0,0.341884554,0.0,0.0,0.0,0.869487729026131,0.0,0.0,0.05532052464315779,0.0553205874392162,0.0,0.036302705074296934,94.74772757025028,0.0,0.0,0.0,0.0,0.04072101527563849
8123.0,1.0278482917892162,0.0,0.331575946,0.0,0.0,0.0,0.8432706681660472,0.0,0.0,0.0,0.0,0.0,0.184577623623169,94.71142378435076,0.0,0.0,0.0,0.0,0.0407210157401594
8124.0,1.0912301284322767,0.0,0.322257855,0.0,0.0,0.0,0.8195727102218903,0.0,0.0,0.0,0.0,0.0,0.2716574182103865,94.52684508031649,0.0,0.0,0.0,0.0,0.04072101620468033
8125.0,1.113808529241913,1.81e-08,0.311729252,0.0,0.0,1.915516825724499e-08,0.7927961536176755,0.0,0.0,0.0,0.0,0.0,0.3210123564690693,94.25518658380057,0.0,0.0,1.1102230246251565e-16,0.0,0.04072101666920125
8126.0,1.1104359020344798,0.057611904,0.276236763,0.0,0.0,0.06097048147736164,0.7025309360258479,0.0,0.0,0.0,0.0,0.0,0.3469344845312701,93.93417315212487,0.0,-6.938893903907228e-18,0.0,0.0,0.040721017133722184
8127.0,1.0945406564720812,0.241369864,0.217388592,0.0,0.0,0.25544090370985306,0.5528670744635866,0.0,0.0,0.0,0.0,0.0,0.2862326782986414,93.58723759604892,0.0,0.0,1.1102230246251565e-16,0.0,0.04072101759824312
8128.0,1.0733584162587917,0.372025426,0.197447738,0.0,0.0,0.3937132392819473,0.5021530902942357,0.0,0.0,0.0,0.0,0.0,0.17749208668260877,93.30100385016321,0.0,-5.551115123125783e-17,0.0,0.0,0.04072101806276406
8129.0,1.0530819673526415,0.422511073,0.241308667,0.0,0.0,0.4471420272853106,0.6137010941540018,0.0,0.007761154086670786,0.0,0.0,0.0,0.0,93.12351069915873,0.0,-5.551115123125783e-17,0.0,0.0,0.03664813420135846
8130.0,1.035120318453625,0.419150877,0.280049606,0.0,0.0,0.44358594332081763,0.7122278356442003,0.0,0.12069346051139289,0.0,0.006985038678003708,0.0,0.0,93.1235096368616,0.0,0.0,1.1102230246251565e-16,0.0,0.036648175801802255
8131.0,1.0272979646829874,0.406457674,0.308425063,0.0,0.0,0.4301527698849963,0.7843928731644642,0.0,0.18724767836647294,0.0,0.11560914520933036,0.0,0.0,93.12350857456447,0.0,-5.551115123125783e-17,0.0,0.0,0.03664821740229327
8132.0,1.0226769300711518,0.397331204,0.324308617,0.0,0.0,0.4204942578162284,0.8247882497169945,0.0,0.22260557746207119,0.0,0.28413192450774694,0.0,0.0,93.12350751226737,0.0,0.0,1.1102230246251565e-16,0.0,0.036648259002831515
8133.0,1.0380967957985978,0.381589389,0.338788737,0.0,0.0,0.40383474870023817,0.8616143844678082,0.0,0.22735233736944863,0.0,0.48447662169693956,0.0,0.0,93.12350644997026,0.0,0.0,0.0,0.0,0.03664830060341698
8134.0,1.0797717613294349,0.30590002,0.382043835,0.0,0.0,0.32373294767926014,0.9716216266458878,0.0,0.21558281299571314,0.0,0.6890931753854959,0.0,0.0,93.12350538767318,0.0,-5.551115123125783e-17,1.1102230246251565e-16,0.0,0.036648342204049666
8135.0,1.1215901973510007,0.126079163,0.445517486,0.0,0.0,0.13342914812141532,1.133049102720128,0.0,0.14488805349054246,0.0,0.8831169248713016,0.0,0.0,93.12350432537609,0.0,-2.7755575615628914e-17,0.0,0.0,0.036648383804729574
8136.0,1.1432670895547137,0.001704458,0.485870501,0.0,0.0,0.0018038220871495739,1.2356757085764059,0.0,0.09421244110884183,0.0,1.0135151705602747,0.0,0.0,93.12350326307903,0.0,-2.168404344971009e-19,0.0,0.0,0.0366484254054567
8137.0,1.1456289992752209,0.0,0.494550843,0.0,0.0,0.0,1.2577517303341776,0.0,0.11212273105895684,0.0,1.0983052170867569,0.0,0.0,93.12350220078197,0.0,0.0,2.220446049250313e-16,0.0,0.036648467006231054
8138.0,1.1262754724810733,0.0,0.486374165,0.0,0.0,0.0,1.2369566370723806,0.0,0.11068116459130742,0.0,1.199214428320617,0.0,0.0,93.12350113848494,0.0,0.0,2.220446049250313e-16,0.0,0.036648508607052634
8139.0,1.083754673460118,0.0,0.470013392,0.0,0.0,0.0,1.1953475874840156,0.0,0.11159291402389752,0.0,1.2988261151885194,0.0,0.0,93.12350007618791,0.0,0.0,0.0,0.0,0.036648550207921425
8140.0,1.0371139158695746,0.0,0.451659729,0.0,0.0,0.0,1.148670179644231,0.0,0.11155626377465629,0.0,1.3992582634735393,0.0,0.0,93.12349901389089,0.0,0.0,0.0,0.0,0.03664859180883745
8141.0,0.9969400371148713,0.0,0.428795293,0.0,0.0,0.0,1.0905208824604122,0.0,0.09358084534554087,0.0,1.4996573125306973,0.0,0.0,93.12349795159388,0.0,0.0,0.0,0.0,0.036648633409800686
8142.0,0.9664386390560263,0.0,0.402513728,0.0,0.0,0.0,1.023681073525661,0.0,0.05724243446963456,0.0,1.583878371035679,0.0,0.0,93.12349688929689,0.0,0.0,0.0,0.0,0.036648675010811156
8143.0,0.9510144906273644,0.0,0.379382699,0.0,0.0,0.0,0.9648537716193935,0.0,0.013839280992029093,0.0,1.6353947641504947,0.0,0.0,93.1234958269999,0.0,0.0,1.1102230246251565e-16,0.0,0.036648716611868845
8144.0,0.9475283718377127,0.0,0.361379664,0.0,0.0,0.0,0.9190680880177647,0.0,0.0,0.028460283819947904,1.6478482606576623,0.0,0.0,93.12349476470294,0.0,0.0,0.0,0.0,0.04072084245885973
8145.0,0.9578582471701943,0.0,0.345009552,0.0,0.0,0.0,0.877435287295263,0.0,0.0,0.0804229598749314,1.6193861063157182,0.0,0.0,93.12349370240598,0.0,0.0,0.0,0.0,0.0407208886823621
8146.0,0.9899057003679389,0.0,0.329268528,0.0,0.0,0.0,0.8374023959283549,0.0,0.0,0.152503304439584,1.538961308227036,0.0,0.0,93.12349264010903,0.0,0.0,0.0,0.0,0.04072093490591694
8147.0,1.0574160609830194,0.0,0.31929746,0.0,0.0,0.0,0.8120437736394838,0.0,0.0,0.24537228734353564,1.3864562568663021,0.0,0.0,93.1234915778121,0.0,0.0,0.0,0.0,0.04072098112952425
8148.0,1.1155023375727575,0.0,0.309984208,0.0,0.0,0.0,0.7883581223382318,0.0,0.0,0.21149732412979666,1.1410823957146758,0.0,0.11564689110472916,93.12349051551519,0.0,0.0,0.0,0.0,0.04072102735318403
8149.0,1.1295453148593277,0.0,0.293746856,0.0,0.0,0.0,0.7470629595392775,0.0,0.0,0.0,0.9295837763080192,0.0,0.3824823553200502,93.00784256211355,0.0,0.0,0.0,0.0,0.04072102781770508
8150.0,1.1184616841128672,0.025064573,0.259066288,0.0,0.0,0.0265257521055801,0.6588626358953601,0.0,0.0,0.0,0.9295827211095873,0.0,0.433073296111927,92.62535914581582,0.0,0.0,0.0,0.0,0.04072102828222614
8151.0,1.098532134005196,0.244392149,0.23483596,0.0,0.0,0.25863937761572864,0.5972395744853431,0.0,0.0,0.0,0.929581665912353,0.0,0.24265318190412408,92.19228479308937,0.0,0.0,1.1102230246251565e-16,0.0,0.0407210287467472
8152.0,1.076975157435525,0.373506948,0.21534317,0.0,0.0,0.39528112896077655,0.5476651157647445,0.0,0.0,0.0,0.9295806107163167,0.0,0.13402891271000394,91.94963055951098,0.0,0.0,0.0,0.0,0.040721029211268266
8153.0,1.0553475162957937,0.417982513,0.201958108,0.0,0.0,0.4423494676851432,0.5136239547204993,0.0,0.0,0.0,0.929579555521478,0.0,0.09937409389015123,91.81560059789477,0.0,-5.551115123125783e-17,0.0,0.0,0.04072102967578935
8154.0,1.0410154566771577,0.408807634,0.190998764,0.0,0.0,0.43263972453680816,0.4857519288723348,0.0,0.0,0.0,0.9295785003278372,0.0,0.1226238032680147,91.71622545662733,0.0,0.0,5.551115123125783e-17,0.0,0.04072103014031042
8155.0,1.0314436194598706,0.395581811,0.178755651,0.0,0.0,0.4186428811718612,0.45461499567651603,0.0,0.0,0.0,0.9295774451353941,0.0,0.15818574261149335,91.59360060711565,0.0,-5.551115123125783e-17,5.551115123125783e-17,0.0,0.04072103060483151
8156.0,1.0301052753299367,0.390703066,0.168576871,0.0,0.0,0.41347972198074556,0.42872811601813704,0.0,0.0,0.0,0.9295763899441488,0.0,0.18789743733105407,91.4354138196593,0.0,0.0,0.0,0.0,0.0407210310693526
8157.0,1.0443516809242568,0.370986445,0.163091154,0.0,0.0,0.39261368923382123,0.41477672932749976,0.0,0.0,0.0,0.9295753347541011,0.0,0.2369612623629358,91.2475153392879,0.0,0.0,5.551115123125783e-17,0.0,0.0407210315338737
8158.0,1.0802214449570926,0.298811076,0.164826679,0.0,0.0,0.31623074242587956,0.4191905516931574,0.0,0.0,0.0,0.9295742795652515,0.0,0.3448001508380556,91.01055303602806,0.0,0.0,5.551115123125783e-17,0.0,0.040721031998394795
8159.0,1.1134530650410028,0.108592839,0.191395645,0.0,0.0,0.11492343108159757,0.48676128467781427,0.0,0.0,0.0,0.9295732243775996,0.0,0.5117683492815911,90.66575184699622,0.0,-1.3877787807814457e-17,0.0,0.0,0.04072103246291591
8160.0,1.1244296282570685,0.00240585,0.209923223,0.0,0.0,0.002546102848159827,0.533880996671514,0.0,0.0,0.0742586409725974,0.9295721691911454,0.0,0.5137438877647974,90.15398246345413,0.0,0.0,0.0,0.0,0.040721582041194054
8161.0,1.12415339402865,0.0,0.20964967,0.0,0.0,0.0,0.5331852911359598,0.0,0.0,0.07722421512789296,0.8553124730332915,0.0,0.5137438877647974,89.64023754726679,0.0,0.0,1.1102230246251565e-16,0.0,0.04072162826553594
8162.0,1.101001111256098,0.0,0.205785549,0.0,0.0,0.0,0.5233579802684084,0.0,0.0,0.06389924322289216,0.778087287014551,0.0,0.5137438877647974,89.12649263693996,0.0,0.0,0.0,0.0,0.0407216744899303
8163.0,1.056495280221625,0.0,0.203023469,0.0,0.0,0.0,0.5163334024145972,0.0,0.0,0.026417990042230388,0.7141871605614367,0.0,0.5137438877647974,88.6127477324736,0.0,0.0,0.0,0.0,0.04072172071437714
8164.0,1.0072120959809399,0.0,0.200473655,0.0,0.0,0.0,0.5098486637554209,0.0,0.0,0.0,0.6877683598239348,0.0,0.4973634322255189,88.09900283386773,0.0,0.0,1.1102230246251565e-16,0.0,0.04072103478552151
8165.0,0.9617790601332487,0.0,0.19795431,0.0,0.0,0.0,0.5034414144747666,0.0,0.0,0.0,0.6877675791174366,0.0,0.45833764565848206,87.60163839666166,0.0,0.0,0.0,0.0,0.040721035250042656
8166.0,0.929630963456933,0.0,0.194913019,0.0,0.0,0.0,0.49570674154509214,0.0,0.0,0.0,0.6877667984118244,0.0,0.4339242219118408,87.14329975169623,0.0,0.0,5.551115123125783e-17,0.0,0.04072103571456381
8167.0,0.9101361075226642,0.0,0.18806547,0.0,0.0,0.0,0.47829191610256827,0.0,0.0,0.0,0.6877660177070987,0.0,0.4318441914200959,86.70937453570592,0.0,0.0,0.0,0.0,0.04072103617908495
8168.0,0.9035493130527816,0.0,0.179678679,0.0,0.0,0.0,0.45696245919938566,0.0,0.0,0.0,0.6877652370032589,0.0,0.4465868538533959,86.2775293551573,0.0,0.0,5.551115123125783e-17,0.0,0.0407210366436061
8169.0,0.9115922259360323,0.0,0.170642483,0.0,0.0,0.0,0.4339814223343069,0.0,0.0,0.0,0.6877644563003055,0.0,0.47761080360172525,85.8309415171016,0.0,0.0,5.551115123125783e-17,0.0,0.040721037108127266
8170.0,0.9423955544305903,0.0,0.16337949,0.0,0.0,0.0,0.41551003128836134,0.0,0.0,0.013141635377431644,0.6877636755982381,0.0,0.5137438877647974,85.353329734392,0.0,0.0,0.0,0.0,0.040722044286974166
8171.0,1.0077517163341292,0.0,0.157580096,0.0,0.0,0.0,0.40076089489190464,0.0,0.0,0.09324693367742713,0.6746212595196255,0.0,0.5137438877647974,84.83958487296762,0.0,0.0,5.551115123125783e-17,0.0,0.04072209051184076
8172.0,1.0644975074433256,0.0,0.153002084,0.0,0.0,0.0,0.38911800195988183,0.0,0.0,0.16163561771864637,0.581373560059368,0.0,0.5137438877647974,84.32584001740375,0.0,0.0,5.551115123125783e-17,0.0,0.04072213673675984
8173.0,1.0829109813206077,0.0,0.147138628,0.0,0.0,0.0,0.37420594178624605,0.0,0.0,0.1949611517695643,0.4197372824061524,0.0,0.5137438877647974,83.81209516770036,0.0,0.0,-5.551115123125783e-17,0.0,0.040722182961731385
8174.0,1.0822814242418868,0.024693143,0.140568248,0.0,0.0,0.026132669003602838,0.3574960181637863,0.0,0.0,0.18490884930970033,0.22477565418020676,0.0,0.5137438877647974,83.29835032385746,0.0,0.0,5.551115123125783e-17,0.0,0.0407222291867554
8175.0,1.072279175552413,0.208835566,0.117040124,0.0,0.0,0.22100996711751333,0.29765881620290097,0.0,0.0,0.03986650446720146,0.03986654972091804,0.0,0.5137438877647974,82.78460548587506,0.0,0.0,0.0,0.0,0.04072227541183188
8176.0,1.056150522773754,0.354244357,0.095514031,0.0,0.0,0.3748955946140642,0.2429132200699581,0.0,0.0,0.0,0.0,0.0,0.43834170808973166,82.27086065375316,0.0,5.551115123125783e-17,0.0,0.0,0.040721040359775536
8177.0,1.0392338529713898,0.405596164,0.091543638,0.0,0.0,0.42924103679078085,0.23281563609747113,0.0,0.0,0.0,0.0,0.0,0.3771771800831378,81.83251800716681,0.0,0.0,2.7755575615628914e-17,0.0,0.04072104082429673
8178.0,1.0282487243528924,0.398789019,0.095834631,0.0,0.0,0.4220370584578271,0.243728576489733,0.0,0.0,0.0,0.0,0.0,0.36248308940533225,81.45533989358741,0.0,0.0,0.0,0.0,0.04072104128881794
8179.0,1.0201951047166025,0.382658256,0.102120807,0.0,0.0,0.404965927000217,0.25971570673750244,0.0,0.0,0.0,0.0,0.0,0.355513470978883,81.09285587498842,0.0,-5.551115123125783e-17,0.0,0.0,0.040721041753339154
8180.0,1.0185398406967001,0.378675906,0.109181785,0.0,0.0,0.400751419579817,0.27767332913983966,0.0,0.0,0.0,0.0,0.0,0.3401150919770433,80.73734147895091,0.0,0.0,0.0,0.0,0.04072104221786037
8181.0,1.0311995054905707,0.377425433,0.115499636,0.0,0.0,0.3994280482695329,0.2937410158897812,0.0,0.0,0.0,0.0,0.0,0.33803044133125654,80.3972254659707,0.0,0.0,5.551115123125783e-17,0.0,0.040721042682381595
8182.0,1.0692341749879875,0.316965264,0.139668777,0.0,0.0,0.3354432576586784,0.3552084652809062,0.0,0.0,0.0,0.0,0.0,0.37858245204840285,80.05919410751613,0.0,0.0,0.0,0.0,0.04072104314690282
8183.0,1.0946584307555154,0.149845695,0.19118421,0.0,0.0,0.15858118786457537,0.48622355889922686,0.0,0.0,0.0,0.0,0.0,0.44985368399171316,79.68061074220049,0.0,0.0,5.551115123125783e-17,0.0,0.040721043611424056
8184.0,1.0997419970986562,0.003101876,0.235728928,0.0,0.0,0.003282704789674589,0.5995105888067829,0.0,0.0,0.0,0.0,0.0,0.49694870350219883,79.23075614926017,0.0,0.0,0.0,0.0,0.0407210440759453
8185.0,1.0963608044887911,0.0,0.261057074,0.0,0.0,0.0,0.663925643211324,0.0,0.0,0.0,0.0,0.0,0.4324351612774672,78.73380654194104,0.0,0.0,0.0,0.0,0.040721044540466544
8186.0,1.0776668136818748,0.0,0.280983558,0.0,0.0,0.0,0.7146030813053408,0.0,0.0,0.0,0.0,0.0,0.363063732376534,78.30137048251555,0.0,0.0,0.0,0.0,0.04072104500498779
8187.0,1.0434201934098228,0.0,0.289786142,0.0,0.0,0.0,0.7369899913958206,0.0,0.0,0.0,0.0,0.0,0.3064302020140024,77.93830585692395,0.0,0.0,0.0,0.0,0.04072104546950904
8188.0,1.0017880548911438,0.0,0.293130253,0.0,0.0,0.0,0.7454948022888018,0.0,0.0,0.0,0.0,0.0,0.25629325260234187,77.63187476583651,0.0,0.0,1.1102230246251565e-16,0.0,0.0407210459340303
8189.0,0.9627490919586247,0.0,0.294936406,0.0,0.0,0.0,0.7500882472159561,0.0,0.0,0.0,0.0,0.0,0.21266084474266841,77.37558062765633,0.0,0.0,1.1102230246251565e-16,0.0,0.04072104639855157
8190.0,0.9313932950072299,0.0,0.29292164,0.0,0.0,0.0,0.7449642534778271,0.0,0.0,0.0,0.0,0.0,0.18642904152940273,77.16291890025946,0.0,0.0,0.0,0.0,0.04072104686307284
8191.0,0.9111532490614139,0.0,0.290341503,0.0,0.0,0.0,0.738402396750289,0.0,0.0,0.0,0.0,0.0,0.172750852311125,76.97648897850178,0.0,0.0,0.0,0.0,0.040721047327594115
8192.0,0.9017377304385031,0.0,0.290503794,0.0,0.0,0.0,0.7388151385117414,0.0,0.0,0.0,0.0,0.0,0.16292259192676173,76.80373724808905,0.0,0.0,1.1102230246251565e-16,0.0,0.0407210477921154
8193.0,0.9013587113809058,0.0,0.288320962,0.0,0.0,0.0,0.7332637159150788,0.0,0.0,0.0,0.0,0.0,0.1680949954658271,76.64081378003132,0.0,0.0,0.0,0.0,0.04072104825663668
8194.0,0.9132496313065424,0.0,0.285900779,0.0,0.0,0.0,0.7271086574432133,0.0,0.0,0.0,0.0,0.0,0.1861409738633291,76.47271791029308,0.0,0.0,0.0,0.0,0.04072104872115798
8195.0,0.9369329690298522,0.0,0.281484313,0.0,0.0,0.0,0.715876611573539,0.0,0.0,0.0,0.0,0.0,0.2210563574563133,76.28657606407488,0.0,0.0,0.0,0.0,0.04072104918567927
8196.0,0.9703658760709043,0.0,0.274996994,0.0,0.0,0.0,0.69937793037024,0.0,0.0,0.0,0.0,0.0,0.2709879457006643,76.06551883638706,0.0,0.0,0.0,0.0,0.040721049650200576
8197.0,1.0055418425067824,0.0,0.268612009,0.0,0.0,0.0,0.6831395070704382,0.0,0.0,0.0,0.0,0.0,0.32240233543634406,75.79453002297659,0.0,0.0,1.1102230246251565e-16,0.0,0.040721050114721886
8198.0,1.0289446633004582,0.025802832,0.266200064,0.0,0.0,0.027307049086929578,0.6770053996471883,0.0,0.0,0.0,0.0,0.0,0.3246322145663404,75.47212682292174,0.0,-3.469446951953614e-18,0.0,0.0,0.040721050579243204
8199.0,1.0373623125400901,0.346475657,0.234800569,0.0,0.0,0.3666740059046687,0.5971495673766337,0.0,0.0,0.0,0.0,0.0,0.07353873925878773,75.14749374741466,0.0,-5.551115123125783e-17,0.0,0.0,0.04072105104376452
8200.0,1.0344672065182172,0.518189179,0.188865383,0.0,0.0,0.5483978404877704,0.48032627106143094,0.0,0.0,0.0,0.0,0.0,0.005743094969015802,75.07395415091834,0.0,0.0,5.551115123125783e-17,0.0,0.04072105150828585
8201.0,1.0243429008440934,0.560071148,0.1809501,0.0,0.0,0.5927213854126167,0.46019596286309944,0.0,0.028574447431622695,0.0,0.0,0.0,0.0,75.0682101995507,0.0,0.0,0.0,0.0,0.03664857612794044
8202.0,1.0138738377220988,0.535118404,0.199085049,0.0,0.0,0.5663139815562652,0.506317132823924,0.0,0.058757276658090295,0.0,0.025717002688460427,0.0,0.0,75.06820934321759,0.0,0.0,0.0,0.0,0.03664861772888589
8203.0,1.0073063154076871,0.524324164,0.217061327,0.0,0.0,0.5548904741855977,0.552034767480687,0.0,0.0996189262585976,0.0,0.07859852248860043,0.0,0.0,75.0682084868845,0.0,0.0,1.1102230246251565e-16,0.0,0.03664865932987855
8204.0,1.007734585529266,0.547882575,0.232624834,0.0,0.0,0.5798222601844005,0.591616194014254,0.0,0.16370386866938838,0.0,0.16825546690179743,0.0,0.0,75.06820763055143,0.0,-1.1102230246251565e-16,0.0,0.0,0.03664870093091843
8205.0,1.0186661803825658,0.579743083,0.235437771,0.0,0.0,0.613540127118174,0.5987701124215289,0.0,0.19364405915713703,0.0,0.31558875771241884,0.0,0.0,75.06820677421834,0.0,-1.1102230246251565e-16,0.0,0.0,0.03664874253200555
8206.0,1.0512404058298526,0.497401647,0.272475972,0.0,0.0,0.5263984662826398,0.6929664161091865,0.0,0.16812447656197368,0.0,0.4898680527195756,0.0,0.0,75.06820591788528,0.0,-1.1102230246251565e-16,0.0,0.0,0.03664878413313988
8207.0,1.0758766445736754,0.199904948,0.320397753,0.0,0.0,0.21155872455225472,0.8148420611041856,0.0,0.0,0.049475858917235084,0.6411795255614292,0.0,0.0,75.06820506155223,0.0,0.0,1.1102230246251565e-16,0.0,0.04072091748257937
8208.0,1.083088713421063,0.003280463,0.345327057,0.0,0.0,0.0034717028025782696,0.8782427724482904,0.0,0.0,0.20137423817019423,0.5917029388220794,0.0,0.0,75.06820420521919,0.0,-4.336808689942018e-19,1.1102230246251565e-16,0.0,0.0407209637061669
8209.0,1.0809816244228951,0.0,0.347580622,0.0,0.0,0.0,0.8839740846445787,0.0,0.0,0.19700753977831637,0.3903280289921281,0.0,0.0,75.06820334888616,0.0,0.0,1.1102230246251565e-16,0.0,0.04072100992980691
8210.0,1.0627929923594417,0.0,0.340812712,0.0,0.0,0.0,0.8667617987214385,0.0,0.0,0.19331982669737222,0.1933200461407562,0.0,0.002711366940630773,75.06820249255313,0.0,0.0,1.1102230246251565e-16,0.0,0.04072105615349937
8211.0,1.033360128253936,0.0,0.333558015,0.0,0.0,0.0,0.8483115062308842,0.0,0.0,0.0,0.0,0.0,0.18504862202305158,75.06549026927948,0.0,0.0,1.1102230246251565e-16,0.0,0.04072105661802075
8212.0,0.9985910184335578,0.0,0.330133397,0.0,0.0,0.0,0.8396019483033215,0.0,0.0,0.0,0.0,0.0,0.1589890701302363,74.88044079095435,0.0,0.0,0.0,0.0,0.040721057082542145
8213.0,0.9633615182324824,0.0,0.32798379,0.0,0.0,0.0,0.8341350242002551,0.0,0.0,0.0,0.0,0.0,0.12922649403222727,74.72145086663296,0.0,0.0,1.1102230246251565e-16,0.0,0.04072105754706354
8214.0,0.9360614393324392,0.0,0.322082046,0.0,0.0,0.0,0.8191255892087768,0.0,0.0,0.0,0.0,0.0,0.11693585012366245,74.59222352022327,0.0,0.0,0.0,0.0,0.04072105801158493
8215.0,0.9167700117059204,0.0,0.315397837,0.0,0.0,0.0,0.8021261733657726,0.0,0.0,0.0,0.0,0.0,0.11464383834014784,74.47528681919627,0.0,0.0,0.0,0.0,0.040721058476106346
8216.0,0.9055578999229864,0.0,0.308635701,0.0,0.0,0.0,0.7849285719964931,0.0,0.0,0.0,0.0,0.0,0.12062932792649327,74.36064213128674,0.0,0.0,1.1102230246251565e-16,0.0,0.040721058940627754
8217.0,0.904208849040013,0.0,0.30232192,0.0,0.0,0.0,0.7688712361530661,0.0,0.0,0.0,0.0,0.0,0.1353376128869469,74.24001195509865,0.0,0.0,0.0,0.0,0.04072105940514916
8218.0,0.9128384919898267,0.0,0.303524111,0.0,0.0,0.0,0.7719286726772258,0.0,0.0,0.0,0.0,0.0,0.140909819312601,74.10467349532618,0.0,0.0,-1.1102230246251565e-16,0.0,0.040721059869670576
8219.0,0.9309714489374747,0.0,0.310833958,0.0,0.0,0.0,0.7905192237658791,0.0,0.0,0.0,0.0,0.0,0.14045222517159558,73.96376283067194,0.0,0.0,0.0,0.0,0.040721060334192004
8220.0,0.9595970238638044,0.0,0.318338096,0.0,0.0,0.0,0.8096038996647461,0.0,0.0,0.0,0.0,0.0,0.14999312419905833,73.82330976176611,0.0,0.0,0.0,0.0,0.04072106079871344
8221.0,0.9962355327648742,0.0,0.317815248,0.0,0.0,0.0,0.8082741820310391,0.0,0.0,0.0,0.0,0.0,0.18796135073383508,73.67331579543503,0.0,0.0,0.0,0.0,0.040721061263234874
8222.0,1.0262508442357272,0.06322169,0.285151146,0.0,0.0,0.06690729886504879,0.7252021755997164,0.0,0.0,0.0,0.0,0.0,0.23414136977096198,73.4853536042802,0.0,0.0,0.0,0.0,0.040721061727756316
8223.0,1.0334243687721727,0.43000241,0.219742604,0.0,0.0,0.4550700836779473,0.5588538455067157,0.0,0.0,0.0,0.0,0.0,0.01950043958750971,73.25121139623242,0.0,-5.551115123125783e-17,1.1102230246251565e-16,0.0,0.04072106219227776
8224.0,1.0277048212984874,0.576428816,0.158857321,0.0,0.0,0.6100326496577079,0.4040091594060874,0.0,0.0,0.0,0.0,0.0,0.013663012234692126,73.23171012103903,0.0,0.0,5.551115123125783e-17,0.0,0.04072106265679921
8225.0,1.019775399997455,0.57376788,0.139117717,0.0,0.0,0.6072165901658979,0.35380699831683526,0.0,0.0,0.0,0.0,0.0,0.05875181151472184,73.21804627342094,0.0,0.0,0.0,0.0,0.040721063121320664
8226.0,1.009940176655397,0.537758038,0.147803123,0.0,0.0,0.5691074972141407,0.3758958989420736,0.0,0.0,0.0,0.0,0.0,0.06493678049918283,73.15929362667868,0.0,0.0,5.551115123125783e-17,0.0,0.040721063585842134
8227.0,1.0025717892136332,0.524945548,0.156852017,0.0,0.0,0.5555480827531314,0.3989092296181889,0.0,0.0,0.0,0.0,0.0,0.048114476842312945,73.09435601162215,0.0,0.0,0.0,0.0,0.040721064050363596
8228.0,0.998404720930671,0.539378783,0.160407853,0.0,0.0,0.5708227261189521,0.407952503823637,0.0,0.0,0.0,0.0,0.0,0.019629490988081855,73.04624070096328,0.0,0.0,0.0,0.0,0.040721064514885066
8229.0,1.013197170930004,0.562667378,0.164951631,0.0,0.0,0.5954689667653518,0.41950833215280714,0.0,0.0017801279881549774,0.0,0.0,0.0,0.0,73.02661037670751,0.0,1.1102230246251565e-16,5.551115123125783e-17,0.0,0.036648876114985414
8230.0,1.0537500687423045,0.493005133,0.212002818,0.0,0.0,0.5217456505138367,0.5391698648367723,0.0,0.0071654466083045446,0.0,0.0016021151893394797,0.0,0.0,73.02660954366377,0.0,0.0,0.0,0.0,0.03664891771627138
8231.0,1.0902986409178428,0.139046616,0.273353307,0.0,0.0,0.14715255939671457,0.695197672268086,0.0,0.0,0.008051006179255537,0.008051015318204555,0.0,0.2398974030737866,73.02660871062001,0.0,0.0,1.1102230246251565e-16,0.0,0.04072106590844951
8232.0,1.1047420507680892,0.00069641,0.311773166,0.0,0.0,0.000737008327404861,0.7929078365927784,0.0,0.0,0.0,0.0,0.0,0.31109720584790584,72.78671047450248,0.0,0.0,1.1102230246251565e-16,0.0,0.04072106637297101
8233.0,1.109114688709409,0.0,0.325368879,0.0,0.0,0.0,0.8274847295309163,0.0,0.0,0.0,0.0,0.0,0.2816299591784925,72.47561243834745,0.0,0.0,1.1102230246251565e-16,0.0,0.040721066837492506
8234.0,1.0898125543298507,0.0,0.325369668,0.0,0.0,0.0,0.8274867361317124,0.0,0.0,0.0,0.0,0.0,0.26232581819813827,72.19398165241066,0.0,0.0,1.1102230246251565e-16,0.0,0.04072106730201401
8235.0,1.048762863176519,0.0,0.325284102,0.0,0.0,0.0,0.827269122945766,0.0,0.0,0.0,0.0,0.0,0.22149374023075297,71.93165501066689,0.0,0.0,0.0,0.0,0.04072106776653552
8236.0,1.0037002809839934,0.0,0.328303355,0.0,0.0,0.0,0.8349477483870468,0.0,0.0,0.0,0.0,0.0,0.1687525325969467,71.71016044988299,0.0,0.0,0.0,0.0,0.04072106823105704
8237.0,0.9676142405397603,0.0,0.334925748,0.0,0.0,0.0,0.8517899525256069,0.0,0.0,0.0,0.0,0.0,0.11582428801415348,71.54140709925954,0.0,0.0,0.0,0.0,0.04072106869557855
8238.0,0.9422649320435088,0.0,0.340829349,0.0,0.0,0.0,0.8668041102771336,0.0,0.0,0.0,0.0,0.0,0.07546082176637522,71.42558199514396,0.0,0.0,0.0,0.0,0.040721069160100085
8239.0,0.9276309419891597,0.0,0.343427791,0.0,0.0,0.0,0.8734125206517833,0.0,0.0,0.0,0.0,0.0,0.0542184213373765,71.3501203585974,0.0,0.0,0.0,0.0,0.04072106962462161
8240.0,0.9250506145066473,0.0,0.343643287,0.0,0.0,0.0,0.8739605744479025,0.0,0.0,0.0,0.0,0.0,0.051090040058744644,71.29590112334064,0.0,0.0,1.1102230246251565e-16,0.0,0.04072107008914315
8241.0,0.9364340343382128,0.0,0.342735862,0.0,0.0,0.0,0.8716527927909649,0.0,0.0,0.0,0.0,0.0,0.06478124154724797,71.24481026998103,0.0,0.0,0.0,0.0,0.04072107055366469
8242.0,0.971203144158591,0.0,0.339735425,0.0,0.0,0.0,0.8640220205823554,0.0,0.0,0.0,0.0,0.0,0.10718112357623548,71.18002821571574,0.0,0.0,1.1102230246251565e-16,0.0,0.04072107101818624
8243.0,1.0390496968191107,0.0,0.336182711,0.0,0.0,0.0,0.8549866863106022,0.0,0.0,0.0,0.0,0.0,0.18406301050850857,71.07284628016043,0.0,0.0,0.0,0.0,0.04072107148270779
8244.0,1.1057741817610942,0.0,0.334030714,0.0,0.0,0.0,0.8495136839110814,0.0,0.0,0.0,0.0,0.0,0.2562604978500128,70.88878245889555,0.0,0.0,1.1102230246251565e-16,0.0,0.04072107194722934
8245.0,1.13228838498804,0.0,0.334301639,0.0,0.0,0.0,0.8502027058637561,0.0,0.0,0.0,0.0,0.0,0.28208567912428395,70.63252115238885,0.0,0.0,0.0,0.0,0.04072107241175091
8246.0,1.1336224464167581,0.051215982,0.307509332,0.0,0.0,0.054201699042543135,0.7820639675199323,0.0,0.0,0.0,0.0,0.0,0.29735677985428255,70.35043466753113,0.0,0.0,0.0,0.0,0.040721072876272475
8247.0,1.1201811886510062,0.377261666,0.230134168,0.0,0.0,0.39925473421207525,0.5852818817478315,0.0,0.0,0.0,0.0,0.0,0.13564457269109967,70.05307708516129,0.0,0.0,0.0,0.0,0.04072107334079405
8248.0,1.1002837588024534,0.462514341,0.158541837,0.0,0.0,0.4894773493504854,0.40320681410123316,0.0,0.0,0.0,0.0,0.0,0.2075995953507348,69.91743171334673,0.0,-5.551115123125783e-17,5.551115123125783e-17,0.0,0.04072107380531562
8249.0,1.0784034382909904,0.470763292,0.126800923,0.0,0.0,0.49820718605494774,0.3224826781080239,0.0,0.0,0.0,0.0,0.0,0.2577135741280187,69.70983132041988,0.0,0.0,0.0,0.0,0.04072107426983721
8250.0,1.0589107237073296,0.455576309,0.12569235,0.0,0.0,0.48213485375191356,0.3196633327794552,0.0,0.0,0.0,0.0,0.0,0.25711253717596083,69.45211695108392,0.0,0.0,0.0,0.0,0.040721074734358806
8251.0,1.0446878729696962,0.44437199,0.136388634,0.0,0.0,0.4702773611744082,0.34686633910239817,0.0,0.0,0.0,0.0,0.0,0.22754417269288993,69.19500362163988,0.0,-5.551115123125783e-17,0.0,0.0,0.040721075198880394
8252.0,1.0394608361358266,0.443028503,0.146353758,0.0,0.0,0.4688555534652137,0.3722098444899618,0.0,0.0,0.0,0.0,0.0,0.1983954381806512,68.9674586596119,0.0,0.0,0.0,0.0,0.040721075663401995
8253.0,1.0538335814160125,0.431767965,0.172240472,0.0,0.0,0.45693856451178266,0.43804546035638947,0.0,0.0,0.0,0.0,0.0,0.15884955654784033,68.76906243469186,0.0,-5.551115123125783e-17,5.551115123125783e-17,0.0,0.0407210761279236
8254.0,1.0977783785912172,0.340020833,0.242002571,0.0,0.0,0.3598428876841768,0.615465844874861,0.0,0.0,0.0,0.0,0.0,0.1224696460321794,68.61021209366783,0.0,0.0,0.0,0.0,0.040721076592445206
8255.0,1.137571096937715,0.087033426,0.312835527,0.0,0.0,0.0921071778472089,0.795609654626055,0.0,0.0,0.0,0.0,0.0,0.2498542644644511,68.48774166497151,0.0,-1.3877787807814457e-17,1.1102230246251565e-16,0.0,0.04072107705696683
8256.0,1.159352915321215,0.002336001,0.362326274,0.0,0.0,0.0024721818897288704,0.9214755257611308,0.0,0.0,0.0,0.0,0.0,0.2354052076703555,68.23788661923999,0.0,0.0,0.0,0.0,0.040721077521488444
8257.0,1.1623765023795616,0.0,0.399644137,0.0,0.0,0.0,1.016383071516995,0.0,0.0,0.0,0.0,0.0,0.14599343086256644,68.00248063315277,0.0,0.0,0.0,0.0,0.040721077986010074
8258.0,1.141517606108064,0.0,0.433231495,0.0,0.0,0.0,1.1018031213254098,0.0,0.0,0.0,0.0,0.0,0.03971448478265414,67.8564864265587,0.0,0.0,0.0,0.0,0.0407210784505317
8259.0,1.0985214272521564,0.0,0.463125567,0.0,0.0,0.0,1.1778303313017449,0.0,0.0,0.0,0.0,0.07930890404958846,0.0,67.81677116770996,0.0,0.0,0.0,0.0,0.01995332866837614
8260.0,1.0500862178521975,0.0,0.484018926,0.0,0.0,0.0,1.2309667454979758,0.0,0.0,0.0,0.0,0.18088052764577822,0.0,67.85563175708123,0.0,0.0,0.0,0.0,0.019953328895991742
8261.0,1.0094733622228762,0.0,0.495471197,0.0,0.0,0.0,1.260092393286035,0.0,0.033932272227762385,0.0,0.0,0.21668675883539654,0.0,67.94426244157133,0.0,0.0,2.220446049250313e-16,0.0,0.019953239435729977
8262.0,0.9823531567738961,0.0,0.498099308,0.0,0.0,0.0,1.266776258462988,0.0,0.06773634285369527,0.0,0.030539045004986144,0.21668675883539654,0.0,68.05043817833328,0.0,0.0,0.0,0.0,0.019953262085276372
8263.0,0.9683594305513075,0.0,0.494471524,0.0,0.0,0.0,1.2575500046452814,0.0,0.07250381525857748,0.0,0.09150171890752573,0.21668675883539654,0.0,68.15661391388406,0.0,0.0,2.220446049250313e-16,0.0,0.01995328473484847
8264.0,0.9672223733785157,0.0,0.482603954,0.0,0.0,0.0,1.2273681600207402,0.0,0.04345902780682782,0.0,0.15675504877389929,0.21668675883539654,0.0,68.26278964822365,0.0,0.0,0.0,0.0,0.019953307384446277
8265.0,0.9785158564845496,0.0,0.470972128,0.0,0.0,0.0,1.1977858643164214,0.0,0.14585174601962303,0.0,0.19586799586268583,0.07341826181224873,0.0,68.36896538135204,0.0,0.0,0.0,0.0,0.0199533300340698
8266.0,1.0130280042319806,0.0,0.465413978,0.0,0.0,0.0,1.1836502645516933,0.0,0.17062226031971273,0.0,0.3271343449447084,0.0,0.0,68.4049395497279,0.0,0.0,0.0,0.0,0.019953352683719033
8267.0,1.0823199685528289,0.0,0.456732195,0.0,0.0,0.0,1.1615705780135068,0.0,0.07925060946067804,0.0,0.4806940078924409,0.0,0.0,68.40493876940539,0.0,0.0,2.220446049250313e-16,0.0,0.019953375333393975
8268.0,1.1481044005779466,0.0,0.445694751,0.0,0.0,0.0,1.1334999266619599,0.0,0.0,0.014604473915986517,0.5520190107568619,0.0,0.0,68.4049379890829,0.0,0.0,2.220446049250313e-16,0.0,0.022170442203438476
8269.0,1.1638690237532638,0.0,0.431706542,0.0,0.0,0.0,1.0979248299392432,0.0,0.0,0.06594419381402061,0.5374139102275358,0.0,0.0,68.4049372087604,0.0,0.0,2.220446049250313e-16,0.0,0.022170467369801102
8270.0,1.1443291994562292,0.014369006,0.358837622,0.0,0.0,0.01520667003421894,0.9126031152665564,0.0,0.0,0.2165194141554539,0.47146910637886325,0.0,0.0,68.40493642843792,0.0,0.0,1.1102230246251565e-16,0.0,0.022170492536192292
8271.0,1.1102967142449667,0.197519296,0.285110424,0.0,0.0,0.20903399717859547,0.7250986105837273,0.0,0.0,0.17616410648264408,0.2549491570446826,0.0,0.0,68.40493564811544,0.0,-2.7755575615628914e-17,0.0,0.0,0.022170517702612053
8272.0,1.0734012432709497,0.363307463,0.239904317,0.0,0.0,0.3844870487777795,0.6101295227625143,0.0,0.0,0.07878467173065597,0.0787847611616019,0.0,0.0,68.40493486779299,0.0,0.0,0.0,0.0,0.02217054286906038
8273.0,1.0425400983099784,0.433654652,0.281575267,0.0,0.0,0.45893523892801236,0.7161079276303208,0.0,0.0,0.0,0.0,0.13250306824835467,0.0,68.40493408747052,0.0,-5.551115123125783e-17,0.0,0.0,0.019953331854994837
8274.0,1.019229355592442,0.436916017,0.338896755,0.0,0.0,0.4623867303823377,0.773529384045501,0.0,0.0,0.0,0.0,0.21668675883539654,0.0,68.46985981058977,0.0,0.0,0.08835971398984077,0.0,1.05e-08
8275.0,1.0042698802456933,0.432394815,0.367164813,0.0,0.0,0.4576019577284707,0.7633546813526192,0.0,0.0,0.0,0.0,0.21668675883539654,0.0,68.57603554135603,0.0,5.551115123125783e-17,0.17042631488880222,0.0,1.05e-08
8276.0,0.9994154384175971,0.444695592,0.376956137,0.0,0.0,0.4706198280671364,0.7454823691858572,0.0,0.0,0.0,0.0,0.21668675883539654,0.0,68.68221127091111,0.0,-5.551115123125783e-17,0.21320012075954442,0.0,1.05e-08
8277.0,1.0154584371719404,0.469734442,0.417760896,0.0,0.0,0.49711835760956286,0.7350268383977742,0.0,0.0,0.0,0.0,0.21668675883539654,0.0,68.788386999255,0.0,0.0,0.3274311419032653,0.0,1.05e-08
8278.0,1.0659750393627725,0.422956366,0.48353378,0.0,0.0,0.4476132793482262,0.8350485188499429,0.0,0.0,0.0,0.0,0.21668675883539654,0.0,68.89456272638769,0.0,0.0,0.394684393505088,0.0,1.05e-08
8279.0,1.1124680437613714,0.180223919,0.537577402,0.0,0.0,0.19073035869751892,1.138424443899249,0.0,0.0,0.0,0.0,0.21668675883539654,0.0,69.0007384523092,0.0,0.0,0.22875330359485835,0.0,1.05e-08
8280.0,1.1347423727846868,0.001881107,0.564124908,0.0,0.0,0.001990769121264163,1.349438362498819,0.0,0.0,0.0,0.0,0.21668675883539654,0.0,69.10691417701952,0.0,0.0,0.08525554047286965,0.0,1.05e-08
8281.0,1.1400529222922644,0.0,0.565072668,0.0,0.0,0.0,1.3567396811276609,0.0,0.0,0.0,0.0,0.21668675883539654,0.0,69.21308990051865,0.0,0.0,0.08036458429070859,0.0,1.05e-08
8282.0,1.120671557940214,0.0,0.563421053,0.0,0.0,0.0,1.3373583167756107,0.0,0.0,0.0,0.0,0.21668675883539654,0.0,69.3192656228066,0.0,0.0,0.09554552789027437,0.0,1.05e-08
8283.0,1.0800094512469112,0.0,0.55360722,0.0,0.0,0.0,1.2966962100823076,0.0,0.0,0.0,0.0,0.21668675883539654,0.0,69.42544134388335,0.0,0.0,0.1112488955344546,0.0,1.05e-08
8284.0,1.0298119102966552,0.0,0.534576758,0.0,0.0,0.0,1.2464986691320517,0.0,0.0,0.0,0.0,0.21668675883539654,0.0,69.53161706374891,0.0,0.0,0.11304777970684987,0.0,1.05e-08
8285.0,0.9868178727913555,0.0,0.523724952,0.0,0.0,0.0,1.203504631626752,0.0,0.0,0.0,0.0,0.21668675883539654,0.0,69.63779278240328,0.0,0.0,0.1284432841857872,0.0,1.05e-08
8286.0,0.9586912325566652,0.0,0.528678168,0.0,0.0,0.0,1.1753779913920617,0.0,0.0,0.0,0.0,0.21668675883539654,0.0,69.74396849984647,0.0,0.0,0.16916704377210467,0.0,1.05e-08
8287.0,0.9401492776429093,0.0,0.539045393,0.0,0.0,0.0,1.156836036478306,0.0,0.0,0.0,0.0,0.21668675883539654,0.0,69.85014421607846,0.0,0.0,0.2140751354887327,0.0,1.05e-08
8288.0,0.9362927051980918,0.0,0.544422881,0.0,0.0,0.0,1.1529794640334883,0.0,0.0,0.0,0.0,0.21668675883539654,0.0,69.95631993109926,0.0,0.0,0.2316078444371763,0.0,1.05e-08
8289.0,0.9462028758114261,0.0,0.536148871,0.0,0.0,0.0,1.1628896346468227,0.0,0.0,0.0,0.0,0.21668675883539654,0.0,70.06249564490889,0.0,0.0,0.2006550438463568,0.0,1.05e-08
8290.0,0.9798413525108361,0.0,0.527579611,0.0,0.0,0.0,1.2265976426688758,0.0,0.030069531322642975,0.0,0.0,0.21668675883539654,0.0,70.16867135750732,0.0,0.0,0.11515352006098412,0.0,1.05e-08
8291.0,1.0447628202409727,0.0,0.523409724,0.0,0.0,0.0,1.3311462215720746,0.0,0.06969664249570555,0.0,0.02706257819037868,0.21668675883539654,0.0,70.27484706889456,0.0,0.0,2.220446049250313e-16,0.0,1.050001191887853e-08
8292.0,1.103268801549858,0.0,0.521040083,0.0,0.0,0.0,1.3251197025392871,0.0,0.0051641421540325775,0.0,0.0897895257169693,0.21668675883539654,0.0,70.3810227790706,0.0,0.0,0.0,0.0,1.0500023837770588e-08
8293.0,1.1177314835555754,0.0,0.512988419,0.0,0.0,0.0,1.3046425474167966,0.0,0.0,0.029775694974175412,0.09443715173281428,0.21668675883539654,0.0,70.48719848803547,0.0,0.0,0.0,0.0,1.166670639630686e-08
8294.0,1.104318063347726,0.053601792,0.471692116,0.0,0.0,0.056726593627063455,1.199616952394902,0.0,0.0,0.0646612761611571,0.06466134956019484,0.21668675883539654,0.0,70.59337419578914,0.0,0.0,0.0,0.0,1.1666719639550327e-08
8295.0,1.078778174647372,0.316073919,0.391594696,0.0,0.0,0.33449995028573615,0.9609649831970324,0.0,0.0,0.0,0.0,0.21668675883539654,0.0,70.69954990233164,0.0,0.0,0.03494658677614093,0.0,1.05e-08
8296.0,1.0500519562424713,0.467795016,0.35158448,0.0,0.0,0.49506586968953664,0.7716728453883313,0.0,0.0,0.0,0.0,0.21668675883539654,0.0,70.80572560766294,0.0,-5.551115123125783e-17,0.12248393209519659,0.0,1.05e-08
8297.0,1.0234563816924254,0.510244819,0.374659754,0.0,0.0,0.5399903513995865,0.7001527891282354,0.0,0.0,0.0,0.0,0.21668675883539654,0.0,70.91190131178304,0.0,-1.1102230246251565e-16,0.25268949301519505,0.0,1.05e-08
8298.0,1.0058052286315533,0.496274795,0.406042327,0.0,0.0,0.5252059226549594,0.6972860648119905,0.0,0.0,0.0,0.0,0.21668675883539654,0.0,71.01807701469195,0.0,0.0,0.33536901322852164,0.0,1.05e-08
8299.0,0.9959871360943585,0.480287017,0.430404536,0.0,0.0,0.5082861117350986,0.7043877831946564,0.0,0.0,0.0,0.0,0.21668675883539654,0.0,71.12425271638969,0.0,0.0,0.3902257586887995,0.0,1.05e-08
8300.0,0.9951734228633586,0.48612151,0.452434534,0.0,0.0,0.5144607357743648,0.6973994459243904,0.0,0.0,0.0,0.0,0.21668675883539654,0.0,71.23042841687624,0.0,0.0,0.4532412335040692,0.0,1.05e-08
8301.0,1.0084433725804791,0.502830623,0.489735294,0.0,0.0,0.5321439330641062,0.6929861983517694,0.0,0.0,0.0,0.0,0.21668675883539654,0.0,71.33660411615158,0.0,0.0,0.5525185301362118,0.0,1.05e-08
8302.0,1.0492382430114715,0.444294456,0.563618375,0.0,0.0,0.47019530720669234,0.7957296946401757,0.0,0.0,0.0,0.0,0.21668675883539654,0.0,71.44277981421575,0.0,0.0,0.6376759833365728,0.0,1.05e-08
8303.0,1.0852065091722702,0.193853602,0.64276586,0.0,0.0,0.20515460572281793,1.096738662284849,0.0,0.0,0.0,0.0,0.21668675883539654,0.0,71.54895551106871,0.0,-2.7755575615628914e-17,0.5379565041628522,0.0,1.05e-08
8304.0,1.0993865328977457,0.001703759,0.670658767,0.0,0.0,0.001803082337834004,1.3142702093953083,0.0,0.0,0.0,0.0,0.21668675883539654,0.0,71.65513120671052,0.0,-2.168404344971009e-19,0.3913627636295427,0.0,1.05e-08
8305.0,1.0989689695292064,0.0,0.673033539,0.0,0.0,0.0,1.315655728364603,0.0,0.0,0.0,0.0,0.21668675883539654,0.0,71.76130690114111,0.0,0.0,0.39601681295626023,0.0,1.05e-08
8306.0,1.0760265391162278,0.0,0.66856295,0.0,0.0,0.0,1.2927132979516243,0.0,0.0,0.0,0.0,0.21668675883539654,0.0,71.86748259436051,0.0,0.0,0.40758955078868686,0.0,1.05e-08
8307.0,1.031068883103489,0.0,0.657901811,0.0,0.0,0.0,1.2477556419388858,0.0,0.0,0.0,0.0,0.21668675883539654,0.0,71.97365828636875,0.0,0.0,0.4254335819550046,0.0,1.05e-08
8308.0,0.9785758143015707,0.0,0.642608264,0.0,0.0,0.0,1.1952625731369673,0.0,0.0,0.0,0.0,0.21668675883539654,0.0,72.07983397716578,0.0,0.0,0.43903179196846676,0.0,1.05e-08
8309.0,0.9360186123202814,0.0,0.630976111,0.0,0.0,0.0,1.152705371155678,0.0,0.0,0.0,0.0,0.21668675883539654,0.0,72.18600966675163,0.0,0.0,0.4520058666124076,0.0,1.05e-08
8310.0,0.9023630048160082,0.0,0.619372967,0.0,0.0,0.0,1.1190497636514047,0.0,0.0,0.0,0.0,0.21668675883539654,0.0,72.29218535512628,0.0,0.0,0.4561521230562551,0.0,1.05e-08
8311.0,0.8830287501773315,0.0,0.607499181,0.0,0.0,0.0,1.099715509012728,0.0,0.0,0.0,0.0,0.21668675883539654,0.0,72.39836104228975,0.0,0.0,0.44528872441316847,0.0,1.05e-08
8312.0,0.8741164489472758,0.0,0.588019714,0.0,0.0,0.0,1.0908032077826724,0.0,0.0,0.0,0.0,0.21668675883539654,0.0,72.50453672824203,0.0,0.0,0.4046604502463329,0.0,1.05e-08
8313.0,0.878221418062609,0.0,0.57351968,0.0,0.0,0.0,1.0949081768980056,0.0,0.0,0.0,0.0,0.21668675883539654,0.0,72.6107124129831,0.0,0.0,0.363678700691654,0.0,1.05e-08
8314.0,0.90775064294547,0.0,0.568166887,0.0,0.0,0.0,1.1244374017808667,0.0,0.0,0.0,0.0,0.21668675883539654,0.0,72.71688809651302,0.0,0.0,0.320536144129828,0.0,1.05e-08
8315.0,0.9700767937388386,0.0,0.574705638,0.0,0.0,0.0,1.186763552574235,0.0,0.0,0.0,0.0,0.21668675883539654,0.0,72.82306377883174,0.0,0.0,0.2748394774448799,0.0,1.05e-08
8316.0,1.0288697160291818,0.0,0.586475883,0.0,0.0,0.0,1.2455564748645784,0.0,0.0,0.0,0.0,0.21668675883539654,0.0,72.92923945993925,0.0,0.0,0.24598088086593184,0.0,1.05e-08
8317.0,1.049122610078645,0.0,0.590267905,0.0,0.0,0.0,1.2658093689140415,0.0,0.0,0.0,0.0,0.21668675883539654,0.0,73.03541513983559,0.0,0.0,0.23537193404550094,0.0,1.05e-08
8318.0,1.0488463758502269,0.030639995,0.554859219,0.0,0.0,0.03242620218928979,1.2331069324963337,0.0,0.0,0.0,0.0,0.21668675883539654,0.0,73.14159081852074,0.0,0.0,0.17802228235998485,0.0,1.05e-08
8319.0,1.0410775558447867,0.393193362,0.500867043,0.0,0.0,0.416115193742643,0.8416491209375402,0.0,0.0,0.0,0.0,0.21668675883539654,0.0,73.2477664959947,0.0,0.0,0.43216609728990696,0.0,1.05e-08
8320.0,1.024779736368104,0.553040875,0.478189579,0.0,0.0,0.5852812714783975,0.6561852237251029,0.0,0.0,0.0,0.0,0.21668675883539654,0.0,73.35394217225748,0.0,0.0,0.5599562082995555,0.0,1.05e-08
8321.0,1.0072420748894504,0.566899947,0.481599694,0.0,0.0,0.5999482800999043,0.6239805536249426,0.0,0.0,0.0,0.0,0.21668675883539654,0.0,73.46011784730905,0.0,0.0,0.600833552003648,0.0,1.05e-08
8322.0,0.9948757751288614,0.539632882,0.495097468,0.0,0.0,0.5710916382238692,0.6404708957403886,0.0,0.0,0.0,0.0,0.21668675883539654,0.0,73.56629352114943,0.0,0.0,0.618671022375946,0.0,1.05e-08
8323.0,0.9854045813901453,0.523690481,0.504093622,0.0,0.0,0.5542198496283184,0.6478714905972235,0.0,0.0,0.0,0.0,0.21668675883539654,0.0,73.67246919377865,0.0,-1.1102230246251565e-16,0.634149628757987,0.0,1.05e-08
8324.0,0.9831968489134064,0.541422716,0.512386637,0.0,0.0,0.572985813440584,0.626897794308219,0.0,0.0,0.0,0.0,0.21668675883539654,0.0,73.77864486519667,0.0,0.0,0.6762142889257796,0.0,1.05e-08
8325.0,0.9967323261059057,0.582330505,0.546017748,0.0,0.0,0.6162783869945551,0.5971406979467472,0.0,0.0,0.0,0.0,0.21668675883539654,0.0,73.8848205354035,0.0,0.0,0.7915027086123053,0.0,1.05e-08
8326.0,1.0332016683089518,0.533256407,0.612861847,0.0,0.0,0.564343436482813,0.6855449906615353,0.0,0.0,0.0,0.0,0.21668675883539654,0.0,73.99099620439914,0.0,-1.1102230246251565e-16,0.8730976836570891,0.0,1.05e-08
8327.0,1.0619707137260104,0.195772387,0.660709086,0.0,0.0,0.2071852493429548,1.0714722232184521,0.0,0.0,0.0,0.0,0.21668675883539654,0.0,74.0971718721836,0.0,0.0,0.608856519369523,0.0,1.05e-08
8328.0,1.0750201043305176,0.001777407,0.691000979,0.0,0.0,0.0018810237650058036,1.2898258394009086,0.0,0.0,0.0,0.0,0.21668675883539654,0.0,74.20334753875686,0.0,0.0,0.4675418595959384,0.0,1.05e-08
8329.0,1.0756689335647096,0.0,0.704541467,0.0,0.0,0.0,1.2923556924001063,0.0,0.0,0.0,0.0,0.21668675883539654,0.0,74.30952320411893,0.0,0.0,0.49944845019525874,0.0,1.05e-08
8330.0,1.0508185597600974,0.0,0.708323975,0.0,0.0,0.0,1.2675053185954939,0.0,0.0,0.0,0.0,0.21668675883539654,0.0,74.41569886826981,0.0,0.0,0.5339185750312185,0.0,1.05e-08
8331.0,1.0088095435344289,0.0,0.701643081,0.0,0.0,0.0,1.2254963023698255,0.0,0.0,0.0,0.0,0.21668675883539654,0.0,74.52187453120952,0.0,0.0,0.5589366061890901,0.0,1.05e-08
8332.0,0.9580723822309838,0.0,0.687385265,0.0,0.0,0.0,1.1747591410663805,0.0,0.0,0.0,0.0,0.21668675883539654,0.0,74.62805019293803,0.0,0.0,0.5734130007814646,0.0,1.05e-08
8333.0,0.9141147369521316,0.0,0.667389035,0.0,0.0,0.0,1.130801495787528,0.0,0.0,0.0,0.0,0.21668675883539654,0.0,74.73422585345534,0.0,0.0,0.5665158285250849,0.0,1.05e-08
8334.0,0.8800758276890454,0.0,0.64882922,0.0,0.0,0.0,1.096762586524442,0.0,0.0,0.0,0.0,0.21668675883539654,0.0,74.84040151276149,0.0,0.0,0.5533530400025053,0.0,1.05e-08
8335.0,0.8580177750771272,0.0,0.634948929,0.0,0.0,0.0,1.0747045339125239,0.0,0.0,0.0,0.0,0.21668675883539654,0.0,74.94657717085644,0.0,0.0,0.5401104551372127,0.0,1.05e-08
8336.0,0.8488228155668295,0.0,0.625149756,0.0,0.0,0.0,1.065509574402226,0.0,0.0,0.0,0.0,0.21668675883539654,0.0,75.05275282774019,0.0,0.0,0.5243839592076016,0.0,1.05e-08
8337.0,0.853833575989302,0.0,0.622908266,0.0,0.0,0.0,1.0705203348246985,0.0,0.0,0.0,0.0,0.21668675883539654,0.0,75.15892848341277,0.0,0.0,0.5136725959736468,0.0,1.05e-08
8338.0,0.8788445510895062,0.0,0.621233004,0.0,0.0,0.0,1.0955313099249029,0.0,0.0,0.0,0.0,0.21668675883539654,0.0,75.26510413787415,0.0,0.0,0.48440106059114374,0.0,1.05e-08
8339.0,0.9392220728296911,0.0,0.616534905,0.0,0.0,0.0,1.1559088316650876,0.0,0.0,0.0,0.0,0.21668675883539654,0.0,75.37127979112432,0.0,0.0,0.4120752382259183,0.0,1.05e-08
8340.0,1.0015032552602938,0.0,0.613496306,0.0,0.0,0.0,1.2181900140956905,0.0,0.0,0.0,0.0,0.21668675883539654,0.0,75.47745544316335,0.0,0.0,0.34206622921461816,0.0,1.05e-08
8341.0,1.029691994662613,0.0,0.608458784,0.0,0.0,0.0,1.2463787534980095,0.0,0.0,0.0,0.0,0.21668675883539654,0.0,75.58363109399116,0.0,0.0,0.30106596173226996,0.0,1.05e-08
8342.0,1.0443452568724332,0.047998958,0.566061162,0.0,0.0,0.05079713351726164,1.2102348821905682,0.0,0.0,0.0,0.0,0.21668675883539654,0.0,75.68980674360778,0.0,-6.938893903907228e-18,0.2293833412091144,0.0,1.05e-08
8343.0,1.047544434680627,0.39818732,0.448021747,0.0,0.0,0.42140028245864386,0.8428309110573797,0.0,0.0,0.0,0.0,0.21668675883539654,0.0,75.79598239201323,0.0,0.0,0.2965870790087928,0.0,1.05e-08
8344.0,1.041214602283692,0.471676708,0.366471271,0.0,0.0,0.4991738510919014,0.7587275100271871,0.0,0.0,0.0,0.0,0.21668675883539654,0.0,75.90215803920748,0.0,-5.551115123125783e-17,0.17328965613911418,0.0,1.05e-08
8345.0,1.0292230388794843,0.481274262,0.33431486,0.0,0.0,0.5093309097509067,0.7365788879639742,0.0,0.0,0.0,0.0,0.21668675883539654,0.0,76.00833368519055,0.0,-1.1102230246251565e-16,0.11365744181502169,0.0,1.05e-08
8346.0,1.0195077311714684,0.466914321,0.325662302,0.0,0.0,0.49413383317526516,0.7420606568315998,0.0,0.0,0.0,0.0,0.21668675883539654,0.0,76.11450932996242,0.0,-5.551115123125783e-17,0.08617031202171099,0.0,1.05e-08
8347.0,1.0105526029292549,0.460440023,0.324990998,0.0,0.0,0.4872821056870029,0.7399572560776485,0.0,0.0,0.0,0.0,0.21668675883539654,0.0,76.2206849735231,0.0,0.0,0.08656643883299042,0.0,1.05e-08
8348.0,1.0041007135476696,0.466204325,0.33374251,0.0,0.0,0.4933824468304048,0.7274050255526613,0.0,0.0,0.0,0.0,0.21668675883539654,0.0,76.3268606158726,0.0,0.0,0.12137569210263477,0.0,1.05e-08
8349.0,1.0113684575108626,0.460723337,0.385082448,0.0,0.0,0.48758193592676174,0.7404732804194974,0.0,0.0,0.0,0.0,0.21668675883539654,0.0,76.43303625701093,0.0,-5.551115123125783e-17,0.23887620841217172,0.0,1.05e-08
8350.0,1.0344757719206488,0.351073237,0.462551876,0.0,0.0,0.3715396091353949,0.8796229216206505,0.0,0.0,0.0,0.0,0.21668675883539654,0.0,76.53921189693804,0.0,-5.551115123125783e-17,0.2967483870990074,0.0,1.05e-08
8351.0,1.0509149205374526,0.064800708,0.521883434,0.0,0.0,0.06857836822809954,1.1990233111447497,0.0,0.0,0.0,0.0,0.21668675883539654,0.0,76.64538753565398,0.0,-1.3877787807814457e-17,0.12824121875565275,0.0,1.05e-08
8352.0,1.05048022636405,0.000607069,0.547185661,0.0,0.0,0.000642459051865053,1.2665245261475815,0.0,0.0,0.0,0.0,0.21668675883539654,0.0,76.75156317315873,0.0,0.0,0.12508914043108588,0.0,1.05e-08
8353.0,1.039981184333545,0.0,0.559801336,0.0,0.0,0.0,1.2566679431689414,0.0,0.0,0.0,0.0,0.21668675883539654,0.0,76.8577388094523,0.0,0.0,0.16703016383718605,0.0,1.05e-08
8354.0,1.0157796397631245,0.0,0.560041961,0.0,0.0,0.0,1.232466398598521,0.0,0.0,0.0,0.0,0.21668675883539654,0.0,76.96391444453467,0.0,0.0,0.19184367078598563,0.0,1.05e-08
8355.0,0.9799505613918388,0.0,0.556087546,0.0,0.0,0.0,1.1966373202272353,0.0,0.0,0.0,0.0,0.21668675883539654,0.0,77.07009007840585,0.0,0.0,0.21761580075831866,0.0,1.05e-08
8356.0,0.9364854267528023,0.0,0.549839983,0.0,0.0,0.0,1.153172185588199,0.0,0.0,0.0,0.0,0.21668675883539654,0.0,77.17626571106584,0.0,0.0,0.24519200651401718,0.0,1.05e-08
8357.0,0.894979627919989,0.0,0.547510608,0.0,0.0,0.0,1.1116663867553855,0.0,0.0,0.0,0.0,0.21668675883539654,0.0,77.28244134251466,0.0,0.0,0.2807736916215866,0.0,1.05e-08
8358.0,0.8622662146831893,0.0,0.544537451,0.0,0.0,0.0,1.0789529735185859,0.0,0.0,0.0,0.0,0.21668675883539654,0.0,77.38861697275229,0.0,0.0,0.30592571169884586,0.0,1.05e-08
8359.0,0.8403045228486264,0.0,0.539398528,0.0,0.0,0.0,1.056991281684023,0.0,0.0,0.0,0.0,0.21668675883539654,0.0,77.49479260177871,0.0,0.0,0.31481799037439795,0.0,1.05e-08
8360.0,0.8272658389971587,0.0,0.533077323,0.0,0.0,0.0,1.0439525978325552,0.0,0.0,0.0,0.0,0.21668675883539654,0.0,77.60096822959396,0.0,0.0,0.31178045751512595,0.0,1.05e-08
8361.0,0.8253728850597801,0.0,0.535573085,0.0,0.0,0.0,1.0420596438951768,0.0,0.0,0.0,0.0,0.21668675883539654,0.0,77.70714385619802,0.0,0.0,0.32002068396944217,0.0,1.05e-08
8362.0,0.8353687096974303,0.0,0.536669802,0.0,0.0,0.0,1.052055468532827,0.0,0.0,0.0,0.0,0.21668675883539654,0.0,77.8133194815909,0.0,0.0,0.3128140522407947,0.0,1.05e-08
8363.0,0.8585702435339639,0.0,0.537506042,0.0,0.0,0.0,1.0752570023693606,0.0,0.0,0.0,0.0,0.21668675883539654,0.0,77.91949510577257,0.0,0.0,0.29173926092600944,0.0,1.05e-08
8364.0,0.8933907457689315,0.0,0.542879491,0.0,0.0,0.0,1.110077504604328,0.0,0.0,0.0,0.0,0.21668675883539654,0.0,78.02567072874307,0.0,0.0,0.27058462312798204,0.0,1.05e-08
8365.0,0.9296416702099725,0.0,0.539544243,0.0,0.0,0.0,1.1463284290453688,0.0,0.0,0.0,0.0,0.21668675883539654,0.0,78.13184635050236,0.0,0.0,0.22585142835524663,0.0,1.05e-08
8366.0,0.9591045132239887,0.045498805,0.478802009,0.0,0.0,0.04815123012588838,1.1276400419334969,0.0,0.0,0.0,0.0,0.21668675883539654,0.0,78.23802197105049,0.0,0.0,0.0900589344834346,0.0,1.05e-08
8367.0,0.9684279537707601,0.304345884,0.374789654,0.0,0.0,0.32208821085193184,0.8630265017542249,0.0,0.0,0.0,0.0,0.21668675883539654,0.0,78.34419759038742,0.0,0.0,0.09014614470277005,0.0,1.05e-08
8368.0,0.9626077628185037,0.45490617,0.308419115,0.0,0.0,0.481425647934193,0.6978688737197072,0.0,0.0,0.0,0.0,0.21668675883539654,0.0,78.45037320851316,0.0,0.0,0.08650887237056848,0.0,1.05e-08
8369.0,0.9474491418652207,0.49822842,0.301666098,0.0,0.0,0.52727343732825,0.6368624633723672,0.0,0.0,0.0,0.0,0.21668675883539654,0.0,78.55654882542773,0.0,0.0,0.13034087297430574,0.0,1.05e-08
8370.0,0.9290313852867226,0.478575685,0.328877428,0.0,0.0,0.5064750149171976,0.6392431292049215,0.0,0.0,0.0,0.0,0.21668675883539654,0.0,78.66272444113108,0.0,0.0,0.19716461327435675,0.0,1.05e-08
8371.0,0.9130526270506161,0.467218042,0.357690408,0.0,0.0,0.4944552600735114,0.6352841258125013,0.0,0.0,0.0,0.0,0.21668675883539654,0.0,78.76890005562326,0.0,0.0,0.2744013715508872,0.0,1.05e-08
8372.0,0.9053073619018628,0.471018715,0.384329728,0.0,0.0,0.4984774993445483,0.623516621392711,0.0,0.0,0.0,0.0,0.21668675883539654,0.0,78.87507566890424,0.0,0.0,0.353918534674476,0.0,1.05e-08
8373.0,0.9120975846794953,0.468789439,0.429510567,0.0,0.0,0.49611826415825894,0.6326660793566329,0.0,0.0,0.0,0.0,0.21668675883539654,0.0,78.98125128097406,0.0,-5.551115123125783e-17,0.4596739024418893,0.0,1.05e-08
8374.0,0.9377702371175388,0.383470207,0.4862886,0.0,0.0,0.40582521197378824,0.7486317839791472,0.0,0.0,0.0,0.0,0.21668675883539654,0.0,79.08742689183268,0.0,-5.551115123125783e-17,0.4881072424505073,0.0,1.05e-08
8375.0,0.9647298412709269,0.151913734,0.518964987,0.0,0.0,0.16076978648377674,1.0442893867542735,0.0,0.023642573131726855,0.0,0.0,0.21668675883539654,0.0,79.1936025014801,0.0,0.0,0.27555288956776725,0.0,1.05e-08
8376.0,0.9748434401920111,0.001414864,0.536917371,0.0,0.0,0.0014973457448131866,1.3654991432735821,0.0,0.17546628999098743,0.0,0.02127831581855417,0.21668675883539654,0.0,79.29977810991635,0.0,0.0,-2.220446049250313e-16,0.0,1.050001191887853e-08
8377.0,0.9748755604511296,0.0,0.544784963,0.0,0.0,0.0,1.3855081627538364,0.0,0.1939458434673104,0.0,0.17919795265678823,0.21668675883539654,0.0,79.40595371714139,0.0,0.0,2.220446049250313e-16,0.0,1.0500023837770588e-08
8378.0,0.9599931737262648,0.0,0.540617288,0.0,0.0,0.0,1.374908847199297,0.0,0.1982289146376356,0.0,0.35374900836439555,0.21668675883539654,0.0,79.51212932315526,0.0,0.0,0.0,0.0,1.0500035756676175e-08
8379.0,0.9367445301763575,0.0,0.530202629,0.0,0.0,0.0,1.3484220752859581,0.0,0.1949907862742042,0.0,0.5321546299871558,0.21668675883539654,0.0,79.61830492795794,0.0,0.0,2.220446049250313e-16,0.0,1.0500047675595293e-08
8380.0,0.9062260013126494,0.0,0.512103333,0.0,0.0,0.0,1.3023915787575548,0.0,0.17947881860950884,0.0,0.7076457335692544,0.21668675883539654,0.0,79.72448053154943,0.0,0.0,0.0,0.0,1.050005959452794e-08
8381.0,0.872311290384821,0.0,0.495509156,0.0,0.0,0.0,1.2601889313844077,0.0,0.17119088216419018,0.0,0.8691758670479107,0.21668675883539654,0.0,79.83065613392974,0.0,0.0,2.220446049250313e-16,0.0,1.0500071513474118e-08
8382.0,0.8447778042685173,0.0,0.483158121,0.0,0.0,0.0,1.2287775287702016,0.0,0.16731296566628784,0.0,1.02324667436808,0.21668675883539654,0.0,79.93683173509885,0.0,0.0,2.220446049250313e-16,0.0,1.0500083432433824e-08
8383.0,0.8249617457430645,0.0,0.47179116,0.0,0.0,0.0,1.1998688431036988,0.0,0.15822033852523762,0.0,1.1738271819497417,0.21668675883539654,0.0,80.04300733505679,0.0,0.0,0.0,0.0,1.050009535140706e-08
8384.0,0.815439159589759,0.0,0.458453658,0.0,0.0,0.0,1.1659486376156745,0.0,0.1338227191905189,0.0,1.3162241541760062,0.21668675883539654,0.0,80.14918293380352,0.0,0.0,0.0,0.0,1.0500107270393827e-08
8385.0,0.8128481253542069,0.0,0.451786939,0.0,0.0,0.0,1.1489937026952588,0.0,0.11945881850565533,0.0,1.4366631073619491,0.21668675883539654,0.0,80.25535853133908,0.0,0.0,0.0,0.0,1.0500119189394123e-08
8386.0,0.818210067276374,0.0,0.45124636,0.0,0.0,0.0,1.1476188912228775,0.0,0.11272206511110681,0.0,1.544174413217646,0.21668675883539654,0.0,80.36153412766343,0.0,0.0,0.0,0.0,1.0500131108407949e-08
8387.0,0.8347391526187093,0.0,0.448937406,0.0,0.0,0.0,1.1417467125988445,0.0,0.09032080114473856,0.0,1.6456225189789404,0.21668675883539654,0.0,80.4677097227766,0.0,0.0,0.0,0.0,1.0500143027435302e-08
8388.0,0.8662341373596173,0.0,0.441146525,0.0,0.0,0.0,1.1219327860890123,0.0,0.03901188989399826,0.0,1.7269093720137154,0.21668675883539654,0.0,80.57388531667861,0.0,0.0,0.0,0.0,1.0500154946476186e-08
8389.0,0.8999004516169299,0.0,0.425924465,0.0,0.0,0.0,1.0832197344882675,0.0,0.0,0.033367475964058924,1.7620181126516783,0.21668675883539654,0.0,80.6800609093694,0.0,0.0,2.220446049250313e-16,0.0,0.01995333583638662
8390.0,0.9251191377260999,0.019704296,0.366413223,0.0,0.0,0.020852989241467373,0.9318695373158488,0.0,0.0,0.017549856199517655,1.728648636567999,0.04515324503073391,0.0,80.78623650084901,0.0,0.0,0.0,0.0,0.01995335848604244
8391.0,0.9293140435669647,0.329283602,0.239682713,0.0,0.0,0.34847971274374,0.6095659349769628,0.0,0.0,0.0,1.7110968181275548,0.028731604153737992,0.0,80.80836066935318,0.0,-5.551115123125783e-17,0.0,0.0,0.019953358713658383
8392.0,0.9209499280925298,0.493072208,0.160213461,0.0,0.0,0.5218166357575303,0.4074581221481758,0.0,0.0,0.0,1.7110948758102233,0.008324829813176391,0.0,80.8224382335752,0.0,0.0,0.0,0.0,0.019953358941274334
8393.0,0.9119305593320796,0.51308856,0.150596469,0.0,0.0,0.5429998727993117,0.38299999312096483,0.0,0.0,0.0,1.711092933495097,0.014069306588197017,0.0,80.82651647820978,0.0,0.0,5.551115123125783e-17,0.0,0.01995335916889028
8394.0,0.9024764963982266,0.478244945,0.161845044,0.0,0.0,0.5061249939034186,0.4116075971121358,0.0,0.0,0.0,1.7110909911821754,0.015256094617327812,0.0,80.83340951641757,0.0,0.0,0.0,0.0,0.019953359396506234
8395.0,0.8946434358745496,0.454989934,0.173197153,0.0,0.0,0.4815142950896571,0.44047851087113266,0.0,0.0,0.0,1.7110890488714587,0.027349370086240055,0.0,80.84088408068104,0.0,-5.551115123125783e-17,0.0,0.0,0.01995335962412219
8396.0,0.8914999331821609,0.460818589,0.180993784,0.0,0.0,0.4876827407934379,0.4603070608975393,0.0,0.0,0.0,1.7110871065629467,0.05648986850881632,0.0,80.854284349839,0.0,0.0,0.0,0.0,0.019953359851738142
8397.0,0.9053716024200996,0.472035703,0.235517611,0.0,0.0,0.4995537742757969,0.5989731631281877,0.0,0.0,0.0,1.7110851642566394,0.193155334983885,0.0,80.88196346307114,0.0,0.0,0.0,0.0,0.019953360079354103
8398.0,0.9415775584983748,0.40309632,0.309947725,0.0,0.0,0.4265954604130536,0.7882653380329834,0.0,0.056596481112265624,0.0,1.711083221952537,0.21668675883539654,0.0,80.97660865456034,0.0,-5.551115123125783e-17,0.0,0.0,0.017958185715793107
8399.0,0.982434528096996,0.139416711,0.375080574,0.0,0.0,0.14754422967274577,0.9539125200990439,0.0,0.0,0.0,1.7620181126516783,0.11902222167479358,0.0,81.08278424265711,0.0,0.0,0.0,0.0,0.01995336053458603
8400.0,1.0027281078080095,0.000722158,0.418205345,0.0,0.0,0.0007642573479732336,1.0635883120085021,0.0,0.0,0.0,1.7620161125320581,0.0616244615484659,0.0,81.14110420633402,0.0,-1.0842021724855044e-19,2.220446049250313e-16,0.0,0.019953360762202003
8401.0,1.0082078240136108,0.0,0.441527553,0.0,0.0,0.0,1.1229018242234912,0.0,0.0,0.0,1.7620141124147082,0.11469400020988049,0.0,81.17129926688372,0.0,0.0,0.0,0.0,0.019953360989817974
8402.0,0.9897322509686995,0.0,0.451787455,0.0,0.0,0.0,1.1489950149969201,0.0,0.0,0.0,1.7620121122996288,0.1592627640282205,0.0,81.22749840103307,0.0,0.0,0.0,0.0,0.01995336121743395
8403.0,0.9547168858284135,0.0,0.449588172,0.0,0.0,0.0,1.1434017538835335,0.0,0.0,0.0,1.76201011218682,0.18868486805511975,0.0,81.30553622881234,0.0,0.0,0.0,0.0,0.019953361445049923
8404.0,0.910707848134972,0.0,0.43530514,0.0,0.0,0.0,1.107076857330039,0.0,0.0,0.0,1.7620081120762812,0.19636900919506697,0.0,81.39799088667458,0.0,0.0,0.0,0.0,0.0199533616726659
8405.0,0.872778104817342,0.0,0.417198086,0.0,0.0,0.0,1.0610266304987517,0.0,0.0,0.0,1.762006111968013,0.1882485256814097,0.0,81.49421077264071,0.0,0.0,0.0,0.0,0.01995336190028188
8406.0,0.8470240810561984,0.0,0.398942772,0.0,0.0,0.0,1.0145993458296731,0.0,0.0,0.0,1.762004111862015,0.16757526477347473,0.0,81.58645162058755,0.0,0.0,0.0,0.0,0.019953362127897865
8407.0,0.833349416074186,0.0,0.384200004,0.0,0.0,0.0,0.9771052393603907,0.0,0.0,0.0,1.7620021117582876,0.14375582328620465,0.0,81.66856256963726,0.0,0.0,0.0,0.0,0.01995336235551385
8408.0,0.8308204810062629,0.0,0.373067695,0.0,0.0,0.0,0.9487933254175714,0.0,0.0,0.0,1.7620001116568302,0.11797284441130843,0.0,81.73900199142153,0.0,0.0,0.0,0.0,0.01995336258312984
8409.0,0.8424822764168548,0.0,0.366148028,0.0,0.0,0.0,0.9311950880153428,0.0,0.0,0.0,1.7619981115576437,0.08871281159848796,0.0,81.79680775275358,0.0,0.0,1.1102230246251565e-16,0.0,0.01995336281074583
8410.0,0.8745104574591284,0.0,0.361601296,0.0,0.0,0.0,0.9196317470134839,0.0,2.666809510770745e-05,0.0,1.7619961114607272,0.0450946214592478,0.0,81.84027609734794,0.0,0.0,0.0,0.0,0.019953363038361822
8411.0,0.9464555551831577,0.0,0.3544382,0.0,0.0,0.0,0.9014144160432284,0.0,0.0,0.0450411391399293,1.7620181126516783,0.0,0.0,81.8623715282782,0.0,0.0,1.1102230246251565e-16,0.0,0.04072073769076603
8412.0,1.0130858206983937,0.0,0.34457728,0.0,0.0,0.0,0.8763359243810741,0.0,0.0,0.13674989631731957,1.7169749733921287,0.0,0.0,81.86237059444137,0.0,0.0,0.0,0.0,0.04072078391414947
8413.0,1.0371203399213982,0.0,0.331337623,0.0,0.0,0.0,0.8426645602807384,0.0,0.0,0.19445577964065983,1.5802231280850076,0.0,0.0,81.86236966060457,0.0,0.0,0.0,0.0,0.04072083013758539
8414.0,1.033824801335849,0.019076089,0.295984693,0.0,0.0,0.020188159916308308,0.7527542719670998,0.0,0.0,0.26088236945244114,1.3857655546856684,0.0,0.0,81.86236872676778,0.0,0.0,0.0,0.0,0.04072087636107377
8415.0,1.02178398686766,0.214349988,0.221735352,0.0,0.0,0.22684586110930632,0.5639218426208567,0.0,0.0,0.23101628313749695,1.1248816122091734,0.0,0.0,81.86236779293098,0.0,0.0,0.0,0.0,0.04072092258461463
8416.0,1.0022227490645463,0.335550334,0.152800208,0.0,0.0,0.3551117738422516,0.38860458682389154,0.0,0.0,0.2585063883984032,0.8938640521848118,0.0,0.0,81.86236685909422,0.0,0.0,5.551115123125783e-17,0.0,0.04072096880820794
8417.0,0.9804216585255755,0.394847429,0.12182426,0.0,0.0,0.41786568720638656,0.30982592787063706,0.0,0.0,0.252730043448552,0.6353566491345071,0.0,0.0,81.86236592525745,0.0,-5.551115123125783e-17,5.551115123125783e-17,0.0,0.04072101503185374
8418.0,0.9647084277648479,0.405919993,0.131854815,0.0,0.0,0.42958374391683474,0.3353358387039346,0.0,0.0,0.19978884514407858,0.382625884473562,0.0,0.0,81.86236499142069,0.0,0.0,5.551115123125783e-17,0.0,0.04072106125555199
8419.0,0.9533464214393612,0.403988271,0.143767161,0.0,0.0,0.42753940911372856,0.36563155855945495,0.0,0.0,0.16017545376617764,0.18283660499936316,0.0,0.0,81.86236405758396,0.0,0.0,5.551115123125783e-17,0.0,0.040721107479302736
8420.0,0.9511601024687013,0.405592253,0.152273811,0.0,0.0,0.4292368977928221,0.38726584330143293,0.0,0.0,0.022660917966753076,0.022660943689870088,0.0,0.11199644340769319,81.86236312374722,0.0,0.0,0.0,0.0,0.04072115370310594
8421.0,0.9645521091704716,0.393360384,0.206919909,0.0,0.0,0.4162919525554973,0.5262429076181772,0.0,0.0,0.0,0.0,0.0,0.022017248996797287,81.7503657465028,0.0,0.0,0.0,0.0,0.040721154167628434
8422.0,1.0033298273288276,0.326874495,0.298572395,0.0,0.0,0.3459301630235904,0.7593353681560089,0.0,0.007053861455940485,0.0,0.0,0.09488184239483126,0.0,81.72834756494687,0.0,-5.551115123125783e-17,1.1102230246251565e-16,0.0,0.019953365769753956
8423.0,1.0460840335660433,0.129045316,0.365437682,0.0,0.0,0.13656821772316846,0.9293885216667419,0.0,0.019872705823867052,0.0,0.006348475310346436,0.0,0.0,81.77483873541239,0.0,0.0,1.1102230246251565e-16,0.0,0.019953388419443753
8424.0,1.0677288055106378,0.001420407,0.409713515,0.0,0.0,0.0015032118828048942,1.0419917177909817,0.0,0.0,0.0242338758368513,0.024233903345482005,0.0,0.0,81.7748378025741,0.0,0.0,0.0,0.0,0.02217045674351029
8425.0,1.0711356943277976,0.0,0.438258214,0.0,0.0,0.0,1.114587174996821,0.0,0.0,0.0,0.0,0.04345148066902338,0.0,81.7748368697358,0.0,0.0,0.0,0.0,0.019953366452602046
8426.0,1.051229699076813,0.0,0.458684601,0.0,0.0,0.0,1.1665359765353631,0.0,0.0,0.0,0.0,0.11530627745854982,0.0,81.79612716242535,0.0,0.0,-2.220446049250313e-16,0.0,0.019953366680218083
8427.0,1.011135050294602,0.0,0.479923029,0.0,0.0,0.0,1.2205499772082478,0.0,0.0,0.0,0.0,0.20941492691364594,0.0,81.85262630529888,0.0,0.0,2.220446049250313e-16,0.0,0.01995336690783412
8428.0,0.9638497461710823,0.0,0.496339382,0.0,0.0,0.0,1.2623003789794296,0.0,0.08176387397295087,0.0,0.0,0.21668675883539654,0.0,81.95523868576093,0.0,0.0,2.220446049250313e-16,0.0,0.0179578488041177
8429.0,0.9235559517823372,0.0,0.50517475,0.0,0.0,0.0,1.2847706660033653,0.0,0.14452795538563143,0.0,0.07358748657565578,0.21668675883539654,0.0,82.06141426269407,0.0,0.0,-2.220446049250313e-16,0.0,0.017957869188633756
8430.0,0.8959410943429336,0.0,0.503331763,0.0,0.0,0.0,1.2800835441006462,0.0,0.16745569092231619,0.0,0.20366256289136042,0.21668675883539654,0.0,82.16758983841605,0.0,0.0,2.220446049250313e-16,0.0,0.017957889573172948
8431.0,0.8805790450819005,0.0,0.491840004,0.0,0.0,0.0,1.2508574696304156,0.0,0.15359166571311847,0.0,0.35437245353796,0.21668675883539654,0.0,82.27376541292683,0.0,0.0,0.0,0.0,0.017957909957735274
8432.0,0.878546903355009,0.0,0.475119688,0.0,0.0,0.0,1.2083340229951538,0.0,0.11310036080474825,0.0,0.49260455042096346,0.21668675883539654,0.0,82.37994098622642,0.0,0.0,0.0,0.0,0.01795793034232075
8433.0,0.8879024641608987,0.0,0.452060493,0.0,0.0,0.0,1.1496894107740332,0.0,0.04510018777773808,0.0,0.5943943159750336,0.21668675883539654,0.0,82.48611655831483,0.0,0.0,2.220446049250313e-16,0.0,0.017957950726929357
8434.0,0.9210998226350825,0.0,0.431591109,0.0,0.0,0.0,1.0976312583933796,0.0,0.0,0.04015532307709953,0.6349838102601778,0.21668675883539654,0.0,82.59229212919203,0.0,0.0,0.0,0.0,0.019953301235067895
8435.0,0.9936980322945196,0.0,0.421150744,0.0,0.0,0.0,1.071079110459683,0.0,0.0,0.13930568067023305,0.5948277663939059,0.21668675883539654,0.0,82.69846769885807,0.0,0.0,0.0,0.0,0.019953323884684432
8436.0,1.0587115781007954,0.0,0.419073313,0.0,0.0,0.0,1.0657957458230973,0.0,0.0,0.20960259111309473,0.4555214105168303,0.21668675883539654,0.0,82.80464326731291,0.0,0.0,0.0,0.0,0.019953346534326684
8437.0,1.0769194823197197,0.0,0.419145126,0.0,0.0,0.0,1.0659783821006183,0.0,0.0,0.13388916505469736,0.2459183023277169,0.12294806483559602,0.0,82.91081883455657,0.0,0.0,0.0,0.0,0.019953369183994648
8438.0,1.0643176339922624,0.02486208,0.374145581,0.0,0.0,0.026311454454424617,0.9515346269455985,0.0,0.0,0.0864715525922393,0.112028858123777,0.0,0.0,82.97106244052912,0.0,0.0,0.0,0.0,0.01995339183368832
8439.0,1.0378976501920638,0.309257094,0.269365096,0.0,0.0,0.3272857276418028,0.685054773196761,0.0,0.0,0.025557149353500088,0.025557178364219967,0.0,0.0,82.97106149404503,0.0,0.0,0.0,0.0,0.019953414483407702
8440.0,1.010021547978497,0.4868645,0.213221045,0.0,0.0,0.5152470395568759,0.5422680844412423,0.0,0.0,0.0,0.0,0.04749357601962115,0.0,82.97106054756094,0.0,0.0,0.0,0.0,0.019953369866842853
8441.0,0.9843189166319429,0.528303679,0.220499007,0.0,0.0,0.5591019813351683,0.5607775449514661,0.0,0.0,0.0,0.0,0.13556060965469158,0.0,82.99433145332647,0.0,0.0,0.0,0.0,0.019953370094458932
8442.0,0.9686442301821574,0.505752077,0.237800441,0.0,0.0,0.5352356978666367,0.6047789026657884,0.0,0.0,0.0,0.0,0.1713703703502677,0.0,83.06075520530773,0.0,0.0,0.0,0.0,0.019953370322075004
8443.0,0.9562051245009,0.491929233,0.242099528,0.0,0.0,0.520607029213949,0.6157124278829461,0.0,0.0,0.0,0.0,0.18011433259599505,0.0,83.1447257392721,0.0,-1.1102230246251565e-16,1.1102230246251565e-16,0.0,0.019953370549691086
8444.0,0.9530594804579035,0.510659031,0.255935021,0.0,0.0,0.5404287105462257,0.6293175287470743,0.0,0.0,0.0,0.0,0.21668675883539654,0.0,83.232980813779,0.0,0.0,0.021581605431257533,0.0,1.05e-08
8445.0,0.9680896203747128,0.533455499,0.321192931,0.0,0.0,0.56455413486727,0.6202222443428393,0.0,0.0,0.0,0.0,0.21668675883539654,0.0,83.33915637613644,0.0,0.0,0.19664212957221272,0.0,1.05e-08
8446.0,1.0105440375268233,0.476339512,0.396221022,0.0,0.0,0.5041084806593353,0.7231223157028845,0.0,0.0,0.0,0.0,0.21668675883539654,0.0,83.44533193728269,0.0,0.0,0.28455502034661917,0.0,1.05e-08
8447.0,1.0537286552362255,0.175985353,0.476005261,0.0,0.0,0.18624469875832345,1.0841707153132987,0.0,0.0,0.0,0.0,0.21668675883539654,0.0,83.55150749721776,0.0,2.7755575615628914e-17,0.1264155148893702,0.0,1.05e-08
8448.0,1.0751228891596964,0.0014452,0.542210913,0.0,0.0,0.0015294502301309648,1.2902801977649618,0.0,0.0,0.0,0.0,0.21668675883539654,0.0,83.65768305594162,0.0,-2.168404344971009e-19,0.08868158884314292,0.0,1.05e-08
8449.0,1.0820287448701553,0.0,0.581410559,0.0,0.0,0.0,1.2987155037055518,0.0,0.0,0.0,0.0,0.21668675883539654,0.0,83.76385861345432,0.0,0.0,0.17993961733487818,0.0,1.05e-08
8450.0,1.0641998597088282,0.0,0.60428893,0.0,0.0,0.0,1.280886618544225,0.0,0.0,0.0,0.0,0.21668675883539654,0.0,83.87003416975581,0.0,0.0,0.2559532394545385,0.0,1.05e-08
8451.0,1.0253172153706853,0.0,0.614332176,0.0,0.0,0.0,1.2420039742060818,0.0,0.0,0.0,0.0,0.21668675883539654,0.0,83.97620972484613,0.0,0.0,0.3203780706344741,0.0,1.05e-08
8452.0,0.9765136936661686,0.0,0.612224545,0.0,0.0,0.0,1.1932004525015651,0.0,0.0,0.0,0.0,0.21668675883539654,0.0,84.08238527872525,0.0,0.0,0.3638214224501366,0.0,1.05e-08
8453.0,0.9353055425678526,0.0,0.606983194,0.0,0.0,0.0,1.151992301403249,0.0,0.0,0.0,0.0,0.21668675883539654,0.0,84.18856083139319,0.0,0.0,0.39169966342323903,0.0,1.05e-08
8454.0,0.9059604738372705,0.0,0.59548591,0.0,0.0,0.0,1.122647232672667,0.0,0.0,0.0,0.0,0.21668675883539654,0.0,84.29473638284995,0.0,0.0,0.39180460639157744,0.0,1.05e-08
8455.0,0.8879731287309592,0.0,0.578919496,0.0,0.0,0.0,1.1046598875663558,0.0,0.0,0.0,0.0,0.21668675883539654,0.0,84.40091193309551,0.0,0.0,0.36765991154920274,0.0,1.05e-08
8456.0,0.8812043194594056,0.0,0.562699019,0.0,0.0,0.0,1.0978910782948021,0.0,0.0,0.0,0.0,0.21668675883539654,0.0,84.50708748212989,0.0,0.0,0.3331764748639221,0.0,1.05e-08
8457.0,0.887249352225491,0.0,0.549333471,0.0,0.0,0.0,1.1039361110608874,0.0,0.0,0.0,0.0,0.21668675883539654,0.0,84.61326302995309,0.0,0.0,0.29313990945401414,0.0,1.05e-08
8458.0,0.9182047166132096,0.0,0.541667722,0.0,0.0,0.0,1.1348914754486061,0.0,0.0,0.0,0.0,0.21668675883539654,0.0,84.7194385765651,0.0,0.0,0.24268885679576213,0.0,1.05e-08
8459.0,0.9844987900830061,0.0,0.538742534,0.0,0.0,0.0,1.2011855489184027,0.0,0.0,0.0,0.0,0.21668675883539654,0.0,84.82561412196591,0.0,0.0,0.16895538589973835,0.0,1.05e-08
8460.0,1.0437435373516148,0.0,0.539647526,0.0,0.0,0.0,1.2604302961870115,0.0,0.0,0.0,0.0,0.21668675883539654,0.0,84.93178966615555,0.0,0.0,0.11201223263314097,0.0,1.05e-08
8461.0,1.0621099015155235,0.0,0.532949325,0.0,0.0,0.0,1.2787966603509202,0.0,0.0,0.0,0.0,0.21668675883539654,0.0,85.03796520913399,0.0,0.0,0.07661086788815741,0.0,1.05e-08
8462.0,1.0543046785497492,0.033055092,0.488023689,0.0,0.0,0.03498209110600623,1.2360093462791395,0.0,0.0,0.0,0.0,0.21668675883539654,0.0,85.14414075090124,0.0,0.0,0.005142393672133094,0.0,1.05e-08
8463.0,1.0344886200242962,0.3894562,0.407649145,0.0,0.0,0.41216016794625726,0.8390152109134354,0.0,0.0,0.0,0.0,0.21668675883539654,0.0,85.25031629145731,0.0,-5.551115123125783e-17,0.19772635924095638,0.0,1.05e-08
8464.0,1.0106361156029626,0.543902012,0.392711038,0.0,0.0,0.5756096439400047,0.6517132304983546,0.0,0.0,0.0,0.0,0.21668675883539654,0.0,85.3564918308022,0.0,-1.1102230246251565e-16,0.3470374430816944,0.0,1.05e-08
8465.0,0.9872718391202291,0.564322314,0.447024686,0.0,0.0,0.5972203798888309,0.6067382180667947,0.0,0.0,0.0,0.0,0.21668675883539654,0.0,85.4626673689359,0.0,0.0,0.5301440262499791,0.0,1.05e-08
8466.0,0.9717277750575251,0.530817396,0.486409107,0.0,0.0,0.5617622394614721,0.6266522944314495,0.0,0.0,0.0,0.0,0.21668675883539654,0.0,85.5688429058584,0.0,0.0,0.6103932078437376,0.0,1.05e-08
8467.0,0.9629525202663747,0.514171091,0.5073081,0.0,0.0,0.5441455116638799,0.6354937674378912,0.0,0.0,0.0,0.0,0.21668675883539654,0.0,85.67501844156973,0.0,0.0,0.6547024775365494,0.0,1.05e-08
8468.0,0.9616741339534618,0.535425886,0.53776492,0.0,0.0,0.566639388707982,0.6117215040808763,0.0,0.0,0.0,0.0,0.21668675883539654,0.0,85.78119397606987,0.0,0.0,0.7559331429925302,0.0,1.05e-08
8469.0,0.9760104762733135,0.566270221,0.606956218,0.0,0.0,0.5992818432222269,0.5934153918864832,0.0,0.0,0.0,0.0,0.21668675883539654,0.0,85.8873695093588,0.0,0.0,0.9502079670298992,0.0,1.05e-08
8470.0,1.016582646241085,0.481636557,0.669871091,0.0,0.0,0.5097143253135452,0.7235550797629363,0.0,0.0,0.0,0.0,0.21668675883539654,0.0,85.99354504143658,0.0,0.0,0.9800746596895419,0.0,1.05e-08
8471.0,1.0486686437497716,0.184086563,0.717990824,0.0,0.0,0.19481818166646023,1.0705372209187078,0.0,0.0,0.0,0.0,0.21668675883539654,0.0,86.09972057230316,0.0,0.0,0.7554715990684056,0.0,1.05e-08
8472.0,1.061998551283913,0.001620074,0.731687621,0.0,0.0,0.0017145187878004377,1.276970791331509,0.0,0.0,0.0,0.0,0.21668675883539654,0.0,86.20589610195854,0.0,0.0,0.5838720004718974,0.0,1.05e-08
8473.0,1.0618722115980472,0.0,0.732620263,0.0,0.0,0.0,1.278558970433444,0.0,0.0,0.0,0.0,0.21668675883539654,0.0,86.31207163040276,0.0,0.0,0.5846557354125443,0.0,1.05e-08
8474.0,1.039651416339929,0.0,0.732480692,0.0,0.0,0.0,1.2563381751753258,0.0,0.0,0.0,0.0,0.21668675883539654,0.0,86.41824715763576,0.0,0.0,0.6065215708738301,0.0,1.05e-08
8475.0,0.9965438872524109,0.0,0.725649942,0.0,0.0,0.0,1.2132306460878073,0.0,0.0,0.0,0.0,0.21668675883539654,0.0,86.52442268365759,0.0,0.0,0.6322569980762038,0.0,1.05e-08
8476.0,0.9440037087371188,0.0,0.713608401,0.0,0.0,0.0,1.1606904675725154,0.0,0.0,0.0,0.0,0.21668675883539654,0.0,86.63059820846823,0.0,0.0,0.654172885392704,0.0,1.05e-08
8477.0,0.8985792382918592,0.0,0.697450138,0.0,0.0,0.0,1.1152659971272556,0.0,0.0,0.0,0.0,0.21668675883539654,0.0,86.7367737320677,0.0,0.0,0.6585033337872428,0.0,1.05e-08
8478.0,0.8654075760249701,0.0,0.680023397,0.0,0.0,0.0,1.0820943348603667,0.0,0.0,0.0,0.0,0.21668675883539654,0.0,86.84294925445597,0.0,0.0,0.6473549550369626,0.0,1.05e-08
8479.0,0.843388067723994,0.0,0.669214877,0.0,0.0,0.0,1.0600748265593907,0.0,0.0,0.0,0.0,0.21668675883539654,0.0,86.94912477563305,0.0,0.0,0.6418860161443474,0.0,1.05e-08
8480.0,0.8344307981311726,0.0,0.661132075,0.0,0.0,0.0,1.0511175569665692,0.0,0.0,0.0,0.0,0.21668675883539654,0.0,87.05530029559894,0.0,0.0,0.6302869398217934,0.0,1.05e-08
8481.0,0.8378569591038033,0.0,0.649618744,0.0,0.0,0.0,1.0545437179391999,0.0,0.0,0.0,0.0,0.21668675883539654,0.0,87.16147581435365,0.0,0.0,0.5975798420311857,0.0,1.05e-08
8482.0,0.8659814579878857,0.0,0.639925659,0.0,0.0,0.0,1.0826682168232824,0.0,0.0,0.0,0.0,0.21668675883539654,0.0,87.26765133189717,0.0,0.0,0.5448036928595992,0.0,1.05e-08
8483.0,0.9265581253346048,0.0,0.628967284,0.0,0.0,0.0,1.1432448841700014,0.0,0.0,0.0,0.0,0.21668675883539654,0.0,87.37382684822951,0.0,0.0,0.4563574640451613,0.0,1.05e-08
8484.0,0.9868328622456107,0.0,0.61765387,0.0,0.0,0.0,1.2035196210810073,0.0,0.0,0.0,0.0,0.21668675883539654,0.0,87.48000236335065,0.0,0.0,0.3673102232836527,0.0,1.05e-08
8485.0,1.0159466651105402,0.0,0.607139601,0.0,0.0,0.0,1.2326334239459367,0.0,0.0,0.0,0.0,0.21668675883539654,0.0,87.58617787726062,0.0,0.0,0.31145631833391274,0.0,1.05e-08
8486.0,1.0272722684756928,0.050834256,0.544861499,0.0,0.0,0.05379771971888761,1.1901613075922017,0.0,0.0,0.0,0.0,0.21668675883539654,0.0,87.69235338995941,0.0,0.0,0.19554150306850904,0.0,1.05e-08
8487.0,1.0288697160291818,0.453449816,0.475998461,0.0,0.0,0.4798843934639106,0.7656720814006677,0.0,0.0,0.0,0.0,0.21668675883539654,0.0,87.798528901447,0.0,0.0,0.44489685490413944,0.0,1.05e-08
8488.0,1.0207432904722233,0.578420914,0.494449479,0.0,0.0,0.6121408801756593,0.6252891691319605,0.0,0.0,0.0,0.0,0.21668675883539654,0.0,87.90470441172339,0.0,0.0,0.6322047702223855,0.0,1.05e-08
8489.0,1.0104669489049392,0.553617734,0.504736833,0.0,0.0,0.585891759390315,0.6412619483500207,0.0,0.0,0.0,0.0,0.21668675883539654,0.0,88.01087992078861,0.0,0.0,0.6423949982607103,0.0,1.05e-08
8490.0,1.0023812090095305,0.515944598,0.507614894,0.0,0.0,0.5460224080721894,0.6730455597727377,0.0,0.0,0.0,0.0,0.21668675883539654,0.0,88.11705542864264,0.0,0.0,0.617930929922378,0.0,1.05e-08
8491.0,0.9956209651404085,0.499798983,0.520873162,0.0,0.0,0.5289355587936424,0.6833721651821627,0.0,0.0,0.0,0.0,0.21668675883539654,0.0,88.22323093528549,0.0,0.0,0.641323020485804,0.0,1.05e-08
8492.0,0.9914924411683885,0.51526397,0.535026197,0.0,0.0,0.5453021017815489,0.6628770982222362,0.0,0.0,0.0,0.0,0.21668675883539654,0.0,88.32940644071714,0.0,0.0,0.697812372993294,0.0,1.05e-08
8493.0,1.003062158502841,0.533233466,0.54994598,0.0,0.0,0.5643191581007694,0.6554297592374682,0.0,0.0,0.0,0.0,0.21668675883539654,0.0,88.43558194493761,0.0,0.0,0.743204006584108,0.0,1.05e-08
8494.0,1.0298461719063816,0.424431252,0.581445195,0.0,0.0,0.4491741461708922,0.7973587845708858,0.0,0.0,0.0,0.0,0.21668675883539654,0.0,88.5417574479469,0.0,0.0,0.6813844234469468,0.0,1.05e-08
8495.0,1.0496151207184607,0.117907958,0.603878523,0.0,0.0,0.12478158974354561,1.1415202898103118,0.0,0.0,0.0,0.0,0.21668675883539654,0.0,88.647932949745,0.0,-1.3877787807814457e-17,0.39427581278554924,0.0,1.05e-08
8496.0,1.0580349113087009,0.000795537,0.604095142,0.0,0.0,0.000841914093362647,1.2738797560507347,0.0,0.0,0.0,0.0,0.21668675883539654,0.0,88.75410845033191,0.0,-1.0842021724855044e-19,0.26246725637761315,0.0,1.05e-08
8497.0,1.05517834959777,0.0,0.598695813,0.0,0.0,0.0,1.2718651084331665,0.0,0.0,0.0,0.0,0.21668675883539654,0.0,88.86028394970764,0.0,0.0,0.2507502210175556,0.0,1.05e-08
8498.0,1.0307819421220312,0.0,0.588163664,0.0,0.0,0.0,1.2474687009574277,0.0,0.0,0.0,0.0,0.21668675883539654,0.0,88.96645944787217,0.0,0.0,0.24836105362998873,0.0,1.05e-08
8499.0,0.989661586398639,0.0,0.583579288,0.0,0.0,0.0,1.2063483452340356,0.0,0.0,0.0,0.0,0.21668675883539654,0.0,89.07263494482554,0.0,0.0,0.27782233136753587,0.0,1.05e-08
8500.0,0.9406375055815092,0.0,0.582525887,0.0,0.0,0.0,1.1573242644169057,0.0,0.0,0.0,0.0,0.21668675883539654,0.0,89.17881044056769,0.0,0.0,0.3241673814050421,0.0,1.05e-08
8501.0,0.8937976023844314,0.0,0.581356211,0.0,0.0,0.0,1.1104843612198279,0.0,0.0,0.0,0.0,0.21668675883539654,0.0,89.28498593509867,0.0,0.0,0.36803254088516235,0.0,1.05e-08
8502.0,0.8573668044923274,0.0,0.583289733,0.0,0.0,0.0,1.074053563327724,0.0,0.0,0.0,0.0,0.21668675883539654,0.0,89.39116142841847,0.0,0.0,0.4093807111274721,0.0,1.05e-08
8503.0,0.8349704184843619,0.0,0.583831177,0.0,0.0,0.0,1.0516571773197585,0.0,0.0,0.0,0.0,0.21668675883539654,0.0,89.49733692052708,0.0,0.0,0.4331541084933559,0.0,1.05e-08
8504.0,0.8251480432459513,0.0,0.581491446,0.0,0.0,0.0,1.041834802081348,0.0,0.0,0.0,0.0,0.21668675883539654,0.0,89.6035124114245,0.0,0.0,0.43702603241736737,0.0,1.05e-08
8505.0,0.8271309339088613,0.0,0.577137564,0.0,0.0,0.0,1.043817692744258,0.0,0.0,0.0,0.0,0.21668675883539654,0.0,89.70968790111074,0.0,0.0,0.42397026078239763,0.0,1.05e-08
8506.0,0.8527115082707654,0.0,0.572819115,0.0,0.0,0.0,1.069398267106162,0.0,0.0,0.0,0.0,0.21668675883539654,0.0,89.81586338958579,0.0,0.0,0.3874069193723948,0.0,1.05e-08
8507.0,0.9071553474764754,0.0,0.565523943,0.0,0.0,0.0,1.123842106311872,0.0,0.0,0.0,0.0,0.21668675883539654,0.0,89.92203887684964,0.0,0.0,0.31440985083554907,0.0,1.05e-08
8508.0,0.9687256015052574,0.0,0.558436364,0.0,0.0,0.0,1.1854123603406541,0.0,0.0,0.0,0.0,0.21668675883539654,0.0,90.02821436290232,0.0,0.0,0.23481432220192677,0.0,1.05e-08
8509.0,1.0066317899662005,0.0,0.540876923,0.0,0.0,0.0,1.2233185488015972,0.0,0.0,0.0,0.0,0.21668675883539654,0.0,90.13438984774382,0.0,0.0,0.1522506073934835,0.0,1.05e-08
8510.0,1.025060253297738,0.046212194,0.489225398,0.0,0.0,0.04890620727107444,1.19284080486206,0.0,0.0,0.0,0.0,0.21668675883539654,0.0,90.24056533137411,0.0,0.0,0.051367145781200385,0.0,1.05e-08
8511.0,1.0295549482237079,0.245291508,0.415135791,0.0,0.0,0.25959116617753347,0.986650540881571,0.0,0.0,0.0,0.0,0.21668675883539654,0.0,90.34674081379323,0.0,0.0,0.06913121916265885,0.0,1.05e-08
8512.0,1.0213150310845311,0.353786365,0.356128842,0.0,0.0,0.3744109032427674,0.8635908866771603,0.0,0.0,0.0,0.0,0.21668675883539654,0.0,90.45291629500116,0.0,0.0,0.04212320437617756,0.0,1.05e-08
8513.0,1.005873751851006,0.392528278,0.379916368,0.0,0.0,0.4154113376141789,0.8071491730722236,0.0,0.0,0.0,0.0,0.21668675883539654,0.0,90.55909177499791,0.0,-5.551115123125783e-17,0.15906183636745963,0.0,1.05e-08
8514.0,0.9910962913059281,0.402808872,0.438401028,0.0,0.0,0.4262912551751967,0.781491794966128,0.0,0.0,0.0,0.0,0.21668675883539654,0.0,90.66526725378347,0.0,-5.551115123125783e-17,0.3334585874908733,0.0,1.05e-08
8515.0,0.9789591160603838,0.408093162,0.470415217,0.0,0.0,0.43188360125641645,0.7637622736393639,0.0,0.0,0.0,0.0,0.21668675883539654,0.0,90.77144273135782,0.0,0.0,0.43260724333116474,0.0,1.05e-08
8516.0,0.9709932917990174,0.42012197,0.483779689,0.0,0.0,0.44461364773012335,0.7430664029042905,0.0,0.0,0.0,0.0,0.21668675883539654,0.0,90.87761820772101,0.0,0.0,0.48729191020504625,0.0,1.05e-08
8517.0,0.9775693795158604,0.425042511,0.484486685,0.0,0.0,0.44982103948546437,0.7444350988657926,0.0,0.0,0.0,0.0,0.21668675883539654,0.0,90.98379368287301,0.0,0.0,0.4877212608042276,0.0,1.05e-08
8518.0,1.003081430658312,0.35267566,0.540573426,0.0,0.0,0.37323544793010643,0.846532741563602,0.0,0.0,0.0,0.0,0.21668675883539654,0.0,91.08996915681382,0.0,0.0,0.5282645549080464,0.0,1.05e-08
8519.0,1.0246020042676487,0.126757168,0.600506474,0.0,0.0,0.13414667850010334,1.1071420846029418,0.0,0.0,0.0,0.0,0.21668675883539654,0.0,91.19614462954347,0.0,0.0,0.420078154611929,0.0,1.05e-08
8520.0,1.0340967528630516,0.001317604,0.630437525,0.0,0.0,0.0013944158185866867,1.2493890958798615,0.0,0.0,0.0,0.0,0.21668675883539654,0.0,91.30232010106191,0.0,0.0,0.3539523990538487,0.0,1.05e-08
8521.0,1.0320067946697469,0.0,0.636764376,0.0,0.0,0.0,1.2486935535051433,0.0,0.0,0.0,0.0,0.21668675883539654,0.0,91.40849557136916,0.0,0.0,0.3707385171609723,0.0,1.05e-08
8522.0,1.0151672134892669,0.0,0.626022342,0.0,0.0,0.0,1.2318539723246633,0.0,0.0,0.0,0.0,0.21668675883539654,0.0,91.51467104046523,0.0,0.0,0.36025873969098354,0.0,1.05e-08
8523.0,0.9856422713076216,0.0,0.603460177,0.0,0.0,0.0,1.202329030143018,0.0,0.0,0.0,0.0,0.21668675883539654,0.0,91.62084650835011,0.0,0.0,0.3324031264241869,0.0,1.05e-08
8524.0,0.946753202917655,0.0,0.580249393,0.0,0.0,0.0,1.1634399617530515,0.0,0.0,0.0,0.0,0.21668675883539654,0.0,91.72702197502382,0.0,0.0,0.31226205837495047,0.0,1.05e-08
8525.0,0.9110590296346666,0.0,0.562723664,0.0,0.0,0.0,1.127745788470063,0.0,0.0,0.0,0.0,0.21668675883539654,0.0,91.83319744048633,0.0,0.0,0.30338444235230844,0.0,1.05e-08
8526.0,0.8791828844855535,0.0,0.549153622,0.0,0.0,0.0,1.09586964332095,0.0,0.0,0.0,0.0,0.21668675883539654,0.0,91.93937290473764,0.0,0.0,0.3007489815709319,0.0,1.05e-08
8527.0,0.8585830916376113,0.0,0.539814101,0.0,0.0,0.0,1.0752698504730078,0.0,0.0,0.0,0.0,0.21668675883539654,0.0,92.04554836777778,0.0,0.0,0.29759631526425023,0.0,1.05e-08
8528.0,0.848651507518198,0.0,0.529858032,0.0,0.0,0.0,1.0653382663535946,0.0,0.0,0.0,0.0,0.21668675883539654,0.0,92.15172382960674,0.0,0.0,0.2822074228556788,0.0,1.05e-08
8529.0,0.848407393548898,0.0,0.519908807,0.0,0.0,0.0,1.0650941523842947,0.0,0.0,0.0,0.0,0.21668675883539654,0.0,92.25789929022451,0.0,0.0,0.25714846609654773,0.0,1.05e-08
8530.0,0.8597394209658742,0.0,0.505813491,0.0,0.0,0.0,1.12691671018975,0.0,0.050490530388479185,0.0,0.0,0.21668675883539654,0.0,92.3640747496311,0.0,0.0,0.15947841487451164,0.0,1.05e-08
8531.0,0.8851701007852257,0.0,0.491477166,0.0,0.0,0.0,1.2499346926727166,0.0,0.1480778330520944,0.0,0.04544147734963127,0.21668675883539654,0.0,92.47025020782648,0.0,0.0,0.0,0.0,1.050001191887853e-08
8532.0,0.9221512257835586,0.0,0.474705342,0.0,0.0,0.0,1.2072802498475927,0.0,0.06844226522863756,0.0,0.17871147551453204,0.21668675883539654,0.0,92.5764256648107,0.0,0.0,0.0,0.0,1.0500023837770588e-08
8533.0,0.9562522342142736,0.0,0.458100478,0.0,0.0,0.0,1.1650504230793797,0.0,0.0,0.007888569970290511,0.24030931135954864,0.21668675883539654,0.0,92.68260112058371,0.0,0.0,2.220446049250313e-16,0.0,1.166670639630686e-08
8534.0,0.9760019108708818,0.065982373,0.389505919,0.0,0.0,0.0698289202667016,0.990599349959361,0.0,0.0,0.13226039948021567,0.23242046860694954,0.21668675883539654,0.0,92.78877657514556,0.0,0.0,1.1102230246251565e-16,0.0,1.1666719639550327e-08
8535.0,0.9736871108637483,0.360699147,0.278578898,0.0,0.0,0.3817266768524721,0.7084875012417853,0.0,0.0,0.10015969160488752,0.10015980529928731,0.21668675883539654,0.0,92.8949520284962,0.0,0.0,0.0,0.0,1.1666732882808823e-08
8536.0,0.9568346815796209,0.529139772,0.265772868,0.0,0.0,0.5599868157049862,0.6135346247100313,0.0,0.0,0.0,0.0,0.21668675883539654,0.0,93.00112748063567,0.0,0.0,0.0623843214090779,0.0,1.05e-08
8537.0,0.9357723570003735,0.553474353,0.32920683,0.0,0.0,0.5857400197671165,0.5667190960686536,0.0,0.0,0.0,0.0,0.21668675883539654,0.0,93.10730293156395,0.0,0.0,0.27052638825524944,0.0,1.05e-08
8538.0,0.9130804646085187,0.519794415,0.359975432,0.0,0.0,0.5500966562707861,0.579670567173129,0.0,0.0,0.0,0.0,0.21668675883539654,0.0,93.21347838128105,0.0,1.1102230246251565e-16,0.33582624955314055,0.0,1.05e-08
8539.0,0.8962216112725676,0.503103784,0.37254942,0.0,0.0,0.5324330184185989,0.5804753516893653,0.0,0.0,0.0,0.0,0.21668675883539654,0.0,93.31965382978696,0.0,0.0,0.36699988624081126,0.0,1.05e-08
8540.0,0.8878275168896224,0.518602284,0.374370743,0.0,0.0,0.5488350281000857,0.6986787383617299,0.0,0.14299949073679669,0.0,0.0,0.21668675883539654,0.0,93.42582927708169,0.0,0.0,0.2534285251471543,0.0,1.05e-08
8541.0,0.8997505570743773,0.539179325,0.383556832,0.0,0.0,0.5706116403979438,0.8391043227574491,0.0,0.2932786472456189,0.0,0.128699541663117,0.21668675883539654,0.0,93.53200472316522,0.0,-1.1102230246251565e-16,0.13636518853301205,0.0,1.05e-08
8542.0,0.933251987334882,0.459717191,0.42647062,0.0,0.0,0.4865171350471289,0.9567002583687686,0.0,0.2932786472456189,0.0,0.3926501780934633,0.21668675883539654,0.0,93.63818016803758,0.0,0.0,0.1279084685881272,0.0,1.05e-08
8543.0,0.968106751179576,0.145672812,0.492035378,0.0,0.0,0.15416504002022197,1.2513543487481857,0.0,0.22072587875343508,0.0,0.6566005149055237,0.21668675883539654,0.0,93.74435561169874,0.0,0.0,0.0,0.0,1.0500035756676175e-08
8544.0,0.9870855416173423,0.001360321,0.516384429,0.0,0.0,0.0014396230739703736,1.313279348898767,0.0,0.11094667151999865,0.0,0.8552530604566727,0.21668675883539654,0.0,93.85053105414872,0.0,2.168404344971009e-19,0.0,0.0,1.0500047675595293e-08
8545.0,0.9935716926086539,0.0,0.519124861,0.0,0.0,0.0,1.3202488711200913,0.0,0.10999041967604092,0.0,0.9551040940012651,0.21668675883539654,0.0,93.95670649538752,0.0,0.0,0.0,0.0,1.050005959452794e-08
8546.0,0.9851326298629428,0.0,0.512904183,0.0,0.0,0.0,1.304428316713814,0.0,0.10260892801547458,0.0,1.0540943875423918,0.21668675883539654,0.0,94.06288193541512,0.0,0.0,0.0,0.0,1.0500071513474118e-08
8547.0,0.9652780270265477,0.0,0.500962298,0.0,0.0,0.0,1.2740574726746265,0.0,0.09209268681268228,0.0,1.1464412262221568,0.21668675883539654,0.0,94.16905737423154,0.0,0.0,0.0,0.0,1.0500083432433824e-08
8548.0,0.9354532957597973,0.0,0.490676331,0.0,0.0,0.0,1.2478979928647616,0.0,0.09575793826956767,0.0,1.2293233429937418,0.21668675883539654,0.0,94.27523281183679,0.0,0.0,0.0,0.0,1.050009535140706e-08
8549.0,0.905221707877547,0.0,0.482330149,0.0,0.0,0.0,1.2266718135936767,0.0,0.10476334688073333,0.0,1.3155040919945462,0.21668675883539654,0.0,94.38140824823083,0.0,0.0,2.220446049250313e-16,0.0,1.0500107270393827e-08
8550.0,0.881298538886153,0.0,0.47703172,0.0,0.0,0.0,1.213196741541676,0.0,0.11521144382012648,0.0,1.4097896109190462,0.21668675883539654,0.0,94.4875836834137,0.0,0.0,0.0,0.0,1.0500119189394123e-08
8551.0,0.8657673229270963,0.0,0.468971396,0.0,0.0,0.0,1.1926975621316145,0.0,0.11024348036912172,0.0,1.513478310062679,0.21668675883539654,0.0,94.59375911738537,0.0,0.0,2.220446049250313e-16,0.0,1.0500131108407949e-08
8552.0,0.855835738807683,0.0,0.455636377,0.0,0.0,0.0,1.1587836714595303,0.0,0.08626117381645071,0.0,1.6126957244002544,0.21668675883539654,0.0,94.69993455014587,0.0,0.0,0.0,0.0,1.0500143027435302e-08
8553.0,0.8551141036528227,0.0,0.443942279,0.0,0.0,0.0,1.1290430043423225,0.0,0.05724214185410328,0.0,1.6903289502157623,0.21668675883539654,0.0,94.80610998169517,0.0,0.0,2.220446049250313e-16,0.0,1.0500154946476186e-08
8554.0,0.8643112045137283,0.0,0.433865201,0.0,0.0,0.0,1.1034147752722279,0.0,0.022416811923102825,0.0,1.7418449591413543,0.21668675883539654,0.0,94.9122854120333,0.0,0.0,0.0,0.0,1.0500166865530601e-08
8555.0,0.8847032863527048,0.0,0.4185185,0.0,0.0,0.0,1.0643847341533388,0.0,0.0,0.037005311034762595,1.7620181126516783,0.21668675883539654,0.0,95.01846084116023,0.0,0.0,0.0,0.0,0.019953351198568964
8556.0,0.9159927014352548,0.0,0.396957127,0.0,0.0,0.0,1.009549413209137,0.0,0.0,0.12313004706151445,1.7250108014972954,0.21668675883539654,0.0,95.12463626907598,0.0,0.0,0.0,0.0,0.019953373848242226
8557.0,0.9433206178932007,0.0,0.373340014,0.0,0.0,0.0,0.9494858926193077,0.0,0.0,0.015327696921120805,1.60187879632427,0.02149297164722791,0.0,95.23081169578056,0.0,0.0,1.1102230246251565e-16,0.0,0.019953396497941193
8558.0,0.9485240998703836,0.080438497,0.290781395,0.0,0.0,0.08512778698314345,0.739521139002964,0.0,0.0,0.1238751738842761,1.5865492810624708,0.0,0.0,95.24134216555173,0.0,-1.3877787807814457e-17,0.0,0.0,0.019953419147665866
8559.0,0.9339265127763687,0.306052707,0.2339424,0.0,0.0,0.3238945358105139,0.5949670545775014,0.0,0.0,0.015064922388353452,1.4626723062385094,0.0,0.0,95.24134107909565,0.0,-5.551115123125783e-17,0.0,0.0,0.019953441797416257
8560.0,0.9140012453699132,0.44327603,0.222034136,0.0,0.0,0.4691175104449491,0.5646817161471387,0.0,0.0,0.0,1.447605723526941,0.11979798122217453,0.0,95.24133999263957,0.0,-5.551115123125783e-17,0.0,0.0,0.019953397180790332
8561.0,0.898380092685325,0.467397784,0.230605927,0.0,0.0,0.49464548041897516,0.5864816688009711,0.0,0.0,0.0,1.4476040803062562,0.18274705653462123,0.0,95.30003991698237,0.0,0.0,1.1102230246251565e-16,0.0,0.01995339740840672
8562.0,0.8866262191985937,0.45040222,0.238451811,0.0,0.0,0.476659133013076,0.6064354800555225,0.0,0.0,0.0,1.4476024370874365,0.19646839387000473,0.0,95.38958488755866,0.0,0.0,0.0,0.0,0.019953397636023107
8563.0,0.8791850258361614,0.442498549,0.245201257,0.0,0.0,0.4682947049547938,0.6236008079595274,0.0,0.0,0.0,1.4476007938704822,0.21271048707815987,0.0,95.48585331240781,0.0,-5.551115123125783e-17,1.1102230246251565e-16,0.0,0.0199533978636395
8564.0,0.876540457835412,0.455649136,0.241875031,0.0,0.0,0.482211926317586,0.6151414825611425,0.0,0.004126192207920031,0.0,1.447599150655393,0.21668675883539654,0.0,95.59008036183079,0.0,-5.551115123125783e-17,1.1102230246251565e-16,0.0,0.017958199541898465
8565.0,0.8867397107808122,0.472431394,0.236123406,0.0,0.0,0.499972532711315,0.6005138332539444,0.0,0.0,0.0,1.451311080429297,0.2137466551844472,0.0,95.69625578322584,0.0,0.0,0.0,0.0,0.019953398318872287
8566.0,0.9209799070010404,0.39946213,0.267318582,0.0,0.0,0.42274940953300955,0.6798500373013797,0.0,0.0,0.0,1.4513094330025502,0.18161953983334891,0.0,95.80099055262075,0.0,-5.551115123125783e-17,1.1102230246251565e-16,0.0,0.01995339854648869
8567.0,0.9544085313408768,0.130221932,0.319434403,0.0,0.0,0.1378134264222937,0.8123920498534365,0.0,0.0,0.004203055065146656,1.4513077855776735,0.0,0.0,95.88998303429887,0.0,0.0,0.0,0.0,0.01995362299634493
8568.0,0.9707727326864043,0.003300646,0.368026458,0.0,0.0,0.0034930624026299805,0.9359723492742253,0.0,0.0,0.031307321009548944,1.4471030830895204,0.0,0.0,95.88998194044346,0.0,0.0,1.1102230246251565e-16,0.0,0.019953645646326717
8569.0,0.9794901710111416,0.0,0.412377599,0.0,0.0,0.0,1.0487670702308431,0.0,0.0,0.0,1.415794119429849,0.06927689921970152,0.0,95.88998084658809,0.0,0.0,0.0,0.0,0.019953399229337903
8570.0,0.9685221731975074,0.0,0.441951556,0.0,0.0,0.0,1.123980157249236,0.0,0.0,0.0,1.41579251231947,0.15545798405172867,0.0,95.92392543335038,0.0,0.0,2.220446049250313e-16,0.0,0.01995339945695431
8571.0,0.9463527703539788,0.0,0.458085291,0.0,0.0,0.0,1.1650117991930817,0.0,0.001972270003706537,0.0,1.4157909052109154,0.21668675883539654,0.0,96.00009875129312,0.0,0.0,2.220446049250313e-16,0.0,0.017958342236783695
8572.0,0.9143545682202158,0.0,0.461412368,0.0,0.0,0.0,1.1734732888719197,0.0,0.042431961816307324,0.0,1.4175643411075212,0.21668675883539654,0.0,96.10627416801096,0.0,0.0,0.0,0.0,0.01795836262185986
8573.0,0.8812021781087978,0.0,0.458460412,0.0,0.0,0.0,1.1659658145254035,0.0,0.06807687758120934,0.0,1.4557514976223873,0.21668675883539654,0.0,96.21244958351758,0.0,0.0,2.220446049250313e-16,0.0,0.01795838300695916
8574.0,0.8545830487020649,0.0,0.454502624,0.0,0.0,0.0,1.1559002878444677,0.0,0.08463048030700632,0.0,1.5170190349782782,0.21668675883539654,0.0,96.31862499781302,0.0,0.0,2.220446049250313e-16,0.0,0.017958403392081605
8575.0,0.8377798704819192,0.0,0.44832644,0.0,0.0,0.0,1.1401928914810522,0.0,0.08572626216373651,0.0,1.5931847452407666,0.21668675883539654,0.0,96.42480041089728,0.0,0.0,2.220446049250313e-16,0.0,0.017958423777227183
8576.0,0.8320303440997232,0.0,0.440076163,0.0,0.0,0.0,1.1192106197503249,0.0,0.07049351681520519,0.0,1.6703365727163295,0.21668675883539654,0.0,96.53097582277036,0.0,0.0,2.220446049250313e-16,0.0,0.01795844416239591
8577.0,0.8378483937013718,0.0,0.426983977,0.0,0.0,0.0,1.0859143068869843,0.0,0.031379154350216,0.0,1.7337788418008606,0.21668675883539654,0.0,96.63715123343223,0.0,0.0,0.0,0.0,0.017958464547587767
8578.0,0.8539063819099704,0.0,0.409056931,0.0,0.0,0.0,1.0403218800507399,0.0,0.0,0.0,1.7620181126516783,0.18641549814076971,0.0,96.74332664288293,0.0,0.0,2.220446049250313e-16,0.0,0.01995340127788568
8579.0,0.8855319890379598,0.0,0.392293739,0.0,0.0,0.0,0.9976893903030194,0.0,0.0,0.0,1.7620161125320581,0.11215740126505959,0.0,96.83466913338209,0.0,0.0,1.1102230246251565e-16,0.0,0.019953401505502115
8580.0,0.9257594015578603,0.0,0.374777697,0.0,0.0,0.0,0.9531422371721813,0.0,0.0,0.0,1.7620141124147082,0.027382835614320963,0.0,96.88962515537017,0.0,0.0,1.1102230246251565e-16,0.0,0.01995340173311855
8581.0,0.9589717494862993,0.0,0.350355934,0.0,0.0,0.0,0.8910323143890525,0.0,0.0,0.0679394350972468,1.7620121122996288,0.0,0.0,96.90304163956247,0.0,0.0,1.1102230246251565e-16,0.0,0.022170322056157803
8582.0,0.9738070264977904,0.067580803,0.272482445,0.0,0.0,0.0715205332831341,0.6929828783740188,0.0,0.0,0.2093036148406376,1.694070677089573,0.0,0.0,96.90304053415072,0.0,-1.3877787807814457e-17,0.0,0.0,0.022170347222384045
8583.0,0.9700789350894465,0.347193852,0.187095798,0.0,0.0,0.36743406922326055,0.47582582661324835,0.0,0.0,0.12681903925293764,1.4847651392584877,0.0,0.0,96.90303942873896,0.0,0.0,0.0,0.0,0.02217037238863885
8584.0,0.9543014638104821,0.4809569,0.175760356,0.0,0.0,0.5089950466288925,0.44699730070655463,0.0,0.0,0.0,1.3579444146040978,0.0016908835249650578,0.0,96.90303832332724,0.0,0.0,0.0,0.0,0.019953402643584316
8585.0,0.9333654789171004,0.494880111,0.200014309,0.0,0.0,0.5237299333353082,0.5086804456955397,0.0,0.0,0.0,1.3579428731606542,0.09904490011374746,0.0,96.90386575084275,0.0,0.0,0.0,0.0,0.019953402871200766
8586.0,0.910887721586035,0.46746635,0.205352849,0.0,0.0,0.4947180435828827,0.5222575288559423,0.0,0.08981783494409111,0.0,1.3579413317189606,0.016270015908698914,0.0,96.95239664647731,0.0,0.0,1.1102230246251565e-16,0.0,0.019953403098817216
8587.0,0.8966134784338123,0.455166088,0.200586267,0.0,0.0,0.48170071826696026,0.5101350608768923,0.0,0.09522230071004016,0.0,1.4387758417286987,0.0,0.0,96.9603678482978,0.0,0.0,0.0,0.0,0.019953425748549386
8588.0,0.8890052597239642,0.463128959,0.195788503,0.0,0.0,0.4901277974832993,0.497933290203265,0.0,0.0990558279626002,0.0,1.5244742791701138,0.0,0.0,96.96036674223211,0.0,-5.551115123125783e-17,5.551115123125783e-17,0.0,0.019953448398307268
8589.0,0.895566357986552,0.463765998,0.197352831,0.0,0.0,0.4908019736839306,0.5019117208877117,0.0,0.0971473365850904,0.0,1.6136227938599654,0.0,0.0,96.96036563616642,0.0,0.0,0.0,0.0,0.019953471048090858
8590.0,0.921249717177635,0.383826566,0.22915353,0.0,0.0,0.40620234548787565,0.5827879033049893,0.0,0.06774053161522986,0.0,1.7010535651149048,0.0,0.0,96.96036453010073,0.0,0.0,-1.1102230246251565e-16,0.0,0.019953493697900157
8591.0,0.9419458708029326,0.104636796,0.293571573,0.0,0.0,0.1107367642695591,0.7466171762600279,0.0,0.0,0.08459193027334569,1.7620181126516783,0.0,0.0,96.96036342403508,0.0,0.0,0.0,0.0,0.04072082130404629
8592.0,0.9468110193840682,0.001077017,0.322503047,0.0,0.0,0.0011398034171775265,0.8201962874872598,0.0,0.0,0.12547492847963101,1.6774241822587124,0.0,0.0,96.96036231796943,0.0,0.0,-1.1102230246251565e-16,0.0,0.04072086752752465
8593.0,0.9456140043942552,0.0,0.331010839,0.0,0.0,0.0,0.8418334765867904,0.0,0.0,0.10378052780746488,1.5519473496845693,0.0,0.0,96.96036121190379,0.0,0.0,0.0,0.0,0.04072091375105547
8594.0,0.9363162600547786,0.0,0.326972457,0.0,0.0,0.0,0.8315629816111091,0.0,0.0,0.10475327844366954,1.4481650602151093,0.0,0.0,96.96036010583816,0.0,0.0,1.1102230246251565e-16,0.0,0.040720959974638773
8595.0,0.9186158559299252,0.0,0.310590906,0.0,0.0,0.0,0.7899010889918955,0.0,0.0,0.12871476693802963,1.343410137915835,0.0,0.0,96.96035899977255,0.0,0.0,1.1102230246251565e-16,0.0,0.04072100619827453
8596.0,0.8947205244964338,0.0,0.286219722,0.0,0.0,0.0,0.7279197997469945,0.0,0.0,0.1668007247494393,1.2146938460326555,0.0,0.0,96.96035789370694,0.0,0.0,1.1102230246251565e-16,0.0,0.04072105242196277
8597.0,0.8680243064678168,0.0,0.261912057,0.0,0.0,0.0,0.6661000533106639,0.0,0.0,0.2019242531571529,1.047891742447791,0.0,0.0,96.96035678764135,0.0,0.0,0.0,0.0,0.040721098645703474
8598.0,0.8456943023286961,0.0,0.238351993,0.0,0.0,0.0,0.606181620894234,0.0,0.0,0.23951268143446217,0.8459662997972843,0.0,0.0,96.96035568157578,0.0,0.0,0.0,0.0,0.040721144869496656
8599.0,0.8286512928404661,0.0,0.215349088,0.0,0.0,0.0,0.5476801665423248,0.0,0.0,0.2809711262981413,0.6064526580810963,0.0,0.0,96.96035457551021,0.0,0.0,0.0,0.0,0.040721191093342296
8600.0,0.8202079473935393,0.0,0.193348214,0.0,0.0,0.0,0.49172709774457485,0.0,0.0,0.24508201044215744,0.3254808433803492,0.0,0.08339883920680703,96.96035346944466,0.0,0.0,0.0,0.0,0.040721237317240415
8601.0,0.8186940125137582,0.0,0.172011142,0.0,0.0,0.0,0.4374622236510028,0.0,0.0,0.0,0.08039846347512204,0.0,0.3812317888627554,96.87695352417231,0.0,0.0,0.0,0.0,0.04072123778176386
8602.0,0.8263386341839404,0.0,0.157092561,0.0,0.0,0.0,0.3995209859957258,0.0,0.0,0.0,0.0803983722124142,0.0,0.42681764818821466,96.4957206301954,0.0,0.0,0.0,0.0,0.04072123824628732
8603.0,0.8466857476601511,0.0,0.148802973,0.0,0.0,0.0,0.3784387377328157,0.0,0.0,0.0,0.08039828094980996,0.0,0.46824700992733537,96.06890188124189,0.0,0.0,5.551115123125783e-17,0.0,0.04072123871081078
8604.0,0.8739258687431732,0.0,0.145157294,0.0,0.0,0.0,0.36916697298830997,0.0,0.0,0.0,0.0803981896873093,0.0,0.5047588957548632,95.60065377541817,0.0,0.0,5.551115123125783e-17,0.0,0.040721239175334246
8605.0,0.8974122022105568,0.0,0.142202113,0.0,0.0,0.0,0.36165129675641106,0.0,0.0,0.022017017689348464,0.08039809842491223,0.0,0.5137438877647974,95.0958937891084,0.0,0.0,5.551115123125783e-17,0.0,0.040721468437518046
8606.0,0.9049626044539918,0.044690455,0.112275779,0.0,0.0,0.04729575607833346,0.28554203740760326,0.0,0.0,0.05838092320325771,0.05838098947327029,0.0,0.5137438877647974,94.5821488165467,0.0,0.0,5.551115123125783e-17,0.0,0.04072151466173098
8607.0,0.9002580571684482,0.236456559,0.068574177,0.0,0.0,0.2502411697886286,0.17439923720439837,0.0,0.0,0.0,0.0,0.0,0.4756176501754213,94.0684038498455,0.0,0.0,0.0,0.0,0.040721240568904665
8608.0,0.8900780763785192,0.392027166,0.057695586,0.0,0.0,0.4148810124939731,0.14673258402300277,0.0,0.0,0.0,0.0,0.0,0.3284644798615433,93.59278512659417,0.0,-5.551115123125783e-17,2.7755575615628914e-17,0.0,0.040721241033428154
8609.0,0.873910879288918,0.455571932,0.077961112,0.0,0.0,0.4821302215877444,0.19827228060508356,0.0,0.0,0.0,0.0,0.0,0.19350837709609,93.26431957908228,0.0,0.0,2.7755575615628914e-17,0.0,0.040721241497951643
8610.0,0.8532789661818574,0.449762866,0.093462943,0.0,0.0,0.47598250685584154,0.23769685148504466,0.0,0.0,0.0,0.0,0.0,0.13959960784097122,93.07081013808279,0.0,0.0,0.0,0.0,0.040721241962475146
8611.0,0.8348162412405936,0.434007278,0.10678628,0.0,0.0,0.45930842182093384,0.2715810322578906,0.0,0.0,0.0,0.0,0.0,0.10392678716176917,92.93120946854586,0.0,-5.551115123125783e-17,0.0,0.0,0.04072124242699864
8612.0,0.8258996573093221,0.429887261,0.120939184,0.0,0.0,0.4549482218840438,0.30757498464359817,0.0,0.0,0.0,0.0,0.0,0.0633764507816802,92.8272816212806,0.0,-5.551115123125783e-17,0.0,0.0,0.04072124289152215
8613.0,0.8298418837784554,0.404948745,0.140555841,0.0,0.0,0.4285558754715578,0.3574644644298494,0.0,0.0,0.0,0.0,0.0,0.04382154387704809,92.763904111581,0.0,-5.551115123125783e-17,5.551115123125783e-17,0.0,0.04072124335604566
8614.0,0.854015590790973,0.321261816,0.197862152,0.0,0.0,0.3399902839838718,0.5032070363807754,0.0,0.0,0.0,0.0,0.0,0.01081827042632584,92.72008150950899,0.0,0.0,0.0,0.0,0.040721243820569186
8615.0,0.8839580963411575,0.138246405,0.319243044,0.0,0.0,0.14630569882509586,0.8119053817650655,0.0,0.0,0.0,0.0,0.07425298424900396,0.0,92.7092621813876,0.0,0.0,1.1102230246251565e-16,0.0,0.01995340969969542
8616.0,0.902467930995795,0.001996939,0.39428971,0.0,0.0,0.002113353731737821,1.002765584216103,0.0,0.0,0.0,0.0,0.10241100695204565,0.0,92.74564508609797,0.0,-4.336808689942018e-19,0.0,0.0,0.01995340992731195
8617.0,0.9132025215931686,0.0,0.399614753,0.0,0.0,0.0,1.0163083415324703,0.0,0.0,0.0,0.0,0.10310581993930161,0.0,92.79582542151779,0.0,0.0,0.0,0.0,0.01995341015492848
8618.0,0.9080804109390858,0.0,0.391842867,0.0,0.0,0.0,0.9965427234917383,0.0,0.0,0.0,0.0,0.08846231255265245,0.0,92.84634621472895,0.0,0.0,0.0,0.0,0.019953410382545018
8619.0,0.8911615997861136,0.0,0.385270631,0.0,0.0,0.0,0.9798280796524503,0.0,0.0,0.0,0.0,0.08866647986633672,0.0,92.88969168874435,0.0,0.0,1.1102230246251565e-16,0.0,0.01995341061016155
8620.0,0.8651741688087097,0.0,0.373695165,0.0,0.0,0.0,0.9503891198427622,0.0,0.0,0.0,0.0,0.08521495103405244,0.0,92.93313720424898,0.0,0.0,0.0,0.0,0.019953410837778095
8621.0,0.839118214611853,0.0,0.35798444,0.0,0.0,0.0,0.9104332855069295,0.0,0.0,0.0,0.0,0.07131507089507645,0.0,92.97489147013019,0.0,0.0,0.0,0.0,0.01995341106539464
8622.0,0.8174627359142189,0.0,0.349352582,0.0,0.0,0.0,0.8884805692409118,0.0,0.0,0.0,0.0,0.07101783332669283,0.0,93.009834794267,0.0,0.0,0.0,0.0,0.019953411293011182
8623.0,0.8045825120077353,0.0,0.345836605,0.0,0.0,0.0,0.8795386652523562,0.0,0.016440520191581275,0.0,0.0,0.05851563305303959,0.0,93.04463247159669,0.0,0.0,0.0,0.0,0.01995341152062773
8624.0,0.8008330070933126,0.0,0.345694198,0.0,0.0,0.0,0.8791764928828275,0.0,0.07834348578951493,0.0,0.014796468172423147,0.0,0.0,93.07330407039532,0.0,0.0,1.1102230246251565e-16,0.0,0.019953434170369457
8625.0,0.8085954030469291,0.0,0.339114948,0.0,0.0,0.0,0.8624440108965394,0.0,0.05384860784961032,0.0,0.08530558858707166,0.0,0.0,93.07330300867092,0.0,0.0,0.0,0.0,0.019953456820136897
8626.0,0.8356749228343592,0.0,0.339953101,0.0,0.0,0.0,0.8645756185986715,0.0,0.02890069576431237,0.0,0.1337692388187882,0.0,0.0,93.07330194694653,0.0,0.0,0.0,0.0,0.019953479469930046
8627.0,0.8831657966162367,0.0,0.348531213,0.0,0.0,0.0,0.8863916469478547,0.0,0.003225850331617921,0.0,0.15977971316119327,0.0,0.0,93.07330088522214,0.0,0.0,0.0,0.0,0.01995350211974891
8628.0,0.9338751203617793,0.0,0.358591207,0.0,0.0,0.0,0.9119764276427921,0.0,0.0,0.02189869271898718,0.1626827970889036,0.0,0.0,93.07329982349776,0.0,0.0,1.1102230246251565e-16,0.0,0.02217058307732609
8629.0,0.9684772048347416,0.0,0.3653412,0.0,0.0,0.0,0.9291431466882868,0.0,0.0,0.039334058146454944,0.14078391970379295,0.0,0.0,93.0732987617734,0.0,0.0,0.0,0.0,0.02217060824384863
8630.0,0.9803231563976124,0.012449054,0.34039473,0.0,0.0,0.013174791381962916,0.8656987784249621,0.0,0.0,0.10144958659068729,0.10144970174928723,0.0,0.0,93.07329770004905,0.0,-1.734723475976807e-18,0.0,0.0,0.022170633410399727
8631.0,0.979642206904302,0.225541324,0.308081722,0.0,0.0,0.2386896138221993,0.7835196813724431,0.0,0.0,0.0,0.0,0.042567088290340394,0.0,93.0732966383247,0.0,0.0,0.0,0.0,0.0199534133415602
8632.0,0.9702288296319991,0.423489317,0.329417287,0.0,0.0,0.4481772995735227,0.7387382888938729,0.0,0.0,0.0,0.0,0.21668675883539654,0.0,93.09415344986266,0.0,0.0,0.09904243393918966,0.0,1.05e-08
8633.0,0.9574385424510471,0.482608214,0.36477889,0.0,0.0,0.510742626602127,0.6633826746843168,0.0,0.0,0.0,0.0,0.21668675883539654,0.0,93.20032889972975,0.0,-1.1102230246251565e-16,0.2643303938118191,0.0,1.05e-08
8634.0,0.9462585509272314,0.463897474,0.393159925,0.0,0.0,0.4909411142862394,0.6720041954763886,0.0,0.0,0.0,0.0,0.21668675883539654,0.0,93.30650434838566,0.0,0.0,0.32788809662269824,0.0,1.05e-08
8635.0,0.937523981797631,0.447126652,0.424086075,0.0,0.0,0.4731926105722999,0.6810181300607276,0.0,0.0,0.0,0.0,0.21668675883539654,0.0,93.41267979583037,0.0,0.0,0.3975261737084197,0.0,1.05e-08
8636.0,0.9352905531135973,0.45525624,0.457997055,0.0,0.0,0.4817961258210335,0.6701811861279603,0.0,0.0,0.0,0.0,0.21668675883539654,0.0,93.51885524206392,0.0,5.551115123125783e-17,0.49460620948104395,0.0,1.05e-08
8637.0,0.9472478549080786,0.470181496,0.491214549,0.0,0.0,0.49759147333277143,0.6663431404107037,0.0,0.0,0.0,0.0,0.21668675883539654,0.0,93.62503068708627,0.0,-5.551115123125783e-17,0.5829236593833728,0.0,1.05e-08
8638.0,0.983085498681796,0.418790052,0.542810855,0.0,0.0,0.4432040834541646,0.7565681740630278,0.0,0.0,0.0,0.0,0.21668675883539654,0.0,93.73120613089743,0.0,0.0,0.6239193972025711,0.0,1.05e-08
8639.0,1.0152914118245246,0.163115758,0.575238179,0.0,0.0,0.1726248502706108,1.0593533203893104,0.0,0.0,0.0,0.0,0.21668675883539654,0.0,93.83738157349742,0.0,0.0,0.40360407869762516,0.0,1.05e-08
8640.0,1.0245870148133933,0.001823408,0.600260665,0.0,0.0,0.0019297064663871038,1.2393440671824028,0.0,0.0,0.0,0.0,0.21668675883539654,0.0,93.94355701488622,0.0,-2.168404344971009e-19,0.28725102560018945,0.0,1.05e-08
8641.0,1.0223578688305754,0.0,0.615561731,0.0,0.0,0.0,1.239044627665972,0.0,0.0,0.0,0.0,0.21668675883539654,0.0,94.04973245506383,0.0,0.0,0.3264644463783155,0.0,1.05e-08
8642.0,1.000773054703002,0.0,0.627897644,0.0,0.0,0.0,1.2174598135383987,0.0,0.0,0.0,0.0,0.21668675883539654,0.0,94.15590789403025,0.0,0.0,0.3794222045431146,0.0,1.05e-08
8643.0,0.965374387803903,0.0,0.629331633,0.0,0.0,0.0,1.1820611466392996,0.0,0.0,0.0,0.0,0.21668675883539654,0.0,94.26208333178549,0.0,0.0,0.41846782133939553,0.0,1.05e-08
8644.0,0.9239285467881108,0.0,0.624571249,0.0,0.0,0.0,1.1406153056235073,0.0,0.0,0.0,0.0,0.21668675883539654,0.0,94.36825876832955,0.0,0.0,0.4478069572553949,0.0,1.05e-08
8645.0,0.8851872315900888,0.0,0.630019734,0.0,0.0,0.0,1.1018739904254853,0.0,0.0,0.0,0.0,0.21668675883539654,0.0,94.47443420366241,0.0,0.0,0.5004049699668205,0.0,1.05e-08
8646.0,0.8543025317724308,0.0,0.636848218,0.0,0.0,0.0,1.0709892906078273,0.0,0.0,0.0,0.0,0.21668675883539654,0.0,94.5806096377841,0.0,0.0,0.5486560087324828,0.0,1.05e-08
8647.0,0.8347177391126305,0.0,0.647766459,0.0,0.0,0.0,1.051404497948027,0.0,0.0,0.0,0.0,0.21668675883539654,0.0,94.68678507069458,0.0,0.0,0.5960082932575339,0.0,1.05e-08
8648.0,0.8248396887584145,0.0,0.651892549,0.0,0.0,0.0,1.041526447593811,0.0,0.0,0.0,0.0,0.21668675883539654,0.0,94.7929605023939,0.0,0.0,0.6163798993512044,0.0,1.05e-08
8649.0,0.8259895940348536,0.0,0.653169318,0.0,0.0,0.0,1.0426763528702503,0.0,0.0,0.0,0.0,0.21668675883539654,0.0,94.89913593288202,0.0,0.0,0.6184770988805028,0.0,1.05e-08
8650.0,0.8430218967700441,0.0,0.649482569,0.0,0.0,0.0,1.0597086556054407,0.0,0.0,0.0,0.0,0.21668675883539654,0.0,95.00531136215895,0.0,0.0,0.5920685813441626,0.0,1.05e-08
8651.0,0.8845748053162311,0.0,0.652632969,0.0,0.0,0.0,1.1012615641516277,0.0,0.0,0.0,0.0,0.21668675883539654,0.0,95.1114867902247,0.0,0.0,0.5585278339485023,0.0,1.05e-08
8652.0,0.9301641597582986,0.0,0.655699447,0.0,0.0,0.0,1.146850918593695,0.0,0.0,0.0,0.0,0.21668675883539654,0.0,95.21766221707928,0.0,0.0,0.5207372085251452,0.0,1.05e-08
8653.0,0.9628647248914509,0.0,0.650132706,0.0,0.0,0.0,1.1795514837268475,0.0,0.0,0.0,0.0,0.21668675883539654,0.0,95.32383764272265,0.0,0.0,0.47387919482189234,0.0,1.05e-08
8654.0,0.9794965950629653,0.076354115,0.612239823,0.0,0.0,0.08080529944519524,1.1153780544531664,0.0,0.0,0.0,0.0,0.21668675883539654,0.0,95.43001306715486,0.0,-1.3877787807814457e-17,0.44168267581787823,0.0,1.05e-08
8655.0,0.985815720706861,0.29951869,0.608804858,0.0,0.0,0.3169796079082653,0.8855228716339922,0.0,0.0,0.0,0.0,0.21668675883539654,0.0,95.53618849037588,0.0,0.0,0.6628019860093166,0.0,1.05e-08
8656.0,0.9843360474368061,0.452768812,0.647762096,0.0,0.0,0.4791636892537528,0.72185911701845,0.0,0.0,0.0,0.0,0.21668675883539654,0.0,95.64236391238569,0.0,-5.551115123125783e-17,0.9255425781170566,0.0,1.05e-08
8657.0,0.97721391531495,0.481460116,0.655846212,0.0,0.0,0.5095275984051211,0.6843730757452255,0.0,0.0,0.0,0.0,0.21668675883539654,0.0,95.74853933318433,0.0,0.0,0.9835883070970963,0.0,1.05e-08
8658.0,0.967881909365747,0.464573352,0.654968248,0.0,0.0,0.49165639366808306,0.6929122745330606,0.0,0.0,0.0,0.0,0.21668675883539654,0.0,95.85471475277178,0.0,0.0,0.9728162524648093,0.0,1.05e-08
8659.0,0.9596484162783939,0.450498272,0.650667496,0.0,0.0,0.4767607845170232,0.6995743905967673,0.0,0.0,0.0,0.0,0.21668675883539654,0.0,95.96089017114807,0.0,-5.551115123125783e-17,0.9552163767221891,0.0,1.05e-08
8660.0,0.9561987004490763,0.447840607,0.643705651,0.0,0.0,0.4739481867133552,0.6989372725711177,0.0,0.0,0.0,0.0,0.21668675883539654,0.0,96.06706558831314,0.0,-5.551115123125783e-17,0.9381479894009023,0.0,1.05e-08
8661.0,0.9658047992760898,0.434393886,0.638602188,0.0,0.0,0.4597175677485359,0.7227739903629504,0.0,0.0,0.0,0.0,0.21668675883539654,0.0,96.17324100426703,0.0,-5.551115123125783e-17,0.9013320410409673,0.0,1.05e-08
8662.0,0.9940577791966458,0.348295315,0.631162084,0.0,0.0,0.3685997437588478,0.8421447942731946,0.0,0.0,0.0,0.0,0.21668675883539654,0.0,96.27941641900975,0.0,0.0,0.7630394137988674,0.0,1.05e-08
8663.0,1.0148502935992985,0.132395803,0.635647945,0.0,0.0,0.14011402668608075,1.0914230257486142,0.0,0.0,0.0,0.0,0.21668675883539654,0.0,96.38559183254128,0.0,-2.7755575615628914e-17,0.5251697149640213,0.0,1.05e-08
8664.0,1.0212936175784522,0.001638972,0.640841045,0.0,0.0,0.0017345184767355434,1.2362458579371134,0.0,0.0,0.0,0.0,0.21668675883539654,0.0,96.49176724486162,0.0,0.0,0.3935540799793058,0.0,1.05e-08
8665.0,1.016417762244277,0.0,0.634897506,0.0,0.0,0.0,1.2331045210796736,0.0,0.0,0.0,0.0,0.21668675883539654,0.0,96.59794265597078,0.0,0.0,0.38157968795392416,0.0,1.05e-08
8666.0,0.9919100045369279,0.0,0.627400348,0.0,0.0,0.0,1.2085967633723245,0.0,0.0,0.0,0.0,0.21668675883539654,0.0,96.70411806586876,0.0,0.0,0.3870205214399174,0.0,1.05e-08
8667.0,0.9546505039595689,0.0,0.617258768,0.0,0.0,0.0,1.1713372627949654,0.0,0.0,0.0,0.0,0.21668675883539654,0.0,96.81029347455554,0.0,0.0,0.39848775015308213,0.0,1.05e-08
8668.0,0.9116114980915033,0.0,0.605687,0.0,0.0,0.0,1.1282982569269,0.0,0.0,0.0,0.0,0.21668675883539654,0.0,96.91646888203113,0.0,0.0,0.41209720104003167,0.0,1.05e-08
8669.0,0.8682598550346852,0.0,0.59588251,0.0,0.0,0.0,1.0849466138700818,0.0,0.0,0.0,0.0,0.21668675883539654,0.0,97.02264428829555,0.0,0.0,0.4305138663547452,0.0,1.05e-08
8670.0,0.8343494268080727,0.0,0.585223716,0.0,0.0,0.0,1.0510361856434693,0.0,0.0,0.0,0.0,0.21668675883539654,0.0,97.12881969334879,0.0,0.0,0.4373166335864789,0.0,1.05e-08
8671.0,0.8113727347853679,0.0,0.575809221,0.0,0.0,0.0,1.0280594936207645,0.0,0.0,0.0,0.0,0.21668675883539654,0.0,97.23499509719082,0.0,0.0,0.43635019105775297,0.0,1.05e-08
8672.0,0.8004518466851074,0.0,0.56939215,0.0,0.0,0.0,1.017138605520504,0.0,0.0,0.0,0.0,0.21668675883539654,0.0,97.34117049982167,0.0,0.0,0.430951054092507,0.0,1.05e-08
8673.0,0.8028523007165568,0.0,0.570077627,0.0,0.0,0.0,1.0195390595519533,0.0,0.0,0.0,0.0,0.21668675883539654,0.0,97.44734590124136,0.0,0.0,0.43029391906466996,0.0,1.05e-08
8674.0,0.8217625679348706,0.0,0.56857997,0.0,0.0,0.0,1.0384493267702672,0.0,0.0,0.0,0.0,0.21668675883539654,0.0,97.55352130144985,0.0,0.0,0.40757478020078275,0.0,1.05e-08
8675.0,0.8601933872947477,0.0,0.568773881,0.0,0.0,0.0,1.0768801461301443,0.0,0.0,0.0,0.0,0.21668675883539654,0.0,97.65969670044714,0.0,0.0,0.36963711922741527,0.0,1.05e-08
8676.0,0.9082667084419725,0.0,0.570212593,0.0,0.0,0.0,1.1249534672773691,0.0,0.0,0.0,0.0,0.21668675883539654,0.0,97.76587209823326,0.0,0.0,0.32522275960672564,0.0,1.05e-08
8677.0,0.9490315999644544,0.0,0.562384357,0.0,0.0,0.0,1.165718358799851,0.0,0.0,0.0,0.0,0.21668675883539654,0.0,97.87204749480819,0.0,0.0,0.26454893958108405,0.0,1.05e-08
8678.0,0.9806079560284623,0.055968807,0.539467948,0.0,0.0,0.05923159752719731,1.1380631173366615,0.0,0.0,0.0,0.0,0.21668675883539654,0.0,97.97822289017193,0.0,0.0,0.23392270507316537,0.0,1.05e-08
8679.0,0.9993426324969287,0.290569992,0.541882711,0.0,0.0,0.30750923134068125,1.1167461291532974,0.0,0.20822596916165337,0.0,0.0,0.21668675883539654,0.0,98.0843982843245,0.0,0.0,0.2613809674745111,0.0,1.05e-08
8680.0,1.0030964201125672,0.470128616,0.481157985,0.0,0.0,0.49753551060915574,1.015526315584427,0.0,0.2932786472456189,0.0,0.18740337224548803,0.21668675883539654,0.0,98.19057367726587,0.0,0.0,0.20816442676025115,0.0,1.05e-08
8681.0,0.994925026192843,0.510781463,0.439936426,0.0,0.0,0.5405582799141855,0.9643321523596728,0.0,0.2932786472456189,0.0,0.4513539420393551,0.21668675883539654,0.0,98.29674906899608,0.0,0.0,0.15452308541925452,0.0,1.05e-08
8682.0,0.9819912685211619,0.48897006,0.416093541,0.0,0.0,0.5174753465223856,0.9744813280797917,0.0,0.2932786472456189,0.0,0.715304212215012,0.21668675883539654,0.0,98.40292445951508,0.0,0.0,0.08373620118165404,0.0,1.05e-08
8683.0,0.9699761502602676,0.473089371,0.397146975,0.0,0.0,0.5006688675259227,0.9792726888153604,0.0,0.2932786472456189,0.0,0.9792541827727986,0.21668675883539654,0.0,98.50909984882291,0.0,-1.1102230246251565e-16,0.030759549676313558,0.0,1.05e-08
8684.0,0.9602265809425253,0.478104821,0.373101038,0.0,0.0,0.5059767011522099,0.9488781240111601,0.0,0.2779414853854481,0.0,1.2432038537130552,0.21668675883539654,0.0,98.61527523691953,0.0,-1.1102230246251565e-16,1.1102230246251565e-16,0.0,1.050005959452794e-08
8685.0,0.9618968344166828,0.483129831,0.346662286,0.0,0.0,0.511294652093886,0.8816385539112338,0.0,0.21434961275304035,0.0,1.493349779361968,0.21668675883539654,0.0,98.72145062380498,0.0,0.0,0.0,0.0,1.0500071513474118e-08
8686.0,0.9831583046024643,0.432400695,0.324946942,0.0,0.0,0.4576081805124129,0.8264116507982572,0.0,0.08417476787280916,0.0,1.686262735693569,0.21668675883539654,0.0,98.82762600947925,0.0,-5.551115123125783e-17,1.1102230246251565e-16,0.0,1.0500083432433824e-08
8687.0,1.005406937418485,0.197731893,0.342257619,0.0,0.0,0.20925898785848412,0.87043651549757,0.0,0.0,0.1423981928978276,1.7620181126516783,0.21668675883539654,0.0,98.93380139394233,0.0,0.0,0.0,0.0,0.019953403665976043
8688.0,1.013280683603712,0.001669026,0.370812,0.0,0.0,0.0017663245224152806,0.9430565961621,0.0,0.0,0.08993272503481659,1.6196179196342304,0.02147496211561977,0.0,99.03997677719424,0.0,0.0,0.0,0.0,0.019953426315708855
8689.0,1.010651105057218,0.0,0.373023809,0.0,0.0,0.0,0.9486817136526361,0.0,0.0,0.06196939140458189,1.5296833561225247,0.0,0.0,99.05049837884225,0.0,0.0,1.1102230246251565e-16,0.0,0.019953448965467385
8690.0,0.9906765865867808,0.0,0.360800957,0.0,0.0,0.0,0.9175963086427844,0.0,0.0,0.07308027794399631,1.467712228328475,0.0,0.0,99.0504972489336,0.0,0.0,1.1102230246251565e-16,0.0,0.019953471615251617
8691.0,0.960132361515778,0.0,0.350836689,0.0,0.0,0.0,0.8922549802517752,0.0,0.0,0.06787738126400278,1.394630284340297,0.0,0.0,99.05049611902496,0.0,0.0,0.0,0.0,0.01995349426506156
8692.0,0.92256664780149,0.0,0.33876035,0.0,0.0,0.0,0.8615421900738963,0.0,0.0,0.06102445772759366,1.3267513199896195,0.0,0.0,99.05049498911632,0.0,0.0,0.0,0.0,0.019953516914897218
8693.0,0.8832835708996709,0.0,0.3256687,0.0,0.0,0.0,0.8282472403766223,0.0,0.0,0.05503633052304858,1.2657253562267998,0.0,0.0,99.0504938592077,0.0,0.0,0.0,0.0,0.01995353956475858
8694.0,0.8533196518434073,0.0,0.312284104,0.0,0.0,0.0,0.7942072644730248,0.0,0.0,0.05911238737038262,1.2106875889409277,0.0,0.0,99.0504927292991,0.0,0.0,0.0,0.0,0.01995356221464566
8695.0,0.8324928758310284,0.0,0.29710935,0.0,0.0,0.0,0.7556145224505518,0.0,0.0,0.07687835338047651,1.1515738272827423,0.0,0.0,99.0504915993905,0.0,0.0,0.0,0.0,0.01995358486455845
8696.0,0.8206683377742365,0.0,0.287606672,0.0,0.0,0.0,0.7314471191057181,0.0,0.0,0.08922121866851841,1.074694166716267,0.0,0.0,99.05049046948193,0.0,0.0,1.1102230246251565e-16,0.0,0.019953607514496943
8697.0,0.8178438963224242,0.0,0.284081445,0.0,0.0,0.0,0.7224816903296302,0.0,0.0,0.09536220599279405,0.9854717281301593,0.0,0.0,99.05048933957335,0.0,0.0,0.0,0.0,0.01995363016446115
8698.0,0.8250602478710276,0.0,0.280538156,0.0,0.0,0.0,0.713470325908957,0.0,0.0,0.1115899219620705,0.8901084034988425,0.0,0.0,99.05048820966479,0.0,0.0,1.1102230246251565e-16,0.0,0.01995365281445107
8699.0,0.8445786586619832,0.0,0.274805993,0.0,0.0,0.0,0.6988921727547271,0.0,0.0,0.14568648590725608,0.77851747114802,0.0,0.0,99.05048707975625,0.0,0.0,1.1102230246251565e-16,0.0,0.019953675464466702
8700.0,0.8740757632857258,0.0,0.273594683,0.0,0.0,0.0,0.6958115446048909,0.0,0.0,0.17826421868083503,0.6328301015222269,0.0,0.0,99.05048594984771,0.0,0.0,-1.1102230246251565e-16,0.0,0.01995369811450804
8701.0,0.9064743979831651,0.0,0.267964833,0.0,0.0,0.0,0.6814935959465325,0.0,0.0,0.2249808020366326,0.45456516449695866,0.0,0.0,99.0504848199392,0.0,0.0,0.0,0.0,0.019953720764575095
8702.0,0.9373655218526469,0.028138544,0.266592327,0.0,0.0,0.029778925128944284,0.6780030108614433,0.0,0.0,0.22958358586225922,0.22958384646977087,0.0,0.0,99.0504836900307,0.0,0.0,0.0,0.0,0.01995374341466786
8703.0,0.9551580040536397,0.397578908,0.249481668,0.0,0.0,0.42075640211446,0.634486835994852,0.0,0.0,0.0,0.0,0.1000852340556725,0.0,99.05048256012222,0.0,0.0,1.1102230246251565e-16,0.0,0.019953429729959907
8704.0,0.9582586797338706,0.591874074,0.215388482,0.0,0.0,0.626378313512214,0.5477803541617902,0.0,0.0,0.0,0.0,0.21589998794013357,0.0,99.09952319490101,0.0,0.0,0.0,0.0,0.01995342995757667
8705.0,0.9527404192173272,0.596721947,0.208844549,0.0,0.0,0.6315088009710402,0.5311376910859112,0.0,0.0,0.0,0.0,0.20990607283962417,0.0,99.20531305852379,0.0,0.0,0.0,0.0,0.019953430185193424
8706.0,0.942035807528464,0.5597928,0.220362156,0.0,0.0,0.5924268106737179,0.5604295027137787,0.0,0.0,0.0,0.0,0.21082050585903242,0.0,99.3081659025405,0.0,-1.1102230246251565e-16,0.0,0.0,0.019953430412810183
8707.0,0.9304425353373249,0.539079963,0.229331522,0.0,0.0,0.5705064859322876,0.576622808240434,0.0,0.0,0.0,0.0,0.21668675883539654,0.0,99.41146681756345,0.0,0.0,0.006617767927526552,0.0,1.05e-08
8708.0,0.9258000872194102,0.555406006,0.233484506,0.0,0.0,0.5877842815477581,0.5547025645070486,0.0,0.0,0.0,0.0,0.21668675883539654,0.0,99.51764219536643,0.0,0.0,0.0390999647664092,0.0,1.05e-08
8709.0,0.934631017126366,0.584046649,0.248627567,0.0,0.0,0.6180945763356414,0.6213482485919157,0.0,0.08812504896579458,0.0,0.0,0.21668675883539654,0.0,99.62381757195821,0.0,-1.1102230246251565e-16,0.010966420423877854,0.0,1.05e-08
8710.0,0.9633315393239719,0.527093316,0.308175828,0.0,0.0,0.5578210583010609,0.7837590136595277,0.0,0.1615617738012201,0.0,0.07931254406921513,0.21668675883539654,0.0,99.72999294733883,0.0,0.0,0.0,0.0,1.050001191887853e-08
8711.0,0.9936787601390485,0.205026705,0.382989812,0.0,0.0,0.21697906251400736,0.9740274545308204,0.0,0.0,0.01935900192961736,0.2247180504602651,0.21668675883539654,0.0,99.83616832150825,0.0,-2.7755575615628914e-17,1.1102230246251565e-16,0.0,1.166669315307843e-08
8712.0,1.0049701018944746,0.001641045,0.429432843,0.0,0.0,0.001736712325564122,1.0921423125459626,0.0,0.0,0.1277778358583444,0.20535879344644714,0.21668675883539654,0.0,99.94234369446649,0.0,0.0,0.0,0.0,1.166670639630686e-08
8713.0,1.0063512730365665,0.0,0.454926047,0.0,0.0,0.0,1.1569771458024538,0.0,0.0,0.06606088606950909,0.07758072447917552,0.21668675883539654,0.0,100.04851906621353,0.0,0.0,2.220446049250313e-16,0.0,1.1666719639550327e-08
8714.0,0.9894046243256917,0.0,0.46970829,0.0,0.0,0.0,1.1945716458920437,0.0,0.0,0.01151973726904445,0.01151975034545866,0.21668675883539654,0.0,100.15469443674941,0.0,0.0,2.220446049250313e-16,0.0,1.1666732882808823e-08
8715.0,0.9634236174001114,0.0,0.481685508,0.0,0.0,0.0,1.180110376235508,0.0,0.0,0.0,0.0,0.21668675883539654,0.0,100.26086980607408,0.0,0.0,0.0449219732976569,0.0,1.05e-08
8716.0,0.9280356572540518,0.0,0.490609991,0.0,0.0,0.0,1.1447224160894482,0.0,0.0,0.0,0.0,0.21668675883539654,0.0,100.36704517418758,0.0,0.0,0.10300685954235056,0.0,1.05e-08
8717.0,0.8921616105200002,0.0,0.491427953,0.0,0.0,0.0,1.1088483693553968,0.0,0.0,0.0,0.0,0.21668675883539654,0.0,100.47322054108989,0.0,0.0,0.14096116381798618,0.0,1.05e-08
8718.0,0.8619043264304552,0.0,0.484819198,0.0,0.0,0.0,1.0785910852658518,0.0,0.0,0.0,0.0,0.21668675883539654,0.0,100.57939590678102,0.0,0.0,0.15441092820706492,0.0,1.05e-08
8719.0,0.8400753983335817,0.0,0.478207536,0.0,0.0,0.0,1.0567621571689783,0.0,0.0,0.0,0.0,0.21668675883539654,0.0,100.68557127126095,0.0,0.0,0.15942494346213643,0.0,1.05e-08
8720.0,0.8288375903433529,0.0,0.468836529,0.0,0.0,0.0,1.0455243491787496,0.0,0.0,0.0,0.0,0.21668675883539654,0.0,100.7917466345297,0.0,0.0,0.1468302164642008,0.0,1.05e-08
8721.0,0.8263793198454904,0.0,0.462474258,0.0,0.0,0.0,1.043066078680887,0.0,0.0,0.0,0.0,0.21668675883539654,0.0,100.89792199658729,0.0,0.0,0.13310783036756058,0.0,1.05e-08
8722.0,0.8292979807240503,0.0,0.453658212,0.0,0.0,0.0,1.1233367831897523,0.0,0.07735204363030533,0.0,0.0,0.21668675883539654,0.0,101.00409735743368,0.0,0.0,0.03041597893688963,0.0,1.05e-08
8723.0,0.8454180681002778,0.0,0.44328302,0.0,0.0,0.0,1.1273663634878486,0.0,0.06526153655217436,0.0,0.0696168392672748,0.21668675883539654,0.0,101.11027271706888,0.0,0.0,0.0,0.0,1.050001191887853e-08
8724.0,0.8690371653053508,0.0,0.434258213,0.0,0.0,0.0,1.104414291358468,0.0,0.018690367217720542,0.0,0.12835214314006896,0.21668675883539654,0.0,101.21644807549289,0.0,0.0,0.0,0.0,1.0500023837770588e-08
8725.0,0.8999646921351667,0.0,0.425813628,0.0,0.0,0.0,1.0829378515827823,0.0,0.0,0.033713599387780985,0.1451733279396492,0.21668675883539654,0.0,101.32262343270573,0.0,0.0,0.0,0.0,1.166670639630686e-08
8726.0,0.92673585743506,0.030316405,0.393154868,0.0,0.0,0.032083747996120626,0.9998794310341621,0.0,0.0,0.11145943724017388,0.11145956376126848,0.21668675883539654,0.0,101.42879878870735,0.0,0.0,1.1102230246251565e-16,0.0,1.1666719639550327e-08
8727.0,0.9371064184290916,0.426823234,0.326042782,0.0,0.0,0.4517055725619586,0.7020876047025295,0.0,0.0,0.0,0.0,0.21668675883539654,0.0,101.53497414349783,0.0,0.0,0.12711100860055025,0.0,1.05e-08
8728.0,0.9337680528313845,0.567926991,0.285807789,0.0,0.0,0.6010351972616498,0.5494196144051313,0.0,0.0,0.0,0.0,0.21668675883539654,0.0,101.64114949707711,0.0,0.0,0.17745254898482288,0.0,1.05e-08
8729.0,0.9279478618791281,0.571399529,0.293810931,0.0,0.0,0.6047101723815215,0.5399244483330032,0.0,0.0,0.0,0.0,0.21668675883539654,0.0,101.7473248494452,0.0,0.0,0.2073014680453169,0.0,1.05e-08
8730.0,0.9181940098601701,0.538447557,0.321594335,0.0,0.0,0.5698372128197521,0.5650435558758145,0.0,0.0,0.0,0.0,0.21668675883539654,0.0,101.85350020060211,0.0,0.0,0.25284167683001524,0.0,1.05e-08
8731.0,0.9101189767178011,0.523526933,0.334859324,0.0,0.0,0.5540467673378134,0.5727589682153841,0.0,0.0,0.0,0.0,0.21668675883539654,0.0,101.95967555054783,0.0,1.1102230246251565e-16,0.27886205344675696,0.0,1.05e-08
8732.0,0.9058469822550521,0.541282508,0.329176558,0.0,0.0,0.5728374317924618,0.549696309297987,0.0,0.0,0.0,0.0,0.21668675883539654,0.0,102.06585089928238,0.0,-1.1102230246251565e-16,0.2874721866617881,0.0,1.05e-08
8733.0,0.9172925012542466,0.565011547,0.347687242,0.0,0.0,0.5979497928216181,0.5360294672680251,0.0,0.0,0.0,0.0,0.21668675883539654,0.0,102.17202624680571,0.0,-1.1102230246251565e-16,0.34821577552214444,0.0,1.05e-08
8734.0,0.9489523699919623,0.506987209,0.429273129,0.0,0.0,0.5365428338489521,0.6290962949784067,0.0,0.0,0.0,0.0,0.21668675883539654,0.0,102.27820159311788,0.0,0.0,0.4626398296847489,0.0,1.05e-08
8735.0,0.9805051711992834,0.192456641,0.489195292,0.0,0.0,0.20367620666183398,0.993515723372846,0.0,0.0,0.0,0.0,0.21668675883539654,0.0,102.38437693821888,0.0,0.0,0.25061566108085187,0.0,1.05e-08
8736.0,0.9910534642937703,0.002074793,0.517647773,0.0,0.0,0.0021957463543621054,1.2055444767748047,0.0,0.0,0.0,0.0,0.21668675883539654,0.0,102.49055228210867,0.0,0.0,0.11094783419752474,0.0,1.05e-08
8737.0,0.9932205111089591,0.0,0.522225479,0.0,0.0,0.0,1.2099072699443558,0.0,0.0,0.0,0.0,0.21668675883539654,0.0,102.59672762478729,0.0,0.0,0.11822715573459286,0.0,1.05e-08
8738.0,0.974603608923927,0.0,0.516206284,0.0,0.0,0.0,1.1912903677593234,0.0,0.0,0.0,0.0,0.21668675883539654,0.0,102.70290296625471,0.0,0.0,0.1215359191637706,0.0,1.05e-08
8739.0,0.9434919259418322,0.0,0.509495786,0.0,0.0,0.0,1.1601786847772289,0.0,0.0,0.0,0.0,0.21668675883539654,0.0,102.80907830651097,0.0,0.0,0.13558132758508346,0.0,1.05e-08
8740.0,0.9043394714270946,0.0,0.512783182,0.0,0.0,0.0,1.1210262302624912,0.0,0.0,0.0,0.0,0.21668675883539654,0.0,102.91525364555604,0.0,0.0,0.18309435425497478,0.0,1.05e-08
8741.0,0.8662791057223831,0.0,0.511774518,0.0,0.0,0.0,1.0829658645577798,0.0,0.0,0.0,0.0,0.21668675883539654,0.0,103.02142898338991,0.0,0.0,0.21858946522545097,0.0,1.05e-08
8742.0,0.8379576025823744,0.0,0.507763829,0.0,0.0,0.0,1.054644361417771,0.0,0.0,0.0,0.0,0.21668675883539654,0.0,103.12760432001261,0.0,0.0,0.2367109027888208,0.0,1.05e-08
8743.0,0.8183235588585924,0.0,0.501084373,0.0,0.0,0.0,1.035010317693989,0.0,0.0,0.0,0.0,0.21668675883539654,0.0,103.23377965542412,0.0,0.0,0.23935761859555948,0.0,1.05e-08
8744.0,0.806815940691769,0.0,0.497983187,0.0,0.0,0.0,1.0235026995271657,0.0,0.0,0.0,0.0,0.21668675883539654,0.0,103.33995498962443,0.0,0.0,0.2429782376544103,0.0,1.05e-08
8745.0,0.8052548960986141,0.0,0.499178316,0.0,0.0,0.0,1.0219416549340108,0.0,0.0,0.0,0.0,0.21668675883539654,0.0,103.44613032261358,0.0,0.0,0.24757875855015143,0.0,1.05e-08
8746.0,0.8195419873544842,0.0,0.501165527,0.0,0.0,0.0,1.036228746189881,0.0,0.0,0.0,0.0,0.21668675883539654,0.0,103.55230565439153,0.0,0.0,0.2383455825977665,0.0,1.05e-08
8747.0,0.8506665184402264,0.0,0.499466451,0.0,0.0,0.0,1.0673532772756231,0.0,0.0,0.0,0.0,0.21668675883539654,0.0,103.6584809849583,0.0,0.0,0.20289992698212567,0.0,1.05e-08
8748.0,0.8887632871052722,0.0,0.500347496,0.0,0.0,0.0,1.1054500459406686,0.0,0.0,0.0,0.0,0.21668675883539654,0.0,103.7646563143139,0.0,0.0,0.1670438498231952,0.0,1.05e-08
8749.0,0.9218600021008849,0.0,0.508479288,0.0,0.0,0.0,1.1385467609362816,0.0,0.0,0.0,0.0,0.21668675883539654,0.0,103.87083164245828,0.0,0.0,0.15462807310417048,0.0,1.05e-08
8750.0,0.9502821487194646,0.045171337,0.489573686,0.0,0.0,0.04780467185854785,1.1191642356963132,0.0,0.0,0.0,0.0,0.21668675883539654,0.0,103.9770069693915,0.0,0.0,0.12592948804966264,0.0,1.05e-08
8751.0,0.9708669521131515,0.294649813,0.459935091,0.0,0.0,0.31182689198788793,0.8757268189606601,0.0,0.0,0.0,0.0,0.21668675883539654,0.0,104.08318229511353,0.0,0.0,0.29398942909486603,0.0,1.05e-08
8752.0,0.9787364155971627,0.431657072,0.507115041,0.0,0.0,0.4568212068281611,0.7386019676043982,0.0,0.0,0.0,0.0,0.21668675883539654,0.0,104.18935761962439,0.0,-5.551115123125783e-17,0.5511032858072062,0.0,1.05e-08
8753.0,0.979117576005368,0.46370601,0.524736964,0.0,0.0,0.4907384885881618,0.9031982087906059,0.0,0.19813236253800315,0.0,0.0,0.21668675883539654,0.0,104.29553294292404,0.0,-5.551115123125783e-17,0.43132347645764524,0.0,1.05e-08
8754.0,0.9735414990224115,0.443809602,0.525614577,0.0,0.0,0.46968218787242727,1.0138247172309995,0.0,0.2932786472456189,0.0,0.17831912628420285,0.21668675883539654,0.0,104.40170826501253,0.0,0.0,0.3229289311913872,0.0,1.05e-08
8755.0,0.9638775837289849,0.425151148,0.529964833,0.0,0.0,0.44993600965198155,1.0239069801580187,0.0,0.2932786472456189,0.0,0.44226970638987007,0.21668675883539654,0.0,104.50788358588983,0.0,0.0,0.3239103275197148,0.0,1.05e-08
8756.0,0.9550166749135187,0.420059767,0.534293426,0.0,0.0,0.44454781850741026,1.0204342624871239,0.0,0.2932786472456189,0.0,0.7062199868773154,0.21668675883539654,0.0,104.61405890555594,0.0,0.0,0.3383916106651659,0.0,1.05e-08
8757.0,0.9586591122975467,0.416570925,0.529633261,0.0,0.0,0.4408555889199549,1.0277689294586072,0.0,0.2932786472456189,0.0,0.9701699677468786,0.21668675883539654,0.0,104.72023422401087,0.0,-5.551115123125783e-17,0.3192051175865076,0.0,1.05e-08
8758.0,0.9762802864499082,0.364499742,0.54774422,0.0,0.0,0.3857488335763751,1.1004968589545485,0.0,0.2932786472456189,0.0,1.2341196489989001,0.21668675883539654,0.0,104.82640954125459,0.0,-5.551115123125783e-17,0.2925373461970229,0.0,1.05e-08
8759.0,0.9881926198816235,0.156817898,0.560517304,0.0,0.0,0.16595984651588302,1.332198179446756,0.0,0.2932786472456189,0.0,1.4980690306337199,0.21668675883539654,0.0,104.93258485728715,0.0,0.0,0.09332079189235132,0.0,1.05e-08
